-1.660102087725463491e+02 2.581353794393087924e+02 -3.201620614252825625e+00
-1.659922165162351178e+02 2.581165268297283433e+02 -3.197484595865541124e+00
-1.660280345402892976e+02 2.581018358136834081e+02 -3.203210932970968816e+00
-1.659902794577270697e+02 2.580809413322077148e+02 -3.194732530593042519e+00
-1.660775294696942694e+02 2.591271456689185584e+02 -3.386763089310661723e+00
-1.660738396995624839e+02 2.591084685817855302e+02 -3.384809798457988350e+00
-1.661203093907745654e+02 2.590909402949635023e+02 -3.391532647375711029e+00
-1.660800463644499700e+02 2.590625034520384133e+02 -3.381651589926891521e+00
-1.660783053811386480e+02 2.590433722723387291e+02 -3.379699935469443695e+00
-1.660916238105859293e+02 2.590282588386628504e+02 -3.381130429420386552e+00
-1.660389882457124031e+02 2.581945291797377990e+02 -3.311973347917463339e+00
-1.660270576404913072e+02 2.581754109511501269e+02 -3.308898619897868709e+00
-1.660254017739122503e+02 2.581670374018775078e+02 -3.308472077450911542e+00
-1.660361715596350223e+02 2.581493379886620119e+02 -3.308744098047645465e+00
-1.660203423010219126e+02 2.581311151616438906e+02 -3.304664610513130985e+00
-1.660197547558296947e+02 2.581126751287876004e+02 -3.303762300379771588e+00
-1.660338584368874422e+02 2.580963849796710292e+02 -3.305144026803003676e+00
-1.660199698180777830e+02 2.580776741622150325e+02 -3.302065677336235350e+00
-1.660164614879996918e+02 2.580599200671954350e+02 -3.300160241382938509e+00
-1.660230250728930343e+02 2.580518843872171715e+02 -3.300850465123045474e+00
-1.660461222731739213e+02 2.580346889782142625e+02 -3.303297869522038077e+00
-1.658476845176988377e+02 2.578453059948856207e+02 -3.259675644456411003e+00
-1.658821382394714874e+02 2.578288593444918320e+02 -3.264298257383419610e+00
-1.659765664990156324e+02 2.578219827070377050e+02 -3.280119030688779524e+00
-1.659749966043361553e+02 2.578037343855983181e+02 -3.279214340359247970e+00
-1.659491757641857816e+02 2.577865216579634193e+02 -3.274063295687744457e+00
-1.657687991555291376e+02 2.603975649576747742e+02 -3.520799455975320846e+00
-1.657358078723142683e+02 2.603594985841548919e+02 -3.510533126281670135e+00
-1.657008551894303992e+02 2.603218347260209384e+02 -3.501263620726914105e+00
-1.656702099622577009e+02 2.602853219417154946e+02 -3.491102094461830063e+00
-1.656376031460802665e+02 2.602492131727263995e+02 -3.481937344290586545e+00
-1.656296142708546313e+02 2.602242331743113368e+02 -3.477621577387423280e+00
-1.656070569540124211e+02 2.602028843336443060e+02 -3.471300471427397394e+00
-1.655734808520035983e+02 2.601670162154732111e+02 -3.461134756537130208e+00
-1.655524052811255160e+02 2.601376952268547598e+02 -3.454444722593638772e+00
-1.655862372518628547e+02 2.601335575442398635e+02 -3.459666567457825970e+00
-1.655088768289736265e+02 2.600772268898002153e+02 -3.439958376125574091e+00
-1.655755546991937877e+02 2.600897660446586883e+02 -3.452401783475566699e+00
-1.654801991218473631e+02 2.600248803069213750e+02 -3.429053358059567902e+00
-1.657405089382785377e+02 2.595419879581505143e+02 -3.420817408349703825e+00
-1.657738838425834444e+02 2.591795090874559264e+02 -3.392614452841499872e+00
-1.657954951951990097e+02 2.591754175440743211e+02 -3.395683179953234099e+00
-1.657616925163923725e+02 2.591487324426671535e+02 -3.386966893164465198e+00
-1.657794998258987960e+02 2.591357100944019862e+02 -3.389555689213931799e+00
-1.657799047179792353e+02 2.591171196130667340e+02 -3.387657000667885221e+00
-1.657934145322959694e+02 2.591029721123379090e+02 -3.389137517782637055e+00
-1.660817518499118250e+02 2.590408229937748956e+02 -3.434686901000782555e+00
-1.660895878295798127e+02 2.590237509614424312e+02 -3.434954326583245177e+00
-1.660877479590036501e+02 2.590144316686740353e+02 -3.433478054695052073e+00
-1.660912830957041422e+02 2.589962175451798316e+02 -3.432636389146540346e+00
-1.661024579617522079e+02 2.589805628748355275e+02 -3.433013251575490976e+00
-1.661059934216167733e+02 2.589623503865197449e+02 -3.432171670193520541e+00
-1.661097346049731982e+02 2.589451788323702885e+02 -3.431383131069178916e+00
-1.660693444472171620e+02 2.580135953013476069e+02 -3.359624806499745375e+00
-1.658393722168151214e+02 2.578708554455877220e+02 -3.309876616823485662e+00
-1.658338977035345181e+02 2.578534698873120874e+02 -3.307965850968385801e+00
-1.658847006972231668e+02 2.578475650131070438e+02 -3.316300577073934441e+00
-1.659387225280901248e+02 2.578321749841229007e+02 -3.325214801115984553e+00
-1.660080027207582134e+02 2.578166544362087507e+02 -3.337309703785326320e+00
-1.659645593540323034e+02 2.577979270215535621e+02 -3.328869416189768060e+00
-1.659958812585746557e+02 2.577811082920948706e+02 -3.333435804581866613e+00
-1.656368605692880465e+02 2.605248075517893085e+02 -3.564407012178893552e+00
-1.656094267948589902e+02 2.604994114394446001e+02 -3.556826843076084987e+00
-1.655489022988411705e+02 2.604457580490341115e+02 -3.539455344448854568e+00
-1.655194488578067649e+02 2.604101157321910591e+02 -3.529350089545644664e+00
-1.654784554356003525e+02 2.603676438961060171e+02 -3.516768322197237673e+00
-1.654501584327724402e+02 2.603327079069846377e+02 -3.507713252693200445e+00
-1.654253875794448447e+02 2.603001392767014863e+02 -3.498816870825392389e+00
-1.653871311010406941e+02 2.602612111189408211e+02 -3.487442860091831687e+00
-1.653667284777327495e+02 2.602404500484180971e+02 -3.481176599937090721e+00
-1.657261429252335745e+02 2.590982649852546160e+02 -3.422131565972675649e+00
-1.657264408144651497e+02 2.590894600266090606e+02 -3.421707833371164575e+00
-1.657440534682006614e+02 2.590754405017044633e+02 -3.423244604774600575e+00
-1.657341005906415319e+02 2.590560121472884703e+02 -3.420177974490179018e+00
-1.660833783440777154e+02 2.589206504140969969e+02 -3.472925378630399962e+00
-1.660945535578161980e+02 2.589049975015724954e+02 -3.473302212180524595e+00
-1.660918339258779497e+02 2.588860742984110743e+02 -3.471348901265592701e+00
-1.658362417307728265e+02 2.588147489259745839e+02 -3.417721686096959921e+00
-1.658825602728555850e+02 2.578424184756644308e+02 -3.361081264460521467e+00
-1.659036945153551414e+02 2.578256176981514045e+02 -3.364525087195441966e+00
-1.659042851116520012e+02 2.578079815596061053e+02 -3.363676272321813876e+00
-1.659500869316588876e+02 2.577922532895611880e+02 -3.371473645470044911e+00
-1.659639903635384144e+02 2.577749499021206248e+02 -3.372803456811792167e+00
-1.659386418849095151e+02 2.577652821519154713e+02 -3.368024362260960913e+00
-1.655408976676134785e+02 2.606070560682424571e+02 -3.600261601812927204e+00
-1.654833245540969529e+02 2.605528519887199081e+02 -3.581897470694812569e+00
-1.654890188573395449e+02 2.605352384372789629e+02 -3.581111870575655498e+00
-1.654855447849651853e+02 2.605124659810290950e+02 -3.576958634166550244e+00
-1.654512033036160972e+02 2.604727128735166275e+02 -3.565591655220433420e+00
-1.653917389373975482e+02 2.604295956595085499e+02 -3.549746159879658247e+00
-1.653778996221898865e+02 2.604007791304742909e+02 -3.543169079034033775e+00
-1.653449267761629073e+02 2.603627925706382484e+02 -3.531905387078525749e+00
-1.653303142872977958e+02 2.603352212361287457e+02 -3.525379566323448621e+00
-1.657427497002771872e+02 2.590280108354901927e+02 -3.456971919641034230e+00
-1.657442288663211514e+02 2.590200231747146518e+02 -3.456602258746495515e+00
-1.657534371791147407e+02 2.590047351694175291e+02 -3.456973754611941896e+00
-1.657593204507837754e+02 2.589880851528421317e+02 -3.456237314505354874e+00
-1.658324740593506590e+02 2.578626859084271814e+02 -3.390498388144929542e+00
-1.658763107063856808e+02 2.578473288273841035e+02 -3.398290573801448389e+00
-1.659015511031713288e+02 2.578306825759491403e+02 -3.402792661224894655e+00
-1.659176016276657322e+02 2.578139407384238666e+02 -3.405176845372908101e+00
-1.659178972547489934e+02 2.578051243335292497e+02 -3.404752523605608872e+00
-1.659615369780220533e+02 2.577887708389833961e+02 -3.412493540836374351e+00
-1.659776043839272575e+02 2.577720997140868349e+02 -3.413879956894507739e+00
-1.659721345716748999e+02 2.577547379389051230e+02 -3.411970116817043763e+00
-1.658907391052813978e+02 2.579260083416074849e+02 -3.450342717647903346e+00
-1.659243938693387292e+02 2.579106959924142188e+02 -3.457013542927922511e+00
-1.659619610275190382e+02 2.578945529003886463e+02 -3.463691024456552192e+00
-1.659821180301851768e+02 2.578779672270413812e+02 -3.467133497931000896e+00
-1.659786057738074305e+02 2.578601932675192074e+02 -3.465227218541313992e+00
-1.660146980038302900e+02 2.578520543592798617e+02 -3.472275103869398194e+00
-1.660593025311963515e+02 2.578354375404074403e+02 -3.481016217154561332e+00
-1.660323267291682043e+02 2.578175161763203391e+02 -3.473814105095157867e+00
-1.651718638733476894e+02 2.607161449154876323e+02 -3.659068959157857570e+00
-1.651777683371673220e+02 2.606995825112101102e+02 -3.657336169722888997e+00
-1.651580988567471593e+02 2.606670332586638779e+02 -3.648502220003523533e+00
-1.651616512578553966e+02 2.606488868771220950e+02 -3.646663480747503794e+00
-1.651523255906201086e+02 2.606222720474086145e+02 -3.640248689329779186e+00
-1.651336923160284016e+02 2.606001477080704944e+02 -3.633936674252359111e+00
-1.658111495161064113e+02 2.579158174180599303e+02 -3.492944626957819931e+00
-1.658254455954572961e+02 2.579005105650156224e+02 -3.495377788811182995e+00
-1.658907839283238843e+02 2.578856888410397801e+02 -3.508461422824121989e+00
-1.659393968191250224e+02 2.578790390648325115e+02 -3.518736287240047833e+00
-1.659380330749756070e+02 2.578618338383308810e+02 -3.517884750388218240e+00
-1.659622970636427510e+02 2.578454068987276742e+02 -3.522385645450809122e+00
-1.659720807044149637e+02 2.578278897703358439e+02 -3.523655504115938975e+00
-1.659492074834914774e+02 2.578101073125184826e+02 -3.517510906543168225e+00
-1.659517557125050189e+02 2.577920618356668570e+02 -3.516665613920433753e+00
-1.652639410745324255e+02 2.607960686403254726e+02 -3.740189677210654207e+00
-1.652417391310904975e+02 2.607610091251881954e+02 -3.730200569409380051e+00
-1.652441347708282251e+02 2.607421547807463185e+02 -3.727311560587645900e+00
-1.652254404020918628e+02 2.607093808869706777e+02 -3.718478585645290657e+00
-1.652103371587475067e+02 2.606896423172958634e+02 -3.712326149120273477e+00
-1.652220931743187009e+02 2.606769208386475611e+02 -3.712854843116444759e+00
-1.652071099370209879e+02 2.606474613071070507e+02 -3.705230418618746135e+00
-1.652024732812720060e+02 2.606239514342949519e+02 -3.700025814346608044e+00
-1.651945129148724618e+02 2.605991009769833795e+02 -3.694714889642675359e+00
-1.651853878407272873e+02 2.605735023547297828e+02 -3.688352103509929147e+00
-1.651693053754558775e+02 2.605539676303155829e+02 -3.682197741147713366e+00
-1.651775437895767595e+02 2.605389098047164111e+02 -3.681568407465770409e+00
-1.651815096482801266e+02 2.607764829445517876e+02 -3.764248493698891362e+00
-1.651628312661396762e+02 2.607437776951393289e+02 -3.754417638316043693e+00
-1.651615767300845619e+02 2.607322578421091066e+02 -3.752841002843213314e+00
-1.651405446239678270e+02 2.606979602088647425e+02 -3.742903705254185809e+00
-1.651417603056893881e+02 2.606782940098274821e+02 -3.739960907849851690e+00
-1.651453249517590791e+02 2.606601973425340475e+02 -3.737123492812115533e+00
-1.651373666651779502e+02 2.606353561799247700e+02 -3.731813109153748087e+00
-1.651198384927435256e+02 2.606033232854102835e+02 -3.723030875436728504e+00
-1.651936256877657740e+02 2.607816403969737280e+02 -3.814712154640272690e+00
-1.651829438133917449e+02 2.607533096623769211e+02 -3.807195567602652986e+00
-1.651806503893630804e+02 2.607313525559118261e+02 -3.803096478718916984e+00
-1.651924063172722299e+02 2.607186281757515758e+02 -3.803625148617392426e+00
-1.651657257476387031e+02 2.606815184473360318e+02 -3.791478843581053582e+00
-1.651564026186574097e+02 2.606549176884551002e+02 -3.785064594439659480e+00
-1.651552789471783740e+02 2.606337195740569541e+02 -3.781017053555947083e+00
-1.651427138965272547e+02 2.606165202534414220e+02 -3.776020849362573983e+00
-1.651312515928308926e+02 2.605894004612852655e+02 -3.768553872844861985e+00
-1.651406647900135738e+02 2.605751283098977638e+02 -3.767977338252651354e+00
-1.651303625307161838e+02 2.605487318605497649e+02 -3.761561246850273488e+00
-1.651763160337432055e+02 2.607667239097942229e+02 -3.851820455570357460e+00
-1.651632833884218883e+02 2.607368169616488558e+02 -3.844198136345644112e+00
-1.651621639195186333e+02 2.607156401104132897e+02 -3.840151570569703132e+00
-1.651645560030086415e+02 2.606967677731656750e+02 -3.837261754973280148e+00
-1.651644748127464766e+02 2.606860287813177024e+02 -3.835737664960018112e+00
-1.651260900776147480e+02 2.606412330548382101e+02 -3.819067937953354530e+00
-1.651284782340835022e+02 2.606223408501665517e+02 -3.816177338449173284e+00
-1.651156374544287075e+02 2.605934047249754713e+02 -3.808605109159560964e+00
-1.651043773648644333e+02 2.605673081106982067e+02 -3.801190320619949770e+00
-1.651783396531875496e+02 2.607879830516843072e+02 -3.911952686182233130e+00
-1.651524478805908132e+02 2.607496924758566479e+02 -3.898757025317145519e+00
-1.651653654166095464e+02 2.607377005833515682e+02 -3.900337286808083448e+00
-1.652371209493992978e+02 2.605590366105700468e+02 -3.884536311637130979e+00
-1.652580405356850122e+02 2.605514497280436217e+02 -3.888431689092083587e+00
-1.652697972915305229e+02 2.605387307668654557e+02 -3.888960634972495445e+00
-1.652801748356434075e+02 2.605241917467875510e+02 -3.889383897585815486e+00
-1.653079233945711337e+02 2.605202316055049323e+02 -3.895542453470704380e+00
-1.652953635232739487e+02 2.605030462500446333e+02 -3.889545912441397579e+00
-1.653254650659036429e+02 2.605006759751236700e+02 -3.895810658648226621e+00
-1.653198508500436787e+02 2.604773795829847813e+02 -3.890604382834548680e+00
-1.653165749717259132e+02 2.604556099670745084e+02 -3.886502585976834290e+00
-1.652949635947778688e+02 2.604235264201880682e+02 -3.875665722074220110e+00
-1.651989397672384712e+02 2.608569309180218738e+02 -3.984645720038275218e+00
-1.651798750252426089e+02 2.608222584866049942e+02 -3.973712792157565676e+00
-1.651750573623565401e+02 2.607978204913363811e+02 -3.967459180512125982e+00
-1.651632022729609730e+02 2.607687132449036653e+02 -3.959890143690113273e+00
-1.651831566351569620e+02 2.607613887927261658e+02 -3.962785495487494813e+00
-1.651561674812382421e+02 2.607330323679016146e+02 -3.951060377709553872e+00
-1.651421733109034164e+02 2.607034065612304516e+02 -3.942438518501543587e+00
-1.651466987002165183e+02 2.606850235670775646e+02 -3.940600379488959248e+00
-1.651340792158745217e+02 2.606571949209650825e+02 -3.932083144273728958e+00
-1.651376432170593205e+02 2.606390949891576838e+02 -3.929245441845647058e+00
-1.651084260287859991e+02 2.605994417387495901e+02 -3.914941986957776621e+00
-1.651098407346653687e+02 2.605807838077984115e+02 -3.912050726500874376e+00
-1.651111355275523067e+02 2.605718473088282394e+02 -3.910631418535605697e+00
-1.651938887586892690e+02 2.606039722003210386e+02 -3.937247805284415314e+00
-1.652159807273895922e+02 2.605971588449664296e+02 -3.941195356591937760e+00
-1.652357355098185963e+02 2.605888245416202835e+02 -3.944038967652812477e+00
-1.652486551276501245e+02 2.605768431785053849e+02 -3.945619413042582124e+00
-1.652568974687922605e+02 2.605618052203302568e+02 -3.944990863268397874e+00
-1.652165730507794024e+02 2.605174876293217494e+02 -3.926318799245538393e+00
-1.651829439545772402e+02 2.607455126754209118e+02 -4.019083041159922765e+00
-1.651710974177318008e+02 2.607164352324809329e+02 -4.010514485685074071e+00
-1.651362425775133431e+02 2.606740245836383565e+02 -3.994004122573543647e+00
-1.651808490605593818e+02 2.606108643847219355e+02 -3.992490043891852025e+00
-1.652216591947829443e+02 2.606163110027475227e+02 -4.004274129960485595e+00
-1.652345903151367281e+02 2.606043768276462629e+02 -4.004855826270193653e+00
-1.652599830756619212e+02 2.605988125764328061e+02 -4.010907339324592868e+00
-1.651802653067880158e+02 2.605304009483089089e+02 -3.977560469846819657e+00
-1.651966710876999400e+02 2.607898580357816627e+02 -4.078479850974503051e+00
-1.651930265442754830e+02 2.607661985253160992e+02 -4.072278546058722526e+00
-1.651743607325957726e+02 2.607335434081713288e+02 -4.061449099035644217e+00
-1.651742931760622923e+02 2.607228599271631424e+02 -4.058926574872094406e+00
-1.651497731303155945e+02 2.606863527700859891e+02 -4.045834947088075673e+00
-1.651510011008296033e+02 2.606667377360529940e+02 -4.041893485950874165e+00
-1.651430569141402032e+02 2.606419532118580378e+02 -4.035584609769182762e+00
-1.651197035233014390e+02 2.606061906042488090e+02 -4.022543903002103960e+00
-1.651686978656487952e+02 2.606169749541017495e+02 -4.037692889206841329e+00
-1.651851401228992131e+02 2.606073431906162341e+02 -4.039431227481943054e+00
-1.652037885173501763e+02 2.606089084761790104e+02 -4.044744541880245237e+00
-1.651702972296615997e+02 2.605682398877463015e+02 -4.028336321753199556e+00
-1.650983766641711838e+02 2.605031955449314296e+02 -3.997251992523321640e+00
-1.650927595401757060e+02 2.604798819843396700e+02 -3.992045316332450966e+00
-1.651052168200912718e+02 2.605643369931237316e+02 -4.062384177040195610e+00
-1.651366693510743175e+02 2.605636549919463505e+02 -4.069749717325203520e+00
-1.651449075835869280e+02 2.605485950177219365e+02 -4.069120275994406732e+00
-1.651536332425528997e+02 2.603396520882475897e+02 -4.032047568325062947e+00
-1.654066802228190340e+02 2.608897686335475328e+02 -4.247141278623319138e+00
-1.651501829675060264e+02 2.606998368960938706e+02 -4.138610799955257491e+00
-1.651490743131307397e+02 2.606787025205235864e+02 -4.133565126131429679e+00
-1.651349546362955891e+02 2.606587710773149524e+02 -4.126414181261747416e+00
-1.651001183276618747e+02 2.606164297112804888e+02 -4.107905153632197326e+00
-1.651048433905177717e+02 2.605990570413330261e+02 -4.106118660346440130e+00
-1.651180214643652846e+02 2.605677001357828999e+02 -4.102756441175130497e+00
-1.651494627191574409e+02 2.605669733229710801e+02 -4.111120969270109171e+00
-1.651206574453735527e+02 2.605293920674790229e+02 -4.095922273749348363e+00
-1.650720687922021170e+02 2.604689889431714391e+02 -4.071360193792998849e+00
-1.653829000571585937e+02 2.608112769413577894e+02 -4.291091296573022795e+00
-1.651929802342694416e+02 2.606799515971553092e+02 -4.210265585524021859e+00
-1.651942096851616668e+02 2.606603428239861273e+02 -4.206324449594462500e+00
-1.652246698693108442e+02 2.606598215106276371e+02 -4.215687897204325019e+00
-1.651980208201058531e+02 2.606228333113460849e+02 -4.200544206109332990e+00
-1.651202963362602816e+02 2.605541547809741587e+02 -4.164204548953145846e+00
-1.651158703034728887e+02 2.605316983942161642e+02 -4.158052816074480518e+00
-1.651139855177405877e+02 2.605117954772053963e+02 -4.153057692372225773e+00
-1.651380777102626780e+02 2.605151385078183353e+02 -4.160527367589736514e+00
-1.651164868440367002e+02 2.604831477237166837e+02 -4.148693623017367216e+00
-1.651120566562830163e+02 2.604606703132359371e+02 -4.142540807997458607e+00
-1.651298517455821582e+02 2.604527483884422168e+02 -4.146381628573941214e+00
-1.650989103499012458e+02 2.604146513076860288e+02 -4.129129553861042190e+00
-1.650923286463599879e+02 2.603916058938040123e+02 -4.122922782281269072e+00
-1.655297239654227610e+02 2.609004262373882739e+02 -4.411386060413263976e+00
-1.655494818872601854e+02 2.608921188254665822e+02 -4.415231636809817672e+00
-1.655594832309883486e+02 2.608756640263923146e+02 -4.414555234044898135e+00
-1.655511740737683795e+02 2.608490095271620248e+02 -4.406147514090366535e+00
-1.653322093325175786e+02 2.606995259263868547e+02 -4.311064824717022681e+00
-1.653350121603130276e+02 2.609264328675774323e+02 -4.424257218694364724e+00
-1.653535860645575042e+02 2.609172918302938342e+02 -4.428047888860970893e+00
-1.653628122018681097e+02 2.609020719416370184e+02 -4.427422336197032848e+00
-1.653730711658676569e+02 2.608972623304024978e+02 -4.429318197660155221e+00
-1.653834602127737980e+02 2.608827802792487773e+02 -4.429744037472103102e+00
-1.654076952864377859e+02 2.608765033844323966e+02 -4.434745219070851618e+00
-1.654260695588056649e+02 2.608663534649349458e+02 -4.438484434145374635e+00
-1.654107453815725819e+02 2.608351198337274468e+02 -4.426763694048430509e+00
-1.654304979497338195e+02 2.608267841044826127e+02 -4.430607935188735524e+00
-1.654430224273852446e+02 2.608128033736482507e+02 -4.432085707060833712e+00
-1.654314731964898044e+02 2.607955486555692346e+02 -4.424095246230872469e+00
-1.654486855330839319e+02 2.607846658216328137e+02 -4.426782964157342626e+00
-1.654530205845478008e+02 2.607653197307527648e+02 -4.424894774822989874e+00
-1.654655572126632421e+02 2.607513882382085058e+02 -4.425374025451683124e+00
-1.654295725020948851e+02 2.607083714240131940e+02 -4.404815280640848485e+00
-1.650932795040863255e+02 2.604856224534204898e+02 -4.254659265450559502e+00
-1.650782016767765299e+02 2.604659769890325833e+02 -4.245508332005564434e+00
-1.650899375971222582e+02 2.604531648499717562e+02 -4.247034014885615605e+00
-1.650753826324749127e+02 2.604258356024929526e+02 -4.236515417761959945e+00
-1.650882937544359379e+02 2.604138100257784458e+02 -4.238093948392179122e+00
-1.650943919812402214e+02 2.603982268135342792e+02 -4.236411563256815782e+00
-1.651154971011245038e+02 2.603915909547268939e+02 -4.241356947830751345e+00
-1.651089148004783453e+02 2.603685412898473714e+02 -4.235149960388000068e+00
-1.651205354675702210e+02 2.603654753902939660e+02 -4.238148869716321876e+00
-1.651755243684271477e+02 2.609293957284438648e+02 -4.428430455201300298e+00
-1.651942930929808426e+02 2.609212404643174068e+02 -4.432271984825669975e+00
-1.652107262961361585e+02 2.609115726733743941e+02 -4.435009768945362474e+00
-1.652141115977768777e+02 2.608925562960349680e+02 -4.431123719862190669e+00
-1.652056733778088642e+02 2.608755781674614695e+02 -4.424186107471298257e+00
-1.652195670449483771e+02 2.608633655615430484e+02 -4.425767489180342018e+00
-1.652381350355777840e+02 2.608541946063249952e+02 -4.429556977473414925e+00
-1.652333333592876272e+02 2.608298252554195642e+02 -4.422305485387482804e+00
-1.652593077141314382e+02 2.608272270627309695e+02 -4.430511305386746201e+00
-1.652578136679496765e+02 2.608041304048485358e+02 -4.424363930621942664e+00
-1.652705458579214621e+02 2.607911884346979718e+02 -4.424893994974538280e+00
-1.652704813514201589e+02 2.607805191568488681e+02 -4.422372204827545339e+00
-1.652822300656016523e+02 2.607677717475065151e+02 -4.423900742068813230e+00
-1.652854089103115314e+02 2.607477094929769237e+02 -4.419961220207762054e+00
-1.653065214243595449e+02 2.607411085870444367e+02 -4.424908290423712032e+00
-1.653017141112816262e+02 2.607167119457095055e+02 -4.417655510046158085e+00
-1.653214491648591888e+02 2.607083010717977345e+02 -4.422497413452783910e+00
-1.653226836076543123e+02 2.606887163245441457e+02 -4.418557278424501966e+00
-1.653179404348042851e+02 2.606749858780453906e+02 -4.413826132449919726e+00
-1.653353383527769154e+02 2.606650530813444107e+02 -4.417563929022739089e+00
-1.653143615600170904e+02 2.606309741101714508e+02 -4.402631892065702601e+00
-1.651450738707260939e+02 2.605060342217275320e+02 -4.322375272271667512e+00
-1.650909555493379912e+02 2.604537152266602789e+02 -4.294132476063330373e+00
-1.650761967606816825e+02 2.604253534228586204e+02 -4.283560972460653815e+00
-1.650752776622151430e+02 2.604051781845536766e+02 -4.278564906439610738e+00
-1.650753932326896916e+02 2.603954347827764195e+02 -4.277092061826095915e+00
-1.650824619047742488e+02 2.603796033214066483e+02 -4.275409734707951159e+00
-1.650622507653961293e+02 2.603494229622281182e+02 -4.262680241221052491e+00
-1.651016185001688541e+02 2.602958997107680261e+02 -4.264574207222299407e+00
-1.651329311971864229e+02 2.603048750660844917e+02 -4.276411330132015465e+00
-1.651308001480145151e+02 2.607599438888589134e+02 -4.429652609386353745e+00
-1.651600778827814224e+02 2.607585968865908512e+02 -4.438961678632446173e+00
-1.651436505936627839e+02 2.607372696429201824e+02 -4.428710288340706569e+00
-1.651518940474664987e+02 2.607222348567530048e+02 -4.428082027087407724e+00
-1.651578114941866318e+02 2.607057259013530484e+02 -4.425350813780020154e+00
-1.651695550409707778e+02 2.606929498889946331e+02 -4.426878123363780837e+00
-1.651927955486613939e+02 2.606868126767486729e+02 -4.432875546981225767e+00
-1.651846865236601047e+02 2.606611598191731787e+02 -4.423518683388111938e+00
-1.652104580670965106e+02 2.606575354235316127e+02 -4.431671920985457369e+00
-1.651975362275908310e+02 2.606384830499213194e+02 -4.422576229515486901e+00
-1.652046039257837435e+02 2.606226588982448220e+02 -4.421894976226520946e+00
-1.652313612547682453e+02 2.606188516274839344e+02 -4.429050223067510395e+00
-1.652220608599474758e+02 2.605923414145736956e+02 -4.420638284515867156e+00
-1.652373312025600001e+02 2.605819360314103506e+02 -4.422324450068939150e+00
-1.652617404827948064e+02 2.605765675493997264e+02 -4.429374614622962447e+00
-1.652456250230015655e+02 2.605464887219045522e+02 -4.417701195187531127e+00
-1.652502321102356007e+02 2.605388485150892279e+02 -4.417387099889078073e+00
-1.651330107298577161e+02 2.604506249103898199e+02 -4.359584886665778924e+00
-1.650594030112295059e+02 2.603872887264662381e+02 -4.322556113514584908e+00
-1.650690145923556713e+02 2.603740191443328058e+02 -4.322030828429348048e+00
-1.650624426386312393e+02 2.603510108217010952e+02 -4.314824910369008393e+00
-1.650699065402721999e+02 2.603371914163160454e+02 -4.314246488087657205e+00
-1.650701467444870616e+02 2.603177369975062447e+02 -4.310301174354970399e+00
-1.650784557218937323e+02 2.603133766341633759e+02 -4.312194848714817397e+00
-1.650718800748659589e+02 2.602903496237780701e+02 -4.304987968751150085e+00
-1.650746631421265818e+02 2.602734556246841748e+02 -4.302199863588419326e+00
-1.650962662943386761e+02 2.605955313404206208e+02 -4.423239072280113149e+00
-1.651011948162028489e+02 2.605791893755494470e+02 -4.421505032111253897e+00
-1.651069027085209200e+02 2.605616188744368742e+02 -4.418719897603741842e+00
-1.650966379234901069e+02 2.605353753083060155e+02 -4.409307911708250316e+00
-1.651050785071904272e+02 2.605213392069083511e+02 -4.408730813484191380e+00
-1.651180649906747249e+02 2.605200366007672983e+02 -4.412833662184212358e+00
-1.651146090814468153e+02 2.604973303355482130e+02 -4.406681784098961607e+00
-1.651448651600891537e+02 2.604957762726800752e+02 -4.415992431698004594e+00
-1.651369348331887750e+02 2.604710398547936734e+02 -4.407684033817245606e+00
-1.651685491482224677e+02 2.604712229731428010e+02 -4.419098332386759864e+00
-1.651386061514893413e+02 2.604329958232929698e+02 -4.399849568293914714e+00
-1.651423675611821977e+02 2.604158947577560639e+02 -4.397063160541398119e+00
-1.650939720104658761e+02 2.603770920262381310e+02 -4.372552027420476328e+00
-1.650585604486404350e+02 2.603369752944259972e+02 -4.352143034211255035e+00
-1.650440082150903152e+02 2.603096476256227447e+02 -4.340623582047975049e+00
-1.650659856969380996e+02 2.602660959537951726e+02 -4.338781628368542975e+00
-1.652962178800019046e+02 2.600232316740020906e+02 -4.366883597863210120e+00
-1.653551269947892877e+02 2.600326870546497844e+02 -4.389095264566542198e+00
-1.653766927281729977e+02 2.600335612058695460e+02 -4.396412313927005044e+00
-1.653940961841461217e+02 2.600236601127263043e+02 -4.400151136729562928e+00
-1.653808795938404899e+02 2.599979590039018831e+02 -4.390730348907309732e+00
-1.653770328018925966e+02 2.599784482130817764e+02 -4.385730685863345357e+00
-1.653852580037247435e+02 2.599633357764633956e+02 -4.386099596877601314e+00
-1.653934954497967169e+02 2.599482730511718955e+02 -4.385469891638771323e+00
-1.653960734835541189e+02 2.599303440649480308e+02 -4.382628746039502587e+00
-1.653839052451414773e+02 2.599151293228503619e+02 -4.375732697944592076e+00
-1.653923350155865819e+02 2.599010519775537773e+02 -4.376154410150318697e+00
-1.653592360741918128e+02 2.598675027552547476e+02 -4.358098409652326310e+00
-1.650431824415969686e+02 2.603525625149269445e+02 -4.398766963299584276e+00
-1.650483536666689872e+02 2.603167653101704673e+02 -4.392086991857557798e+00
-1.650465368082437294e+02 2.603075477487861917e+02 -4.389614369451923181e+00
-1.651238355266800113e+02 2.601156752767279841e+02 -4.374248723231551672e+00
-1.651434434118712886e+02 2.601169613636236022e+02 -4.381562255837859965e+00
-1.651405682685841612e+02 2.600972071829602328e+02 -4.376562903876008548e+00
-1.651659427252992032e+02 2.600915760311608551e+02 -4.384613201121073445e+00
-1.651778841390269577e+02 2.600798036612031865e+02 -4.386191806611165589e+00
-1.651837724850377924e+02 2.600631597082290227e+02 -4.384455297101985671e+00
-1.652070140485399179e+02 2.600570413040213111e+02 -4.391454264091863458e+00
-1.651860165751240572e+02 2.600280285457257605e+02 -4.377771694311586081e+00
-1.651954946467957370e+02 2.600244385419536570e+02 -4.380718312831815453e+00
-1.652013823450352845e+02 2.600077913127797160e+02 -4.378981754046816555e+00
-1.652076679488624507e+02 2.599931709082923703e+02 -4.378349737974948752e+00
-1.652149258029554346e+02 2.599783101565646461e+02 -4.377718070237219372e+00
-1.652212114067826008e+02 2.599636897520773005e+02 -4.377086054165351570e+00
-1.652282640906576034e+02 2.599477908664248957e+02 -4.376401547984123397e+00
-1.652265487623812135e+02 2.599287588664280975e+02 -4.372452901961384697e+00
-1.652381784822255497e+02 2.599257399953231698e+02 -4.375453632220229316e+00
-1.652579070233996106e+02 2.599173084053172715e+02 -4.381295047543780186e+00
-1.652460635048802544e+02 2.598933950610788770e+02 -4.371978522385177257e+00
-1.652611061259953260e+02 2.598818643784117626e+02 -4.375609348935751264e+00
-1.652627047971619731e+02 2.598641385278933740e+02 -4.372766420013804556e+00
-1.652701680954137657e+02 2.598503185259094153e+02 -4.372187722416011724e+00
-1.652783866925797156e+02 2.598351726732457223e+02 -4.372555152142596491e+00
-1.652798773674301458e+02 2.598272285460852800e+02 -4.371186801621458784e+00
-1.652781584798491679e+02 2.598081797675203575e+02 -4.367237408377717678e+00
-1.653021681774264948e+02 2.598008041361897540e+02 -4.375185190566254434e+00
-1.652872063583761246e+02 2.597765748598144455e+02 -4.364813917159398926e+00
-1.653289685697046139e+02 2.597765620833236540e+02 -4.379344870398978351e+00
-1.653073714950010071e+02 2.597496837982175180e+02 -4.366760989398838610e+00
-1.653209398879108107e+02 2.597461694431237333e+02 -4.370762346764399453e+00
-1.653303255004153698e+02 2.597317834323265515e+02 -4.372182298638009001e+00
-1.653520082720834239e+02 2.597229277514300634e+02 -4.378026709685673978e+00
-1.653216437869033086e+02 2.596929071618250759e+02 -4.361177756939037309e+00
-1.653312342865143307e+02 2.596795603118462168e+02 -4.362650594220772504e+00
-1.653417982828810295e+02 2.596659794217438275e+02 -4.364124104479019550e+00
-1.655489172840254923e+02 2.567228945169132999e+02 -4.248945714981150701e+00
-1.655694092206150287e+02 2.567029196442509829e+02 -4.258232427818721355e+00
-1.654383001028780598e+02 2.567358041972490241e+02 -4.257268306073966002e+00
