-1.661159601872226403e+02 2.621644962798590086e+02 -3.027818456787937151e+00
-1.660661284728376188e+02 2.621236284580519964e+02 -3.020219106148286592e+00
-1.661122020754619086e+02 2.620004496887841015e+02 -3.014718997582578552e+00
-1.661208001174894946e+02 2.619768226959878916e+02 -3.013661300259762754e+00
-1.661424172552511891e+02 2.619468519808028191e+02 -3.013447087854854267e+00
-1.662204274578056982e+02 2.618927201549557253e+02 -3.016716420020017164e+00
-1.662439682656150239e+02 2.618828673561808387e+02 -3.017511338756901029e+00
-1.662496889207457684e+02 2.618653347616782980e+02 -3.016718670890256693e+00
-1.662567916136909218e+02 2.618496417041859559e+02 -3.016032499747965723e+00
-1.662610022787360435e+02 2.618140934569239562e+02 -3.014338543407018900e+00
-1.662687583628080006e+02 2.618068924948904623e+02 -3.014076566531209700e+00
-1.662877936514818202e+02 2.617948673915272479e+02 -3.014711823129479829e+00
-1.663144563766064437e+02 2.617853524779744134e+02 -3.016561048800090461e+00
-1.663291879863804184e+02 2.617721746576735313e+02 -3.017089115083602557e+00
-1.663196440995147043e+02 2.617495856637337397e+02 -3.014867926436500145e+00
-1.657644147110500228e+02 2.627663355292921779e+02 -3.147334766076129053e+00
-1.657322273003261728e+02 2.627270761400370702e+02 -3.140017983864321849e+00
-1.657415503397520240e+02 2.627226570420953635e+02 -3.139911380960865195e+00
-1.657369087978420339e+02 2.626990790308738042e+02 -3.137696774654385123e+00
-1.657209417402580982e+02 2.626697357910143182e+02 -3.133062255365220761e+00
-1.657303884660308881e+02 2.626555921777357412e+02 -3.132479470771474261e+00
-1.663354151628183502e+02 2.609350450871096427e+02 -3.056243138115159574e+00
-1.657549993984511332e+02 2.629055093684189046e+02 -3.229158772367451746e+00
-1.657574150625413552e+02 2.628867108416697533e+02 -3.227262071192165127e+00
-1.663053393973020491e+02 2.607725275096837549e+02 -3.108012324516071789e+00
-1.663314211335109007e+02 2.607600716701120405e+02 -3.110710473461526071e+00
-1.657716436903488386e+02 2.630110626573790000e+02 -3.273595253062574706e+00
-1.657563403759165794e+02 2.629902665231196011e+02 -3.269387428643357296e+00
-1.657505494648895308e+02 2.629660206095604735e+02 -3.266124118748264138e+00
-1.657459318543777442e+02 2.629425559393844196e+02 -3.262913244523134360e+00
-1.657563566411512284e+02 2.629282037806875678e+02 -3.262331297314934542e+00
-1.657552491778949388e+02 2.629070451527624073e+02 -3.260276794819445101e+00
-1.657273838618236539e+02 2.628690201270081843e+02 -3.252069651162834418e+00
-1.663803241497547560e+02 2.607343971968637106e+02 -3.145067888473727535e+00
-1.657631393694382211e+02 2.632434471607735418e+02 -3.430110084091364975e+00
-1.657712892976017542e+02 2.632382465456588534e+02 -3.429950914674154472e+00
-1.657680398097863872e+02 2.633360268831359576e+02 -3.482785430410370697e+00
-1.657546986057093932e+02 2.633148428200706235e+02 -3.478580682568047422e+00
-1.657709872411896868e+02 2.633043939918651404e+02 -3.479261017372052400e+00
-1.657574008127330387e+02 2.632715953670240765e+02 -3.472479490542275560e+00
-1.665462087568656955e+02 2.621065807224882747e+02 -3.452578280521755083e+00
-1.665819793835250096e+02 2.620605132095095087e+02 -3.453740930524800135e+00
-1.663593873095626066e+02 2.605518457914805026e+02 -3.290084130019598874e+00
-1.663766504863648095e+02 2.605360142312196103e+02 -3.291512784700977523e+00
-1.664398943641652124e+02 2.605260032602606088e+02 -3.301770973182476254e+00
-1.659437185046229786e+02 2.641210404846205506e+02 -3.724800426399260900e+00
-1.659208392048126086e+02 2.640876340839740806e+02 -3.716874244371022318e+00
-1.659000646137015451e+02 2.640442031040472557e+02 -3.707477601554991509e+00
-1.658941207814635845e+02 2.640139916063182000e+02 -3.701912498015308195e+00
-1.658782194045044207e+02 2.639746086861381400e+02 -3.693774752935466754e+00
-1.658648489683392597e+02 2.639377333049263257e+02 -3.686792058603245437e+00
-1.658551822634175323e+02 2.639041453504633523e+02 -3.681016777331302947e+00
-1.658431794381229736e+02 2.638690399835198832e+02 -3.674137816904277543e+00
-1.658210874966789277e+02 2.638396289157788033e+02 -3.666418650064239060e+00
-1.658237188159531001e+02 2.638167425674045603e+02 -3.663319560591834723e+00
-1.658419602185099961e+02 2.638058571540310595e+02 -3.664000799420191079e+00
-1.658242993345335492e+02 2.637678917912816132e+02 -3.655912988364035776e+00
-1.658173566405326085e+02 2.637377926188739252e+02 -3.651343786258489210e+00
-1.658164771637318609e+02 2.637125981688279808e+02 -3.647088274734430868e+00
-1.658060243180005671e+02 2.636801941653952213e+02 -3.641362820871629769e+00
-1.657946550592328094e+02 2.636586639712317606e+02 -3.636162290550537524e+00
-1.657916263867914211e+02 2.636329078151114231e+02 -3.631853839565807096e+00
-1.657860496523265681e+02 2.636045678094581604e+02 -3.627387991155536007e+00
-1.657830178392229357e+02 2.635787981808946938e+02 -3.623079131552194632e+00
-1.657512870473225632e+02 2.635314822511514876e+02 -3.612362264095051234e+00
-1.657433698205438759e+02 2.635016014103244402e+02 -3.606791818149856166e+00
-1.657463880687210462e+02 2.634806790853098732e+02 -3.603794990464074477e+00
-1.657426289307524883e+02 2.634667511844346564e+02 -3.601062069083235340e+00
-1.657302157709850121e+02 2.634347442268262398e+02 -3.595333893981186524e+00
-1.657236558211600652e+02 2.634065853723984105e+02 -3.590866083019473187e+00
-1.656790362677203348e+02 2.633507355196998105e+02 -3.576573275010982211e+00
-1.656160638057523329e+02 2.632067796557942643e+02 -3.546713741057433200e+00
-1.656419130646700353e+02 2.632034862789127487e+02 -3.549862529456661697e+00
-1.656287112344957109e+02 2.631726492002772488e+02 -3.544183630885445524e+00
-1.656592450042250846e+02 2.631724472710091618e+02 -3.548541386481261384e+00
-1.664686011735217051e+02 2.626762739661916157e+02 -3.608815270710059586e+00
-1.664741523680343107e+02 2.626578730663087526e+02 -3.606974924642547986e+00
-1.664492761543546067e+02 2.626350322791110443e+02 -3.600552639530318899e+00
-1.662626898857944013e+02 2.621788419299373913e+02 -3.518873083928496293e+00
-1.663432063280164073e+02 2.621840838698747689e+02 -3.533095334970586698e+00
-1.663577332467474719e+02 2.621698719894926057e+02 -3.533569937161544772e+00
-1.663679577302626171e+02 2.621545137042969600e+02 -3.533937588172237021e+00
-1.663658749893391757e+02 2.621335696330015139e+02 -3.530882391301767509e+00
-1.663827465477535839e+02 2.621209184051189141e+02 -3.532462506278024605e+00
-1.663308129831243605e+02 2.620796873409837531e+02 -3.519814689338633507e+00
-1.664019068997174600e+02 2.620991770091389412e+02 -3.532622006548013172e+00
-1.663886680641702469e+02 2.620733358091406444e+02 -3.528193997225844925e+00
-1.663468975324650785e+02 2.620371448698002723e+02 -3.517916070578689602e+00
-1.662953590436603406e+02 2.619979216433131910e+02 -3.505372075001193188e+00
-1.662614068660820408e+02 2.619652075113020828e+02 -3.496358452333159228e+00
-1.662837467746044808e+02 2.619544508671369272e+02 -3.499097395618824269e+00
-1.662730563125469416e+02 2.619311987975347051e+02 -3.494826990678765455e+00
-1.662943020755413670e+02 2.619304150256378989e+02 -3.498042333797643622e+00
-1.662890826817624941e+02 2.619090713350549890e+02 -3.494931236728458401e+00
-1.663135776292948549e+02 2.618989072894904098e+02 -3.497724546152870762e+00
-1.663702697444198293e+02 2.615967205504001072e+02 -3.477562148848132306e+00
-1.662955056896556130e+02 2.615637486254097439e+02 -3.462051871694464378e+00
-1.663080838090560007e+02 2.615499910018249352e+02 -3.462526316483518052e+00
-1.662956164048496532e+02 2.615280761183480536e+02 -3.459303233324200200e+00
-1.662451903826178636e+02 2.608060048040105130e+02 -3.390304816058163251e+00
-1.662554126127559186e+02 2.607906375574325466e+02 -3.390673188550221262e+00
-1.662846123919426589e+02 2.607785024046198714e+02 -3.394424803080832831e+00
-1.662873970058670636e+02 2.607615909495364122e+02 -3.393629556864720787e+00
-1.663098125982961335e+02 2.607564070619267795e+02 -3.397642193448766612e+00
-1.663210142368518234e+02 2.607408405781711735e+02 -3.398012121159663668e+00
-1.662869443686663544e+02 2.604435784666460449e+02 -3.372055601895046717e+00
-1.663750409911015424e+02 2.604355861816347897e+02 -3.386706089286988686e+00
-1.664303321335402757e+02 2.604317673972910825e+02 -3.396173088349963454e+00
-1.659042856837589568e+02 2.642267651606412073e+02 -3.797634484604522243e+00
-1.658792309307880828e+02 2.641771127125937824e+02 -3.785876983258877448e+00
-1.658715234353118433e+02 2.641431221054835419e+02 -3.780104131292927772e+00
-1.658677299544843606e+02 2.641134769460090865e+02 -3.774592091811725059e+00
-1.658460248763611560e+02 2.640808564640636860e+02 -3.766718529204215571e+00
-1.658422281717719500e+02 2.640511949424590625e+02 -3.761205816831859394e+00
-1.658397904875201903e+02 2.640232667220028020e+02 -3.756796143980675851e+00
-1.658285803318076148e+02 2.639869999528851849e+02 -3.748867500398202601e+00
-1.658251670285781643e+02 2.639592926714433361e+02 -3.744457396739623078e+00
-1.658252695698180048e+02 2.639339109931482312e+02 -3.740203591032927655e+00
-1.658142420935846530e+02 2.638985808511706637e+02 -3.733324986592999828e+00
-1.658102942158806741e+02 2.638836936850581765e+02 -3.730541823036953808e+00
-1.657943846833329360e+02 2.638442706050260540e+02 -3.722402461610368807e+00
-1.657860970492013735e+02 2.638124990084438650e+02 -3.715732061479852799e+00
-1.657826749460388100e+02 2.637847482965032100e+02 -3.711320171180130689e+00
-1.657804243501880137e+02 2.637577684937702998e+02 -3.706960360294234036e+00
-1.657748656512136165e+02 2.637295119053480903e+02 -3.701497103676580913e+00
-1.657714397782251865e+02 2.637017395935518493e+02 -3.697084392682093323e+00
-1.657602722988273740e+02 2.636812336116699385e+02 -3.691936534039253814e+00
-1.657544978883764202e+02 2.636518889863397703e+02 -3.687418738456377909e+00
-1.657584941975542847e+02 2.636307581159069287e+02 -3.684422748156142902e+00
-1.657384872021835918e+02 2.635912233988404978e+02 -3.675229212732697981e+00
-1.657438432265429356e+02 2.635718281225944111e+02 -3.673336324439533840e+00
-1.657406093177312698e+02 2.635450314411311297e+02 -3.668974468984460557e+00
-1.657305478264591159e+02 2.635146126889860625e+02 -3.663352086561129539e+00
-1.657158648953072202e+02 2.634917762094162867e+02 -3.657046935394360432e+00
-1.657235520154836479e+02 2.634738740777281123e+02 -3.656256817999866904e+00
-1.657158321909793131e+02 2.634449952347497970e+02 -3.650738304852417571e+00
-1.657092842440225411e+02 2.634168891788167457e+02 -3.645271789849036992e+00
-1.657148345344688494e+02 2.633984812167503264e+02 -3.643430305762622279e+00
-1.657012553348774020e+02 2.633657205137228061e+02 -3.636650153838859811e+00
-1.656947025934879889e+02 2.633375913579552048e+02 -3.631182791398494203e+00
-1.656413166288793093e+02 2.632423616826474131e+02 -3.609842370315420546e+00
-1.657016021053174200e+02 2.632431693572817721e+02 -3.619609347642622765e+00
-1.656880117589346924e+02 2.632103520802376124e+02 -3.612827025908845968e+00
-1.656832723016439388e+02 2.631966224946741022e+02 -3.610092672030555949e+00
-1.656675439780314036e+02 2.631632923296541549e+02 -3.602258678589225216e+00
-1.656685917952366367e+02 2.631427250563451707e+02 -3.600258154762824514e+00
-1.656862511341862216e+02 2.631340594723370145e+02 -3.601042798507591680e+00
-1.656562527330645764e+02 2.630903639307119875e+02 -3.590527325060668407e+00
-1.656832686785867566e+02 2.630878263497738772e+02 -3.594728319184465004e+00
-1.656761300542269453e+02 2.630618976360744341e+02 -3.589363292531054572e+00
-1.660500257522289189e+02 2.621394940321052900e+02 -3.533459164915685680e+00
-1.662414136942679761e+02 2.622058385619838532e+02 -3.573015051360177274e+00
-1.663220684388265909e+02 2.622324928390867740e+02 -3.589291797204989809e+00
-1.661692971124687119e+02 2.621448941214626984e+02 -3.554154634298447135e+00
-1.663089047679194437e+02 2.621863122460275122e+02 -3.581863114205555032e+00
-1.661932630707883902e+02 2.621165102088501158e+02 -3.555046598814295411e+00
-1.660266154208674152e+02 2.620257097564578430e+02 -3.516586486883511053e+00
-1.662910137771928021e+02 2.619918474731574065e+02 -3.558090323477189454e+00
-1.662990936473814543e+02 2.619759438524810093e+02 -3.557405028314863049e+00
-1.662949215423047065e+02 2.619651022352035739e+02 -3.555822735578535010e+00
-1.663567585550508738e+02 2.616165558230824217e+02 -3.530442175766880020e+00
-1.662852437686037490e+02 2.615742065170768456e+02 -3.514510069664342318e+00
-1.662976175298966837e+02 2.615594115926925269e+02 -3.514931280651441448e+00
-1.663209438669491931e+02 2.615484913439683510e+02 -3.517673515094612569e+00
-1.662629677731156050e+02 2.604257555235131463e+02 -3.416963178634484954e+00
-1.663406881548458500e+02 2.604168245831542663e+02 -3.430445827441112705e+00
-1.664516736345944139e+02 2.604112392450851416e+02 -3.450485930551274727e+00
-1.659178052141122066e+02 2.642700582646425005e+02 -3.862009937258728876e+00
-1.659040658793799707e+02 2.642313034855624778e+02 -3.853927752431834719e+00
-1.658977330028631911e+02 2.641991159949751591e+02 -3.848259945702191320e+00
-1.658863339143669862e+02 2.641618914486015797e+02 -3.840281251233740534e+00
-1.658720518980322254e+02 2.641359156384939979e+02 -3.833824460934977196e+00
-1.658647529633829549e+02 2.641039894918197319e+02 -3.827157112778120762e+00
-1.658597852601886586e+02 2.640735584106787428e+02 -3.821592513403135882e+00
-1.658450611874889375e+02 2.640349782876339759e+02 -3.813508025062012585e+00
-1.658387293044432340e+02 2.640027877194121402e+02 -3.806839440499292682e+00
-1.658353170151145264e+02 2.639750855834890331e+02 -3.802429485392303299e+00
-1.658219587185321018e+02 2.639382636956938200e+02 -3.794448242563966289e+00
-1.658189845247332244e+02 2.639231457697301835e+02 -3.791665177512959950e+00
-1.658044618420972540e+02 2.638855797639072307e+02 -3.782632396681284259e+00
-1.658022163143908188e+02 2.638586256828371006e+02 -3.778273447607232161e+00
-1.657902113706048794e+02 2.638235095635518519e+02 -3.771394046695360380e+00
-1.657832953579988953e+02 2.637935271036419635e+02 -3.764828140174864224e+00
-1.657933378749467863e+02 2.637772333324292049e+02 -3.764144504017581827e+00
-1.657977727596505702e+02 2.637686972283198088e+02 -3.763776511323799312e+00
-1.657799216427215470e+02 2.637297569014158967e+02 -3.754637142463430166e+00
-1.657792414496526874e+02 2.637055764648206377e+02 -3.750434004766466156e+00
-1.657709340726451615e+02 2.636737140183812471e+02 -3.744760682751949510e+00
-1.657606911836720940e+02 2.636423676117379387e+02 -3.738088663138801948e+00
-1.657574612855154044e+02 2.636155900526785558e+02 -3.733727567388553048e+00
-1.657544301187952556e+02 2.635898237036583964e+02 -3.729418699498769030e+00
-1.657360427186469281e+02 2.635636960535267121e+02 -3.721906059703444569e+00
-1.657295014001964546e+02 2.635356248734815381e+02 -3.716440940056406461e+00
-1.657325208923974174e+02 2.635147088620738032e+02 -3.713444321741643073e+00
-1.657164139726580459e+02 2.634794581993651832e+02 -3.705509792879906783e+00
-1.657159119112990311e+02 2.634561876073289000e+02 -3.702355546872280634e+00
-1.656855559833701079e+02 2.634106716182008086e+02 -3.690742993059460630e+00
-1.656838884306872046e+02 2.633866512983483403e+02 -3.686536976642187380e+00
-1.656980816632750475e+02 2.633862742787349589e+02 -3.688689455488573632e+00
-1.656737642138144508e+02 2.633455536919247493e+02 -3.679387508083670433e+00
-1.656888765544611317e+02 2.633343084233286504e+02 -3.680014854672933655e+00
-1.656788133391690963e+02 2.633038728012126626e+02 -3.673391155328114444e+00
-1.656619201021121910e+02 2.632698027266808936e+02 -3.665506284329097753e+00
-1.656639556311735930e+02 2.632490677711909939e+02 -3.662507690177038810e+00
-1.656435371475991190e+02 2.632126268401759717e+02 -3.654464636899921182e+00
-1.656624140196466044e+02 2.632153356122842069e+02 -3.657825850910575660e+00
-1.656468887647727684e+02 2.631830362038048179e+02 -3.650044810209348789e+00
-1.656514582313824633e+02 2.631648227641682638e+02 -3.648201877958142880e+00
-1.656513434602125585e+02 2.631435204957809901e+02 -3.645150052412155173e+00
-1.656356000040582899e+02 2.631101216462678849e+02 -3.638313935868267013e+00
-1.656390042561714040e+02 2.630911598834863980e+02 -3.635419246663781134e+00
-1.656332298154582361e+02 2.630669894426763449e+02 -3.631158144752666850e+00
-1.656284859810718899e+02 2.630532376426800170e+02 -3.628423051993870274e+00
-1.656166608685984158e+02 2.630242062127213103e+02 -3.621848653232191850e+00
-1.656165397443902521e+02 2.630028704671864261e+02 -3.618795564840122658e+00
-1.656058734826690397e+02 2.629745575287648762e+02 -3.613271781995012866e+00
-1.655883856609890188e+02 2.629426424987237851e+02 -3.605487482632596663e+00
-1.655874898604599537e+02 2.629225501247850048e+02 -3.602486596579268063e+00
-1.655756441791034774e+02 2.628934224197294611e+02 -3.596909115592102690e+00
-1.655781308381746726e+02 2.628853378295037260e+02 -3.595540020498404488e+00
-1.655676589933592595e+02 2.628580092694714381e+02 -3.590067377961490003e+00
-1.655712432081402596e+02 2.628399703444592319e+02 -3.588222129284190043e+00
-1.655912237554145179e+02 2.628327570760128538e+02 -3.591108689372631613e+00
-1.655948080193357157e+02 2.628147171674612537e+02 -3.589263451940725602e+00
-1.655903948357752142e+02 2.627922832608064141e+02 -3.585104880615673117e+00
-1.655871554174509868e+02 2.627706317224850068e+02 -3.580998746627054530e+00
-1.655976263674048710e+02 2.627668837085840892e+02 -3.582941386289520302e+00
-1.662815418737705784e+02 2.615661631456458167e+02 -3.560130723620728688e+00
-1.662884391785071614e+02 2.615494324941526543e+02 -3.559391501197069374e+00
-1.663084323885125571e+02 2.615371128722619574e+02 -3.562026025030613496e+00
-1.663880537368151522e+02 2.615430049121946467e+02 -3.577266662434903655e+00
-1.664034328006924568e+02 2.615383021083568451e+02 -3.579218968462174910e+00
-1.664179541510510774e+02 2.615240725583989843e+02 -3.580694217583562100e+00
-1.664205478685971968e+02 2.615061896557206751e+02 -3.579847858936390015e+00
-1.663057951539521468e+02 2.603745653110862577e+02 -3.467022340080561094e+00
-1.663900322121416764e+02 2.603728631910782951e+02 -3.482936374962510406e+00
-1.658935191473271686e+02 2.642609800192028047e+02 -3.904329633918209197e+00
-1.657687815570007501e+02 2.637874692944945423e+02 -3.805410045283827536e+00
-1.657442923708590854e+02 2.636940645212170011e+02 -3.786499557660456539e+00
-1.657052955338483571e+02 2.635320874135863392e+02 -3.754028138167013751e+00
-1.656926981706349693e+02 2.634991373277166531e+02 -3.747249702013526473e+00
-1.656896610197530890e+02 2.634733393734553601e+02 -3.742939609061799455e+00
-1.656926775183154348e+02 2.634524081680056042e+02 -3.739942378675310319e+00
-1.656779923797384981e+02 2.634295592517018463e+02 -3.733636761777432866e+00
-1.656758194883198030e+02 2.633822541724481425e+02 -3.726275935188371413e+00
-1.656657596355429405e+02 2.633518356162807663e+02 -3.719652885699415990e+00
-1.656556976635950491e+02 2.633214063048062030e+02 -3.713029455252561561e+00
-1.656637800890393635e+02 2.633055131758887342e+02 -3.712343279566337806e+00
-1.656443506596252178e+02 2.632689089092209542e+02 -3.703302387825368136e+00
-1.656394121449304180e+02 2.632541676924863054e+02 -3.700515781384851266e+00
-1.656414469413932977e+02 2.632334277849229807e+02 -3.697516932165182624e+00
-1.656280574947583375e+02 2.632016314896859512e+02 -3.690787230495164550e+00
-1.656314651138615375e+02 2.631826855816271404e+02 -3.687893071174156212e+00
-1.656313508029377317e+02 2.631613856494161041e+02 -3.684841367267025269e+00
-1.656263510347502006e+02 2.631359730512013471e+02 -3.680528123462609713e+00
-1.656236970789437066e+02 2.631121214025670838e+02 -3.676319546049048537e+00
-1.656058759311762572e+02 2.630888761346571414e+02 -3.669958258773800885e+00
-1.656092793150529303e+02 2.630699074988268649e+02 -3.667063336618503477e+00
-1.656021277188721683e+02 2.630439223007850842e+02 -3.662696699956705881e+00
-1.655998725322447171e+02 2.630220935366344861e+02 -3.658592735679574659e+00
-1.656044356894048235e+02 2.630038480735904045e+02 -3.656748494137717742e+00
-1.655900687201487358e+02 2.629722537017004811e+02 -3.649016876110886543e+00
-1.655903370748705470e+02 2.629529042747357721e+02 -3.647067526768415391e+00
-1.655889101649436270e+02 2.629404671446023372e+02 -3.644436575417879798e+00
-1.655749308360690293e+02 2.629108485264551973e+02 -3.637808268493675889e+00
-1.655855513689105294e+02 2.628974899583381557e+02 -3.637277756656391414e+00
-1.655750801155042211e+02 2.628701668666833484e+02 -3.631805333613920439e+00
-1.655716304604789002e+02 2.628474575440582157e+02 -3.628645752837773131e+00
-1.655672187050406308e+02 2.628250308854807145e+02 -3.624487439539281208e+00
-1.655650182309739762e+02 2.628138403053835077e+02 -3.621908861569863358e+00
-1.655672245639200071e+02 2.627939792367521363e+02 -3.619957821237286932e+00
-1.663054692447000775e+02 2.615638238535144637e+02 -3.603351422541230864e+00
-1.663120368888613427e+02 2.615557741644513499e+02 -3.604035215209601795e+00
-1.662726750745208619e+02 2.603671080415696224e+02 -3.497312029893014262e+00
-1.663990927263639037e+02 2.603622967772062111e+02 -3.522575085952341034e+00
-1.657401258125516108e+02 2.636733284079128907e+02 -3.834491467790956065e+00
-1.656982988300079569e+02 2.634865971965774065e+02 -3.796762850133039269e+00
-1.656809780209880500e+02 2.634399894371463233e+02 -3.786252294345260339e+00
-1.656779493243217871e+02 2.634142262720641270e+02 -3.780942977421301698e+00
-1.656629154310747367e+02 2.633585175757459069e+02 -3.769010771546927430e+00
-1.656661165448685438e+02 2.633385328212384593e+02 -3.767063853078392199e+00
-1.656574282208884199e+02 2.633099029315425810e+02 -3.760545332398631757e+00
-1.656594656427930374e+02 2.632891763490803214e+02 -3.757546997939603450e+00
-1.656664286082511808e+02 2.632831345019758373e+02 -3.758333600385758366e+00
-1.656292512386872886e+02 2.632340089018933327e+02 -3.743459580635674744e+00
-1.656455229453067091e+02 2.632234822721763408e+02 -3.745137436999477210e+00
-1.656407392561129654e+02 2.631991595768450338e+02 -3.739878888998315887e+00
-1.656441357488545236e+02 2.631801653179228992e+02 -3.737983486251960308e+00
-1.656461676392530649e+02 2.631594118947786001e+02 -3.734984169260723075e+00
-1.656225034476190956e+02 2.631323595342673798e+02 -3.726363503991904746e+00
-1.656296081809392433e+02 2.631166768226747195e+02 -3.725676528704272350e+00
-1.656187597920341545e+02 2.630874300605246390e+02 -3.719102852683245253e+00
-1.656198154197900863e+02 2.630668943087135858e+02 -3.716102875063266531e+00
-1.656161859363754729e+02 2.630432640633634378e+02 -3.711893950697028544e+00
-1.655996757096158376e+02 2.630111393570226710e+02 -3.704110606107581916e+00
-1.656173202337210739e+02 2.630024079350706074e+02 -3.705893331869377860e+00
-1.656172596750723756e+02 2.629917388466289481e+02 -3.704366756991378296e+00
-1.656044577816202548e+02 2.629629261578184583e+02 -3.697791804661479720e+00
-1.655940028203207248e+02 2.629356751686456164e+02 -3.691321568873935366e+00
-1.655821695515790566e+02 2.629066035758693261e+02 -3.684745613292460309e+00
-1.655881049317002294e+02 2.628901490693696701e+02 -3.683006022572644866e+00
-1.655895443726014946e+02 2.628715708804024871e+02 -3.681108704532959131e+00
-1.655673621795716883e+02 2.628365155901472576e+02 -3.672113550144283867e+00
-1.655686736995791080e+02 2.628276391917110004e+02 -3.670691591433651979e+00
-1.655675709186164113e+02 2.628064949747146670e+02 -3.667636955899236550e+00
-1.655746775229908678e+02 2.627908124070653457e+02 -3.665949432973863331e+00
-1.655690883674486997e+02 2.627675836983087265e+02 -3.661737899054321232e+00
-1.662703756216901638e+02 2.604282898323426139e+02 -3.546336191305401897e+00
-1.663220554258048196e+02 2.604164920921008957e+02 -3.556372258694981525e+00
-1.664369128889020999e+02 2.604098950679529594e+02 -3.579411718189934088e+00
-1.658474830644328506e+02 2.640539349486095944e+02 -3.988694966547884579e+00
-1.658844420770708439e+02 2.640605021917398858e+02 -3.996465993688770979e+00
-1.659100993758896720e+02 2.640562332023185377e+02 -3.999563569386903161e+00
-1.659244302650664906e+02 2.640410201110761932e+02 -3.999984622551086666e+00
-1.659099261708959716e+02 2.640035403288612770e+02 -3.989954519951708800e+00
-1.662518910595346995e+02 2.604022160548101397e+02 -3.600916651714567873e+00
-1.663464140724963727e+02 2.603958456112274575e+02 -3.620727234476158074e+00
-1.658993697049531306e+02 2.642612513245339301e+02 -4.094656571674586409e+00
-1.658866264971788667e+02 2.642223609874860131e+02 -4.084577019021986111e+00
-1.658597124750923228e+02 2.641321571177348346e+02 -4.063788442851063110e+00
-1.659036811142752583e+02 2.641432773655884603e+02 -4.073869625863581589e+00
-1.659427868338266308e+02 2.641503936846138458e+02 -4.081693233250051733e+00
-1.659698066057910637e+02 2.641478767526127172e+02 -4.085894404517588896e+00
-1.659876469601242945e+02 2.641349637739396599e+02 -4.087471466535302689e+00
-1.659956058435266186e+02 2.641287934268980280e+02 -4.087261507194042132e+00
-1.660103395011517762e+02 2.641156259851175605e+02 -4.087788114535795714e+00
-1.659100483862642079e+02 2.640046647664221950e+02 -4.049087286805908903e+00
-1.658432876948506589e+02 2.639242927275361694e+02 -4.022305397780895575e+00
-1.658311106941123398e+02 2.638882845420578747e+02 -4.013377125957538816e+00
-1.658421408775714383e+02 2.638718228580120240e+02 -4.011695347783765797e+00
-1.658436015186564987e+02 2.638481698085128073e+02 -4.008544338320529477e+00
-1.658431706371137011e+02 2.638356128599341446e+02 -4.005917954475858522e+00
-1.658397619635822764e+02 2.638079221886346204e+02 -4.000507737214924475e+00
-1.657733760475732367e+02 2.637294512542089251e+02 -3.973825433534755369e+00
-1.657436411095147264e+02 2.636818955313822244e+02 -3.960115530687072116e+00
-1.657380906384281332e+02 2.636536713498596214e+02 -3.953652928832319446e+00
-1.657350730847579143e+02 2.636279659729855211e+02 -3.948345842163814012e+00
-1.657341884491228541e+02 2.636027453399726141e+02 -3.944089325446246352e+00
-1.657386316475325145e+02 2.635942445443118913e+02 -3.942722013680119986e+00
-1.657200080028438265e+02 2.635565491405842522e+02 -3.932634253450169481e+00
-1.657109317834438400e+02 2.635259503215586392e+02 -3.926013215542187851e+00
-1.657260479513267057e+02 2.635147232438614537e+02 -3.926641213653785378e+00
-1.657134614881471180e+02 2.634818191265756013e+02 -3.918863899660778305e+00
-1.657092622991464737e+02 2.634552889717508606e+02 -3.913502829536933625e+00
-1.657136524879059323e+02 2.634361586358888871e+02 -3.910610581526863250e+00
-1.656872688375954397e+02 2.634056430646776334e+02 -3.900784864572471200e+00
-1.656819037942285604e+02 2.633783601048353376e+02 -3.894371747228561276e+00
-1.656944698819158930e+02 2.633645364670813933e+02 -3.894841751339719771e+00
-1.656797386666563057e+02 2.633310863104963460e+02 -3.886011514208984163e+00
-1.656689045562549722e+02 2.633019120172578482e+02 -3.879440656561353507e+00
-1.656719145132056781e+02 2.632809476114158542e+02 -3.876442234645626428e+00
-1.656503603956831228e+02 2.632438910166829942e+02 -3.865351249135778211e+00
-1.656456223651553330e+02 2.632301686732658368e+02 -3.862617272337943497e+00
-1.656523394145053203e+02 2.632125087541903099e+02 -3.860827032392253777e+00
-1.656403354837480890e+02 2.631825627612169001e+02 -3.853203499037514135e+00
-1.656367125457402665e+02 2.631589645020675334e+02 -3.848995705755074326e+00
-1.656422648889033837e+02 2.631405588385374585e+02 -3.846153664078006074e+00
-1.656279085550133345e+02 2.631090196791307108e+02 -3.838424261557779715e+00
-1.656207714508249751e+02 2.630830986807438876e+02 -3.833059517258701199e+00
-1.656230603923603724e+02 2.630740080259977276e+02 -3.831638342856127366e+00
-1.655995325771951343e+02 2.630372886700657205e+02 -3.821542975232129269e+00
-1.655982495089563713e+02 2.630152212000992336e+02 -3.817438755414872542e+00
-1.656039863272381751e+02 2.629977612777620379e+02 -3.815647167744942170e+00
-1.655935340367253730e+02 2.629705238443423809e+02 -3.809177518408871421e+00
-1.655959605029088664e+02 2.629517732547384412e+02 -3.806281887139803199e+00
-1.655958982791040910e+02 2.629410981814797310e+02 -3.804755054779745294e+00
-1.655737346316307139e+02 2.629061276640579194e+02 -3.794762565540990895e+00
-1.655761582869146764e+02 2.628873628089513659e+02 -3.791866489909633930e+00
-1.655856043212417035e+02 2.628732169174619457e+02 -3.791283345195253673e+00
-1.655577758851841850e+02 2.628353547125819887e+02 -3.780080588398732289e+00
-1.655730695723526651e+02 2.628250380731268478e+02 -3.781757739513259775e+00
-1.655708041140811986e+02 2.628031571766599654e+02 -3.777651777012994483e+00
-1.655535826175295426e+02 2.627829475637496444e+02 -3.770446558445479379e+00
-1.655468300009009113e+02 2.627589781980918815e+02 -3.765183609827925437e+00
-1.655574355801445847e+02 2.627455530882124890e+02 -3.765651203042959416e+00
-1.662740311106675222e+02 2.603805388746242215e+02 -3.652179162970230042e+00
-1.664095927462780367e+02 2.603756219747729688e+02 -3.682549968632839121e+00
-1.658697900388842186e+02 2.641164697193984807e+02 -4.113198541201181335e+00
-1.659009368341631898e+02 2.641297549435874998e+02 -4.121231916265692519e+00
-1.658456964383146328e+02 2.640561368194318561e+02 -4.096921090389206377e+00
-1.657635706334385191e+02 2.636955527439572506e+02 -4.014092844243406510e+00
-1.655271657111751438e+02 2.628666018604261012e+02 -3.821303774966438027e+00
-1.663200320187501120e+02 2.603765104006917568e+02 -3.704582171782373923e+00
-1.664254740276682583e+02 2.603686922763716893e+02 -3.728453336035635779e+00
-1.658997492941111318e+02 2.642744661997809885e+02 -4.205454482822919893e+00
-1.658870071438262812e+02 2.642355824619918963e+02 -4.195375032277340210e+00
-1.659066160434048243e+02 2.642264733709957341e+02 -4.197160834458463441e+00
-1.658732155426583859e+02 2.641706345983465667e+02 -4.179992616284266660e+00
-1.658937962415689071e+02 2.641612839490541660e+02 -4.181778076859573368e+00
-1.659227975674444338e+02 2.641740276132842951e+02 -4.189759379602747025e+00
-1.659371314969641560e+02 2.641588299526672472e+02 -4.190180997475594360e+00
-1.658596860249222971e+02 2.640655625915093765e+02 -4.156627536104253728e+00
-1.658523954032992265e+02 2.640336717503183195e+02 -4.148960928402000370e+00
-1.658232823704488510e+02 2.639840821744058417e+02 -4.133154099296499240e+00
-1.658280650058939898e+02 2.639617682933443348e+02 -4.130108211188772138e+00
-1.658360199706905860e+02 2.639555792911340291e+02 -4.129897516470458996e+00
-1.658020221671503975e+02 2.639018817676736717e+02 -4.112829390371397054e+00
-1.658056288299342214e+02 2.638787730815448072e+02 -4.109730599196127265e+00
-1.658121797344770414e+02 2.638602616864544075e+02 -4.106893378268495098e+00
-1.658196911694414837e+02 2.638414608925775156e+02 -4.105054655790428164e+00
-1.657930948909305755e+02 2.637943068539569254e+02 -4.090400083386922070e+00
-1.657922184060122106e+02 2.637691288210410789e+02 -4.086145065799187570e+00
-1.657676117898997461e+02 2.637372765309397664e+02 -4.075272051391825912e+00
-1.657716232285037563e+02 2.637162155621570037e+02 -4.071278185112639392e+00
-1.657730885027993963e+02 2.636925766766240713e+02 -4.067127298317854134e+00
-1.657722073192928463e+02 2.636673747969174997e+02 -4.062871397175466193e+00
-1.657740711277726291e+02 2.636457600680250835e+02 -4.058824945480772328e+00
-1.657780684986321091e+02 2.636246333536406041e+02 -4.055829234031414821e+00
-1.657052558479360869e+02 2.635445587740020414e+02 -4.025989247991738296e+00
-1.657008212877861126e+02 2.635064665303697780e+02 -4.018053110884746815e+00
-1.656828852397488845e+02 2.634463485588667027e+02 -4.002864827352147437e+00
-1.656931176023821592e+02 2.634310196656451808e+02 -4.002231606249433860e+00
-1.656690404197112230e+02 2.633914955042818633e+02 -3.989987173800835230e+00
-1.656660095540540567e+02 2.633657225644662958e+02 -3.984677524200531451e+00
-1.656647952505520323e+02 2.633543633651852360e+02 -3.982101387799517944e+00
-1.656301595176305170e+02 2.632611521230693370e+02 -3.958078529550192570e+00
-1.656228415258071891e+02 2.632343048257866940e+02 -3.951664221418600853e+00
-1.656093629723810068e+02 2.631813190462983698e+02 -3.939885842154547291e+00
-1.655971953451171714e+02 2.631194526201187500e+02 -3.926685226076962465e+00
-1.655794340215111049e+02 2.630654064714774449e+02 -3.912802060304407803e+00
-1.655804885931369199e+02 2.630448641263386094e+02 -3.909801861523514166e+00
-1.655663387160956859e+02 2.630143647998853567e+02 -3.901125147378474267e+00
-1.655639415321628007e+02 2.630021757351003657e+02 -3.898494640488754381e+00
-1.655733895022420938e+02 2.629880396674132044e+02 -3.897911768549782607e+00
-1.655568875954194539e+02 2.629559478352072119e+02 -3.889129103051009118e+00
-1.655616493452626230e+02 2.629387128783839671e+02 -3.887337112404908535e+00
-1.655591872678148491e+02 2.629158339585334829e+02 -3.883179364366006414e+00
-1.655569372164765127e+02 2.628940243713535097e+02 -3.878075479816209814e+00
-1.655396575054157609e+02 2.628631588016572778e+02 -3.869344307647354597e+00
-1.655503292246340266e+02 2.628604286403277683e+02 -3.871339409991044533e+00
-1.655305073820022983e+02 2.628269987329255741e+02 -3.861450826519828627e+00
-1.655354670940055826e+02 2.628107661489796669e+02 -3.859710793747223256e+00
-1.655322278988936091e+02 2.627891182100947276e+02 -3.855604781941963655e+00
-1.655311344953573780e+02 2.627680134664919933e+02 -3.851550927605241093e+00
-1.655300401239449855e+02 2.627469038109881581e+02 -3.847496936880814289e+00
-1.662224685382801397e+02 2.603574569543376356e+02 -3.724544715991133348e+00
-1.663306991451177055e+02 2.603586472232751703e+02 -3.751892917436178365e+00
-1.663903790206645112e+02 2.603460967545364610e+02 -3.764988255241908721e+00
-1.664117299368105307e+02 2.603303486590132820e+02 -3.769471915402258677e+00
-1.664371870666867324e+02 2.603147541535588516e+02 -3.775012058860757413e+00
-1.658690374963304350e+02 2.641342797510076252e+02 -4.223207992850171344e+00
-1.658662287835402935e+02 2.641044507347363606e+02 -4.216697222690031666e+00
-1.657822736776682859e+02 2.638018810085274026e+02 -4.138706465623998909e+00
-1.658566372788648664e+02 2.638380318834783793e+02 -4.161395820140683099e+00
-1.658458275699404680e+02 2.638037908597881369e+02 -4.152571196156831235e+00
-1.655334705786983136e+02 2.628838799345651296e+02 -3.914345393283516383e+00
-1.655186109783468567e+02 2.628342315182397897e+02 -3.902717268391056926e+00
-1.655116707075031002e+02 2.628093002769454642e+02 -3.896403324092990950e+00
-1.662048649832561296e+02 2.603408614333978335e+02 -3.760575230334139984e+00
-1.662721695231745684e+02 2.603308233263769012e+02 -3.776886124200096617e+00
-1.663060324767319855e+02 2.603165275282399875e+02 -3.784590122224465336e+00
-1.662953223857053331e+02 2.602983489416330940e+02 -3.780572841531905759e+00
-1.663194857607990116e+02 2.602917116368548136e+02 -3.786536208484988286e+00
-1.664382022292701038e+02 2.602840720072252907e+02 -3.816576774493449342e+00
-1.664802961299573383e+02 2.602701766643649535e+02 -3.825396767855163027e+00
-1.657932269122233890e+02 2.638011176077125697e+02 -4.203882211766529764e+00
-1.657286788289335391e+02 2.636283167083935268e+02 -4.154551402139196270e+00
-1.657233264518497720e+02 2.636010980349149690e+02 -4.148140796486580406e+00
-1.657275577584285884e+02 2.635915298216281144e+02 -4.147719718168444203e+00
-1.657270841633979899e+02 2.635683887016822950e+02 -4.142569304419831511e+00
-1.656868410975525023e+02 2.634673774514897104e+02 -4.114087956619263409e+00
-1.656791451864526437e+02 2.634386025062810859e+02 -4.106572307776953146e+00
-1.656870423959096001e+02 2.634217611095146481e+02 -4.104835603433806490e+00
-1.656856287083563473e+02 2.634093898549649566e+02 -4.102207249295752867e+00
-1.656672039656838535e+02 2.633726959412453539e+02 -4.091170777833212924e+00
-1.656645743101520907e+02 2.633489595055630730e+02 -4.085965970285140969e+00
-1.656843571803636621e+02 2.633407428434933308e+02 -4.088800405538628446e+00
-1.656684632915905127e+02 2.633065547932463346e+02 -4.078918780996604099e+00
-1.656537400709800636e+02 2.632731370926297245e+02 -4.069089138727833621e+00
-1.656321980494515458e+02 2.632361325375733827e+02 -4.056999651166440124e+00
-1.656274713760880957e+02 2.632224597160732174e+02 -4.053266919086433440e+00
-1.656295054808224734e+02 2.632017162983144658e+02 -4.050268006462374615e+00
-1.656270685289768778e+02 2.631789580136901350e+02 -4.045114248157394066e+00
-1.656372934772872156e+02 2.631635902582535778e+02 -4.044479722547017708e+00
-1.655911744848792750e+02 2.631104280598545415e+02 -4.024295098880782184e+00
-1.655992620044599448e+02 2.630945514340451155e+02 -4.022609107974917997e+00
-1.655233546441234012e+02 2.628173694542974772e+02 -3.955012600037085768e+00
-1.655032571819941154e+02 2.627358975216134240e+02 -3.935751701435875383e+00
-1.662297509477934341e+02 2.603280158847317693e+02 -3.819310416200466740e+00
-1.662407286944830105e+02 2.603113267357136920e+02 -3.821625577198772827e+00
-1.658699658007203936e+02 2.641504697194628193e+02 -4.356187143447710852e+00
-1.655952501854672789e+02 2.631160845015313612e+02 -4.081694763769485590e+00
-1.655808091941807731e+02 2.630633703193536803e+02 -4.067916460951888524e+00
-1.655582584989618624e+02 2.629849632823100478e+02 -4.047772680878762408e+00
-1.655440276097473884e+02 2.629022272819372574e+02 -4.028516984240232190e+00
-1.655406030636898151e+02 2.628796291571935058e+02 -4.023360406367901376e+00
-1.655383399048926094e+02 2.628577611646958303e+02 -4.019254933926515783e+00
-1.655372501400192107e+02 2.628366748887474387e+02 -4.015201802428970623e+00
-1.655303758198971025e+02 2.628224388697929044e+02 -4.010415498103350629e+00
-1.655187490553881844e+02 2.627944073495187922e+02 -4.002892124007053631e+00
-1.655120088551695972e+02 2.627704928819488828e+02 -3.996630640349751129e+00
-1.655261256945294690e+02 2.627593769957260292e+02 -3.998254716809856113e+00
-1.655135340256189238e+02 2.627316114426486138e+02 -3.989732104464994933e+00
-1.655056153660507334e+02 2.627068895487286682e+02 -3.983417179944219289e+00
-1.661781855210500964e+02 2.603045973600360981e+02 -3.855614373421295316e+00
-1.662826104543979682e+02 2.602968271784423564e+02 -3.883480886211187588e+00
-1.659320066951875958e+02 2.641711965976073202e+02 -4.444055449197024998e+00
-1.658251740093199373e+02 2.639750692322994610e+02 -4.377045606060034899e+00
-1.657955758238486510e+02 2.638867125627922974e+02 -4.350310892011266084e+00
-1.657945268141413635e+02 2.638606425558900241e+02 -4.344007002764068481e+00
-1.658067169120732842e+02 2.638449035283262560e+02 -4.343375940776899924e+00
-1.657865738802316571e+02 2.638046445571371805e+02 -4.330138825835705418e+00
-1.657880432523596426e+02 2.637810277014883127e+02 -4.325988605856605496e+00
-1.657962921765086719e+02 2.637504274135905007e+02 -4.321574813167399221e+00
-1.658511547616196822e+02 2.637703328157144256e+02 -4.338225673172264152e+00
-1.657395399148242348e+02 2.636328014110454205e+02 -4.283065444449396963e+00
-1.657460822942223047e+02 2.636142479812309034e+02 -4.280226628917830567e+00
-1.657358602765545186e+02 2.635829912648200661e+02 -4.271556790765755451e+00
-1.657449726753668244e+02 2.635775098634952656e+02 -4.272396272601133305e+00
-1.657561824065926430e+02 2.635619689116945210e+02 -4.271763885006523154e+00
-1.657785052019124805e+02 2.635563053855468638e+02 -4.275754909588071584e+00
-1.657336074232362364e+02 2.634989689148418961e+02 -4.252373054077533965e+00
-1.657259136755757822e+02 2.634702061816461196e+02 -4.244857680221605811e+00
-1.657061312479592061e+02 2.634317857446547464e+02 -4.232718462463630260e+00
-1.656996067925950058e+02 2.634037839123157028e+02 -4.225254823181296082e+00
-1.657030751575609031e+02 2.633955068100120798e+02 -4.223887286475338954e+00
-1.656942020771598436e+02 2.633659309856779487e+02 -4.216318418304458859e+00
-1.656808578045408922e+02 2.633343383735028738e+02 -4.206594726569456988e+00
-1.656864171924707421e+02 2.633159696973158361e+02 -4.203754011142859959e+00
-1.656693597914319582e+02 2.632810419648104698e+02 -4.192821139238271932e+00
-1.656546466877573209e+02 2.632476662583125062e+02 -4.181992471870872308e+00
-1.656545479703009960e+02 2.632264373497363863e+02 -4.177942953178208185e+00
-1.656447477667623218e+02 2.632076890952632766e+02 -4.171897696017819790e+00
-1.656411380704919907e+02 2.631841511564759912e+02 -4.166691587564065102e+00
-1.656291562568201243e+02 2.631542999442539212e+02 -4.157070563176818112e+00
-1.656372345826758021e+02 2.631383860085403512e+02 -4.156383602539508004e+00
-1.656345937821090502e+02 2.631145917757534107e+02 -4.151176743316823625e+00
-1.656192986642499250e+02 2.630834361470660951e+02 -4.140451195394985184e+00
-1.656156823298439065e+02 2.630598657518772256e+02 -4.135243991056607449e+00
-1.656002301285591614e+02 2.630382801426608808e+02 -4.126990026772805464e+00
-1.655966114506932172e+02 2.630146966187817839e+02 -4.121782141630820462e+00
-1.655953278723884807e+02 2.629926277932128755e+02 -4.117677848456260392e+00
-1.655848989852142381e+02 2.629654929019604879e+02 -4.109210990068025815e+00
-1.655721199503958019e+02 2.629367775235229487e+02 -4.100638561828457540e+00
-1.655649846234562403e+02 2.629108574249322032e+02 -4.094273127428464498e+00
-1.655687849196669674e+02 2.628939071826809482e+02 -4.091482633162874194e+00
-1.655593737648820252e+02 2.628771337098402228e+02 -4.085539959220060524e+00
-1.655374308776765702e+02 2.628432675017823499e+02 -4.073602122036055206e+00
-1.655398520022866080e+02 2.628244898006720405e+02 -4.070705317864040218e+00
-1.655319396099386040e+02 2.627997984823505817e+02 -4.064391630024591251e+00
-1.655437199600491738e+02 2.627871633117406986e+02 -4.064911989545473503e+00
-1.655205942844621063e+02 2.627524677054141193e+02 -4.052919806200533159e+00
-1.655217018159182771e+02 2.627425558810503503e+02 -4.051444591945137397e+00
-1.655231579364869958e+02 2.627240461082843694e+02 -4.047548646087665958e+00
-1.654990541545542726e+02 2.626895588167239453e+02 -4.035555553666346107e+00
-1.655075216658782438e+02 2.626756203575646396e+02 -4.034971331792160498e+00
-1.659196375988848331e+02 2.641398592495684738e+02 -4.490424877086219624e+00
-1.658021948286111353e+02 2.638949193510765667e+02 -4.406865774142130654e+00
-1.657365197224148687e+02 2.636541573731027484e+02 -4.338150816968927792e+00
-1.657099208700984150e+02 2.635499579466186901e+02 -4.308671994589617249e+00
-1.657115795425272609e+02 2.635273007342012193e+02 -4.304571982334525870e+00
-1.657362343472455564e+02 2.635231374563123268e+02 -4.309666082456389269e+00
-1.657332229957006291e+02 2.634974542041968562e+02 -4.303359174866763226e+00
-1.656711234271566866e+02 2.634148163291476408e+02 -4.270517390452398310e+00
-1.656671336432985981e+02 2.633893409706664102e+02 -4.264209549084633011e+00
-1.656419053799094172e+02 2.633024834009956976e+02 -4.239609157789421268e+00
-1.656170074905187448e+02 2.632069423199952780e+02 -4.213585274471587816e+00
-1.656058974713927228e+02 2.631556141055384614e+02 -4.199913930143167384e+00
-1.656032567552847468e+02 2.631318227683696591e+02 -4.194707216139132555e+00
-1.655959902591712876e+02 2.631155948616618616e+02 -4.189817560060169477e+00
-1.655863399575769392e+02 2.630872389054528639e+02 -4.181299237465722740e+00
-1.655825335289717941e+02 2.630626942499279153e+02 -4.175040452287840154e+00
-1.655730696829137116e+02 2.630352940864007110e+02 -4.167572987693719533e+00
-1.655635053538296972e+02 2.629866466994829466e+02 -4.155054555349174450e+00
-1.655530645561191534e+02 2.629594607089556462e+02 -4.147586128614134005e+00
-1.655483409971540993e+02 2.629457943420401875e+02 -4.142853117794351725e+00
-1.655517384802511742e+02 2.629267982226404001e+02 -4.139956938133410702e+00
-1.655506520280731593e+02 2.629057299932144360e+02 -4.135904504773282753e+00
-1.655425541415511645e+02 2.628800889964417138e+02 -4.128540393874438941e+00
-1.655389266201634371e+02 2.628564605883237277e+02 -4.123330768535881319e+00
-1.655403760361313914e+02 2.628379249068137824e+02 -4.120434449351348505e+00
-1.655428087491054612e+02 2.628191966696550708e+02 -4.116539128378940759e+00
-1.655253988574700372e+02 2.627980226544520974e+02 -4.108282839481129045e+00
-1.655231432317165741e+02 2.627761847758155227e+02 -4.103177959316745671e+00
-1.655278993700697754e+02 2.627589188714662214e+02 -4.101384720947400808e+00
-1.655223321481942094e+02 2.627357840119559569e+02 -4.095175587812862616e+00
-1.655097386293494708e+02 2.627080115366254631e+02 -4.086652728857347761e+00
-1.655133290947162550e+02 2.626899937498669715e+02 -4.083807730031268513e+00
-1.655067739706549048e+02 2.626670280723811288e+02 -4.078596620403829753e+00
-1.661959042786323550e+02 2.603126913740067607e+02 -3.961348383156579445e+00
-1.658913202140356020e+02 2.642036710108033617e+02 -4.560322790253553471e+00
-1.658896987774560614e+02 2.641746885162816056e+02 -4.552866276605776363e+00
-1.659081237533128217e+02 2.641647536179897884e+02 -4.555598534412823142e+00
-1.659147101376064199e+02 2.641567909126980567e+02 -4.555283851266207051e+00
-1.659269100929608669e+02 2.641411019148919195e+02 -4.554654678027201697e+00
-1.659657832777429007e+02 2.641470635172348125e+02 -4.565422280084614925e+00
-1.658557145695449151e+02 2.640277292914431655e+02 -4.510171175244176212e+00
-1.657676346011701014e+02 2.637403611635799052e+02 -4.422869597485196813e+00
-1.657265592783700754e+02 2.635987965643869302e+02 -4.380363357593929585e+00
-1.657056852130937727e+02 2.635237236186906671e+02 -4.359396543565813076e+00
-1.657208015179738538e+02 2.635124984678998317e+02 -4.360024400506718578e+00
-1.657322098954978173e+02 2.634979658275547081e+02 -4.359444155080871575e+00
-1.657638704756861898e+02 2.634983441299378910e+02 -4.367848791908215844e+00
-1.657561883125945030e+02 2.634696320748851690e+02 -4.359334961697332034e+00
-1.656756326229123033e+02 2.633864024039719993e+02 -4.321238810776788952e+00
-1.656739882434449100e+02 2.633624834581987102e+02 -4.315035524487924157e+00
-1.656513453912657212e+02 2.633354178504413881e+02 -4.303421684954425785e+00
-1.656410210942528920e+02 2.632829047936216966e+02 -4.289700523714279790e+00
-1.658449758716680549e+02 2.640512371414720292e+02 -4.558263414805269420e+00
-1.658273612021898487e+02 2.639979065408166434e+02 -4.540405597496815382e+00
-1.656916156809266170e+02 2.634680559835022677e+02 -4.384524256345677884e+00
-1.657341874060089140e+02 2.634772880214920860e+02 -4.397499479043870174e+00
-1.657472082132287312e+02 2.634761342001959861e+02 -4.399599693807172862e+00
-1.657874377134137092e+02 2.634838247309024268e+02 -4.412471140289135896e+00
-1.660236540515878971e+02 2.636384404788115603e+02 -4.507995412432523885e+00
-1.660814391045745992e+02 2.636576770324930408e+02 -4.526649261853987305e+00
-1.660901245661390249e+02 2.636396636364019628e+02 -4.524863528666720036e+00
-1.660986101003066437e+02 2.636206329591789199e+02 -4.523025191831013814e+00
-1.660860524627026393e+02 2.635878626053763014e+02 -4.513252047352876772e+00
-1.659258530939377465e+02 2.634571159317027309e+02 -4.442835965378672647e+00
-1.656196727450205231e+02 2.632109398312719009e+02 -4.308935181041851692e+00
-1.657648759047912677e+02 2.637635904026043363e+02 -4.542132915652497438e+00
-1.657632819715116455e+02 2.637502973399281245e+02 -4.538455109367873774e+00
-1.657672947001640580e+02 2.637292429183698346e+02 -4.534461464623591453e+00
-1.657894175093175022e+02 2.637225655141159564e+02 -4.538400173783026403e+00
-1.658127026774026831e+02 2.637166219398177418e+02 -4.543390064315671495e+00
-1.658260519111842939e+02 2.637016003830450472e+02 -4.543809451283614465e+00
-1.658664790873553727e+02 2.637102955334283934e+02 -4.556732844938180982e+00
-1.658619273170924089e+02 2.636819513227007974e+02 -4.548273320164513578e+00
-1.658914800337099393e+02 2.636923450788825676e+02 -4.559148742045502800e+00
-1.658773776559463329e+02 2.636568893661662401e+02 -4.547221954194984761e+00
-1.659113901814573353e+02 2.636588572786840814e+02 -4.555732397157412628e+00
-1.659044897796437112e+02 2.636289402782907132e+02 -4.547167942048426781e+00
-1.659361466942149264e+02 2.636293080966241860e+02 -4.556572889311268248e+00
-1.659415317801070557e+02 2.636100465466545870e+02 -4.552683992326122642e+00
-1.659574183483083800e+02 2.635975662158912201e+02 -4.554260181267228091e+00
-1.659581561558700287e+02 2.635857695713851285e+02 -4.551685256648727140e+00
-1.659787131584714359e+02 2.635763185970698146e+02 -4.555468510844777441e+00
-1.659885679188459449e+02 2.635590648995060405e+02 -4.553734213677877563e+00
-1.659797279099529987e+02 2.635296419208867746e+02 -4.544170156046787312e+00
-1.660086546837773938e+02 2.635264910794538764e+02 -4.552367883480512134e+00
-1.660044843791218909e+02 2.635000912850867962e+02 -4.545010694645212901e+00
-1.660320610381208439e+02 2.634952466903126833e+02 -4.551106520169160952e+00
-1.660329982781942419e+02 2.634844611145703084e+02 -4.548583884060040994e+00
-1.660218072956500066e+02 2.634534522235261420e+02 -4.538914096236132067e+00
-1.660624395291679605e+02 2.634580045363499039e+02 -4.550633642337700735e+00
-1.660677991774062150e+02 2.634386313555048105e+02 -4.548741955854765706e+00
-1.660895342698010211e+02 2.634299859326675346e+02 -4.552578672657098480e+00
-1.660923686270751602e+02 2.634081245342013631e+02 -4.548531968538796377e+00
-1.661026494053761269e+02 2.634034112211772936e+02 -4.550424168444934026e+00
-1.661033476762247574e+02 2.633810452988664679e+02 -4.545326230892950292e+00
-1.661237092964801434e+02 2.633706038141382919e+02 -4.549058267001556466e+00
-1.661090129808739277e+02 2.633373051964368869e+02 -4.537232279690492476e+00
-1.661096971715156769e+02 2.633148783971521425e+02 -4.533132500642304663e+00
-1.660178406077409079e+02 2.632311442557319765e+02 -4.488873958133578590e+00
-1.657168907542530576e+02 2.630115327590891070e+02 -4.358354699555291312e+00
-1.655020833157073525e+02 2.627118238045841281e+02 -4.234938038654865622e+00
-1.655138615026612285e+02 2.626991776539459806e+02 -4.235457826473123077e+00
-1.654932918332472696e+02 2.626670993307290018e+02 -4.222623743224187542e+00
-1.654996118473663103e+02 2.626526090205732658e+02 -4.221987151925484127e+00
-1.654938361691539797e+02 2.626284160593984325e+02 -4.215723880984009853e+00
-1.654919773310853657e+02 2.626085922398102070e+02 -4.210723032300519364e+00
-1.655038126941292660e+02 2.626066036639213053e+02 -4.213769717051656372e+00
-1.656965243053394090e+02 2.635045014053467867e+02 -4.523552645985231990e+00
-1.657009662137006671e+02 2.634959940624616479e+02 -4.522185112684201869e+00
-1.657133349860083342e+02 2.634811701023546107e+02 -4.522603387824719157e+00
-1.657284510556108330e+02 2.634699449917360425e+02 -4.523231363445528785e+00
-1.657410205456068297e+02 2.634561410878622496e+02 -4.523702031413419533e+00
-1.657417152265358027e+02 2.634337569433768067e+02 -4.518603145078357031e+00
-1.657568201192771653e+02 2.634224844595032096e+02 -4.520229985082319324e+00
-1.657740602786681166e+02 2.634117086399206187e+02 -4.522907896341494371e+00
-1.657689605918738494e+02 2.633961261823424707e+02 -4.517073782931728232e+00
-1.657864015582837283e+02 2.633863708743662642e+02 -4.519804349453837133e+00
-1.657943010727664443e+02 2.633695399442895564e+02 -4.518068192859534093e+00
-1.658056975343169199e+02 2.633549561809452939e+02 -4.518486855302458416e+00
-1.658098980379442082e+02 2.633348548955661954e+02 -4.514543315427186343e+00
-1.658296760881281386e+02 2.633266231231975212e+02 -4.518377817464469537e+00
-1.658410728718508835e+02 2.633120409951766305e+02 -4.518796565054593373e+00
-1.658420049953193427e+02 2.633012306842763905e+02 -4.516272996361288428e+00
-1.658615947438280500e+02 2.632920349827814448e+02 -4.519056333342151177e+00
-1.658683199373809032e+02 2.632744188661322937e+02 -4.517267891079522535e+00
-1.658867368889264355e+02 2.632644444791860678e+02 -4.519999164300952721e+00
-1.658967711036591481e+02 2.632481110407011329e+02 -4.519314352439338656e+00
-1.658976497572313349e+02 2.632266688534232912e+02 -4.515265725863232049e+00
-1.659055479280505665e+02 2.632098335708873265e+02 -4.513529456461017553e+00
-1.659230352428158994e+02 2.632106821161240759e+02 -4.518784836171684027e+00
-1.659225493009558932e+02 2.631874783332757488e+02 -4.513632233986765385e+00
-1.659292847457231517e+02 2.631699061257895664e+02 -4.510844863562604168e+00
-1.659465297314670806e+02 2.631591572703713950e+02 -4.513524053866754926e+00
-1.659425309172701475e+02 2.631336360813186275e+02 -4.507214661754662011e+00
-1.659623146246859733e+02 2.631254342581091237e+02 -4.511050720395318514e+00
-1.659830720633908072e+02 2.631170019145970969e+02 -4.514886770651005854e+00
-1.659699673275778764e+02 2.630969868793870887e+02 -4.506737971103380147e+00
-1.659801904398698298e+02 2.630816216271800272e+02 -4.507104423820243788e+00
-1.660044612173888368e+02 2.630755065917347224e+02 -4.512097383804978712e+00
-1.659994859014765041e+02 2.630502043283789249e+02 -4.505787510189487755e+00
-1.659933462513693598e+02 2.630241569753181921e+02 -4.498425871708263912e+00
-1.659104310142342911e+02 2.629496172550831261e+02 -4.457731999793816513e+00
-1.656372952911557945e+02 2.627574319738287727e+02 -4.337910234231493689e+00
-1.655187479720002841e+02 2.626726730956899587e+02 -4.285278875161613321e+00
-1.655007167048045460e+02 2.626431401812204172e+02 -4.273601336994195421e+00
-1.654830310556085635e+02 2.625739084354542001e+02 -4.253971035368617315e+00
-1.656522057785134621e+02 2.633210497180567700e+02 -4.532017931985102166e+00
-1.656638093003872427e+02 2.633075076164346910e+02 -4.531489261434392901e+00
-1.656742396598195626e+02 2.632931849722824609e+02 -4.530908191705377064e+00
-1.656891397386822575e+02 2.632808716402071241e+02 -4.532481556296143133e+00
-1.657018943519367156e+02 2.632680155339815542e+02 -4.534002788120132799e+00
-1.656981104661183224e+02 2.632435784073716718e+02 -4.526747787714152871e+00
-1.657144284771075320e+02 2.632436554061466154e+02 -4.530950266521785785e+00
-1.657306926410537926e+02 2.632331010820548158e+02 -4.533627830080305010e+00
-1.657434592506626245e+02 2.632202989766532824e+02 -4.534150656415855352e+00
-1.657429704988654180e+02 2.631970821632524462e+02 -4.528997253625457020e+00
-1.657522276048837000e+02 2.631819772832811850e+02 -4.528363938052713422e+00
-1.657577848753987837e+02 2.631635966286989401e+02 -4.525522959803620182e+00
-1.657645038989352031e+02 2.631459491954261125e+02 -4.523733125688102596e+00
-1.657740174501799117e+02 2.631425064752067442e+02 -4.524677915464385691e+00
-1.657842467659564250e+02 2.631271633536893546e+02 -4.524044428206234869e+00
-1.657806468081159323e+02 2.631036679566004750e+02 -4.517839556341432861e+00
-1.658107310032110604e+02 2.631012283526962960e+02 -4.527087760719059162e+00
-1.658199879673602481e+02 2.630861239860636829e+02 -4.526454469100096745e+00
-1.658045010905428853e+02 2.630539868832040611e+02 -4.514677320045992204e+00
-1.658208249428624299e+02 2.630540947656086246e+02 -4.518881404112541134e+00
-1.658427389373201208e+02 2.630463667984386120e+02 -4.523767460253531603e+00
-1.658459572765628991e+02 2.630264544658731438e+02 -4.519822358487065372e+00
-1.658552138251313295e+02 2.630113479907508349e+02 -4.519189076447026387e+00
-1.658630946525855450e+02 2.629944315721601811e+02 -4.518450515845881199e+00
-1.658758628730557518e+02 2.629816376433755067e+02 -4.518973767917429107e+00
-1.658895930057625492e+02 2.629685600982794540e+02 -4.520496061017460931e+00
-1.658813590625081815e+02 2.629525889523733326e+02 -4.514606679012540980e+00
-1.658791173917269077e+02 2.629308219013939265e+02 -4.509504651128248831e+00
-1.659090211068946985e+02 2.629274593034818963e+02 -4.517703699701559827e+00
-1.659054137322953579e+02 2.629039262643004804e+02 -4.511497464720640060e+00
-1.659205206000170563e+02 2.628926638081915712e+02 -4.513125184933368672e+00
-1.659445770360918004e+02 2.628854713899067974e+02 -4.519064092678819478e+00
-1.659259657335760778e+02 2.628529898396375302e+02 -4.506232639230040249e+00
-1.659399469007522043e+02 2.628515538785824788e+02 -4.510332825441503601e+00
-1.659605033033916754e+02 2.628420986293224928e+02 -4.514116337277178204e+00
-1.659662462789449364e+02 2.628246736602521878e+02 -4.512326441850347258e+00
-1.659696510761599200e+02 2.628057159002460139e+02 -4.509432256692663010e+00
-1.659822192143366237e+02 2.627919076083266532e+02 -4.509903526176007205e+00
-1.659971153868673923e+02 2.627795838086497611e+02 -4.512477796097752680e+00
-1.659857149983085662e+02 2.627526851020551248e+02 -4.503010498523305927e+00
-1.659100389614140738e+02 2.626994240928089539e+02 -4.469459103199913130e+00
-1.656832845038726134e+02 2.625513693837067422e+02 -4.368383691512493172e+00
-1.656000566782290093e+02 2.631442785848656172e+02 -4.524702843689274445e+00
-1.656034629076441149e+02 2.631253280907299654e+02 -4.521808559396468752e+00
-1.656141349926233488e+02 2.631226010184639108e+02 -4.523803700442788234e+00
-1.656257223666953564e+02 2.631089850808988899e+02 -4.524272877291825701e+00
-1.656456929814149532e+02 2.631017319847888984e+02 -4.528158214418194660e+00
-1.656444266565792987e+02 2.630797413759323717e+02 -4.523056543439492927e+00
-1.656511401084192130e+02 2.630620656630650842e+02 -4.521265475601601302e+00
-1.656734486838163605e+02 2.630563393211750167e+02 -4.526255037965427164e+00
-1.656792014644422011e+02 2.630389522943792713e+02 -4.523465673294101208e+00
-1.656744695862198284e+02 2.630252530562945594e+02 -4.519731923856699751e+00
-1.656732117636633461e+02 2.630032974791313336e+02 -4.513630862488810180e+00
-1.657046669339005120e+02 2.630026437323560913e+02 -4.522983568762898088e+00
-1.656977509128320207e+02 2.629778286816220430e+02 -4.515673502138820794e+00
-1.657116756890551130e+02 2.629657391291793829e+02 -4.517246760095671831e+00
-1.657183995772844867e+02 2.629481070338920290e+02 -4.514456990414138282e+00
-1.657266778329728822e+02 2.629332091591879248e+02 -4.513822692033722994e+00
-1.657334387429134210e+02 2.629261416980961030e+02 -4.514556549818310671e+00
-1.657393799172637046e+02 2.629097190676619107e+02 -4.512818374531176069e+00
-1.657369436800229323e+02 2.628869562918352472e+02 -4.506664003517593997e+00
-1.657648942204064610e+02 2.628840269742033229e+02 -4.514861740038355720e+00
-1.657647951181188546e+02 2.628627867593414749e+02 -4.509811137204500220e+00
-1.657892467680919140e+02 2.628576028795577599e+02 -4.515853902803503850e+00
-1.657809586427831618e+02 2.628309881239253514e+02 -4.507438473126724965e+00
-1.657846113908185259e+02 2.628236562955794398e+02 -4.507121366100134807e+00
-1.657903494057402440e+02 2.628062024473004499e+02 -4.505330094691230691e+00
-1.658101156230501090e+02 2.627979224416197894e+02 -4.510163768869828615e+00
-1.658032010083149146e+02 2.627731064098787783e+02 -4.501853152941539093e+00
-1.658251161966938980e+02 2.627653845049048869e+02 -4.506739763451344416e+00
-1.658205268905516618e+02 2.627420415984873330e+02 -4.500531789290869611e+00
-1.658391316783717571e+02 2.627330300127515557e+02 -4.504314285429196651e+00
-1.658472593902072276e+02 2.627277353490140968e+02 -4.506152940796896544e+00
-1.658644997666935694e+02 2.627169631021783403e+02 -4.508831509981953367e+00
-1.658714009140156236e+02 2.627002494778064943e+02 -4.508091866677089499e+00
-1.658635090213778085e+02 2.626756459659489451e+02 -4.499780560622363090e+00
-1.658729507838946233e+02 2.626614877497789848e+02 -4.500197985820088675e+00
-1.658751839146146949e+02 2.626417501535933638e+02 -4.496250817899202445e+00
-1.659015804236272515e+02 2.626360976761842494e+02 -4.503294393203940871e+00
-1.659052332163279573e+02 2.626287660755248226e+02 -4.502977417395129578e+00
-1.658973261835579081e+02 2.626040963075569721e+02 -4.495664109128723496e+00
-1.659122293354778037e+02 2.625917998123986763e+02 -4.497238944414737816e+00
-1.659351136625226104e+02 2.625838334330494490e+02 -4.503125912250586005e+00
-1.659262315623905408e+02 2.625593874045419511e+02 -4.495812378670359877e+00
-1.659046868003130726e+02 2.625275270378770074e+02 -4.481977026506026363e+00
-1.658718333991296845e+02 2.624899659261006946e+02 -4.463723148759325632e+00
-1.655762740102917689e+02 2.629563612388006391e+02 -4.528195092001750410e+00
-1.655553461544508878e+02 2.629224497660201791e+02 -4.513262652208520187e+00
-1.655823125592647500e+02 2.629196981592457973e+02 -4.521457886183883446e+00
-1.655987708550193815e+02 2.629101292342893998e+02 -4.524186757012055082e+00
-1.656162019588522014e+02 2.629003251048158631e+02 -4.526915614285333511e+00
-1.655986179800270293e+02 2.628782499525048593e+02 -4.516610098764402004e+00
-1.656232510355741567e+02 2.628739925308209990e+02 -4.523702083946099961e+00
-1.656188778620407902e+02 2.628517373325216226e+02 -4.516548696861887535e+00
-1.656246115454945311e+02 2.628342627324464615e+02 -4.514756461547065669e+00
-1.656338571818696153e+02 2.628190996401697248e+02 -4.514120950544056043e+00
-1.656608304446331772e+02 2.628163840744057893e+02 -4.522317700222135528e+00
-1.656700770015004593e+02 2.628012256544814704e+02 -4.521682432496838544e+00
-1.656573634367278771e+02 2.627831949390541695e+02 -4.513636596206193730e+00
-1.656656365834018061e+02 2.627682699008092300e+02 -4.513001244350714813e+00
-1.656659347699152534e+02 2.627490475230500238e+02 -4.508054986299826261e+00
-1.656810194118679647e+02 2.627376803816097208e+02 -4.510679186387184458e+00
-1.656961043735570343e+02 2.627263160956152888e+02 -4.513303413013287191e+00
-1.657010782924552927e+02 2.627101487320704223e+02 -4.510565439564859780e+00
-1.657021877991745100e+02 2.627002481674559249e+02 -4.509090808801985872e+00
-1.657139741338438057e+02 2.626876433730681697e+02 -4.509612630574108216e+00
-1.657208699433876120e+02 2.626709014229984973e+02 -4.508871753920858261e+00
-1.657499998137931243e+02 2.626687851846428998e+02 -4.517123222864359633e+00
-1.657407271782039970e+02 2.626423474732563932e+02 -4.508705491884324346e+00
-1.657490004155678207e+02 2.626274228963156929e+02 -4.508070283410511081e+00
-1.657516224773974614e+02 2.626096676040629063e+02 -4.505226588600208970e+00
-1.657677379769093875e+02 2.626087284976431988e+02 -4.510377725517032310e+00
-1.657678303315655057e+02 2.625884601083703842e+02 -4.505378200663039401e+00
-1.657784310382430988e+02 2.625750208569039046e+02 -4.506846147051210671e+00
-1.657834033871500878e+02 2.625588467586202341e+02 -4.504107939530004323e+00
-1.658097847110824432e+02 2.625531265654296362e+02 -4.512149678121526009e+00
-1.658190317230413200e+02 2.625379716899419691e+02 -4.511514711534418076e+00
-1.658023673691535294e+02 2.625102064848402392e+02 -4.499941082894086009e+00
-1.658046391413959384e+02 2.625010392770151952e+02 -4.499517728230546965e+00
-1.658321991139308977e+02 2.624961262363847254e+02 -4.507612776841751767e+00
-1.658484654715948921e+02 2.624855867507200173e+02 -4.510291462764780768e+00
-1.658247773917908034e+02 2.624531851585193749e+02 -4.495403443652296716e+00
-1.658556413264051628e+02 2.624495409401179700e+02 -4.505602368573654815e+00
-1.658549592815677158e+02 2.624305173271125682e+02 -4.500655059514770073e+00
-1.658597159529574299e+02 2.624132590651473151e+02 -4.498862566055491286e+00
-1.658563448304888368e+02 2.624012913511789407e+02 -4.495231330618318921e+00
-1.658669471964883542e+02 2.623878592898244051e+02 -4.496699773514828635e+00
-1.658660599121650705e+02 2.623677963686330372e+02 -4.491699060904091212e+00
-1.658957649881540419e+02 2.623634348550928053e+02 -4.500847787516002896e+00
-1.658880467518500836e+02 2.623397209404399746e+02 -4.493584611779320781e+00
-1.659200950358875843e+02 2.623369152774979511e+02 -4.503838356879165339e+00
-1.658911435482043828e+02 2.623036487819412628e+02 -4.486843973168090471e+00
-1.658384606097702658e+02 2.622688650742691152e+02 -4.462485826959760260e+00
-1.656531791211380664e+02 2.621607111175413252e+02 -4.378890445110075191e+00
-1.660478512290366666e+02 2.604641678905100548e+02 -4.275423261287670584e+00
-1.664273942632165131e+02 2.604879793405076498e+02 -4.416174177970371595e+00
-1.664520584720173701e+02 2.604735461902460543e+02 -4.422763521912809637e+00
-1.664627149511633490e+02 2.604655879951954489e+02 -4.426502851938178829e+00
-1.664621757354414626e+02 2.604473187034679427e+02 -4.424601076589917525e+00
-1.664587156281605473e+02 2.604297368487872291e+02 -4.421697891726607210e+00
-1.664884414134650683e+02 2.604151522474993499e+02 -4.431342134362957097e+00
-1.664599885692618955e+02 2.603947980233035082e+02 -4.419001401390809214e+00
-1.664803390294179337e+02 2.603791635138294964e+02 -4.425481524079403428e+00
-1.664838918321578376e+02 2.603609863511528033e+02 -4.425634360123373412e+00
-1.664904590989839903e+02 2.603529502717953505e+02 -4.427319939807429883e+00
-1.664901244415694634e+02 2.603357217634950871e+02 -4.425471514362538272e+00
-1.664669409654325136e+02 2.603162626961375281e+02 -4.415238721212173090e+00
-1.664644447434979497e+02 2.602984109370016768e+02 -4.413334805545169992e+00
-1.664752273815532533e+02 2.602807338993989674e+02 -4.415598762830890145e+00
-1.664748798162001719e+02 2.602634504654431566e+02 -4.414748925122773393e+00
-1.664909383724443330e+02 2.602467067616109375e+02 -4.419122202096264829e+00
-1.664871499474576524e+02 2.602378126798575408e+02 -4.417641670754304251e+00
-1.664795944118158104e+02 2.602201213906287194e+02 -4.412683331532908149e+00
-1.664729935941997780e+02 2.602021168566948290e+02 -4.409723349751831556e+00
-1.664683467046634178e+02 2.601836890324642013e+02 -4.406765066941689568e+00
-1.664711376502078508e+02 2.601668121836256660e+02 -4.405971676718650087e+00
-1.664871876581482013e+02 2.601500332144825620e+02 -4.411344331917442574e+00
-1.655095723980618061e+02 2.627521246634431691e+02 -4.501343914853737971e+00
-1.655386749364024297e+02 2.627498765880775409e+02 -4.510590572089016703e+00
-1.655446171055831144e+02 2.627334508859398738e+02 -4.507851499914911741e+00
-1.655287379280269988e+02 2.627044968327343781e+02 -4.496227609842998518e+00
-1.655592088856377586e+02 2.627040285290105430e+02 -4.506579191844159560e+00
-1.655754630042678173e+02 2.626934244548820061e+02 -4.509254878444411752e+00
-1.655814490095206963e+02 2.626875979742102345e+02 -4.510040995883714210e+00
-1.655735530193332181e+02 2.626629736644531476e+02 -4.501728726297059779e+00
-1.655979859492808259e+02 2.626577016578791586e+02 -4.508768478618881304e+00
-1.655856141156711203e+02 2.626310369530390858e+02 -4.498300395023441922e+00
-1.655880412044102172e+02 2.626122814049975318e+02 -4.494404126717999937e+00
-1.656136394350694445e+02 2.626077593940985366e+02 -4.502495899347152886e+00
-1.656117825722638770e+02 2.625879468342595260e+02 -4.497495634156183364e+00
-1.656302328145258116e+02 2.625885169146347380e+02 -4.503750084393029596e+00
-1.656157200553926145e+02 2.625613243584289194e+02 -4.492229788709143357e+00
-1.656319650222444295e+02 2.625506831902207523e+02 -4.495904874903517090e+00
-1.656266034734400137e+02 2.625285841862333882e+02 -4.488748342412002046e+00
-1.656475274891672314e+02 2.625210148645705885e+02 -4.494632350900815254e+00
-1.656604735043910637e+02 2.625091327727681687e+02 -4.496204888485553219e+00
-1.656652379990764814e+02 2.624919023956575757e+02 -4.493412640842485928e+00
-1.656562152459821107e+02 2.624771004219404631e+02 -4.487572617930634777e+00
-1.656590331490445465e+02 2.624603379703457335e+02 -4.484780381900527857e+00
-1.656649598518428661e+02 2.624438443589812664e+02 -4.483039579529226160e+00
-1.656790705285882837e+02 2.624327077839468529e+02 -4.485663787627563792e+00
-1.656910449361690496e+02 2.624210657565282645e+02 -4.487236594582783233e+00
-1.657026250659122866e+02 2.624074155219308864e+02 -4.487704935023805852e+00
-1.657075676917220619e+02 2.623911092745931910e+02 -4.486962986262778230e+00
-1.657121879049028905e+02 2.623835151242926713e+02 -4.486644811832242397e+00
-1.657227957328386481e+02 2.623701026640062537e+02 -4.487113299630900443e+00
-1.657232719902533802e+02 2.623517935249350330e+02 -4.483216400076516450e+00
-1.657475172713488973e+02 2.623455702616398639e+02 -4.490206858789787425e+00
-1.657548122567028202e+02 2.623308557269953667e+02 -4.489570825638816487e+00
-1.657550849391081442e+02 2.623115132615897664e+02 -4.485620839541586413e+00
-1.657645175768009835e+02 2.622973099677356004e+02 -4.486036631058757607e+00
-1.657613450023501684e+02 2.622863525323014642e+02 -4.482457515299562267e+00
-1.657651224703940329e+02 2.622692945498965855e+02 -4.480663699939770872e+00
-1.657688993809880458e+02 2.622522349723406592e+02 -4.478869918112684978e+00
-1.657841906266247065e+02 2.622419189984497621e+02 -4.481548247504113291e+00
-1.657992794004833286e+02 2.622305752991163672e+02 -4.484173901339846502e+00
-1.657997416746122781e+02 2.622122033100615113e+02 -4.481275301833941072e+00
-1.658021497503553690e+02 2.621933618523740961e+02 -4.478376604819896301e+00
-1.658104803863418226e+02 2.621890984466537020e+02 -4.480268474989269833e+00
-1.658187488750149328e+02 2.621741497715115088e+02 -4.479632727958600569e+00
-1.658157025407440699e+02 2.621534738973310823e+02 -4.474577186220535907e+00
-1.658343001915597199e+02 2.621444379132119025e+02 -4.479359976162618828e+00
-1.658335955053725002e+02 2.621253075063855249e+02 -4.475409156557286217e+00
-1.658496489545863142e+02 2.621136954457137449e+02 -4.479034165484503838e+00
-1.658411465596466599e+02 2.620911743104920220e+02 -4.471821339285552810e+00
-1.658459704769609289e+02 2.620846166098306185e+02 -4.471556527834290584e+00
-1.658306303465232645e+02 2.620584149842604802e+02 -4.462079930307747411e+00
-1.657607241837184802e+02 2.620085579354622496e+02 -4.427769324152447616e+00
-1.660698404437289355e+02 2.605296789708186225e+02 -4.329947236614970940e+00
-1.662902794335424232e+02 2.605421514203697484e+02 -4.413225018275006128e+00
-1.662961883203073796e+02 2.605255873395897765e+02 -4.413484518932963674e+00
-1.662927237332173718e+02 2.605079802788079064e+02 -4.410580027199926256e+00
-1.663285665929637389e+02 2.605037798396676294e+02 -4.423807967666077090e+00
-1.662917178478902827e+02 2.604821716163078236e+02 -4.408304368656311034e+00
-1.662995696517113231e+02 2.604651315484140923e+02 -4.409564408081577902e+00
-1.663085928125581745e+02 2.604488722147060571e+02 -4.411877710203456537e+00
-1.662988763684092248e+02 2.604305585346986618e+02 -4.406863573001787771e+00
-1.663309592502802445e+02 2.604175921548952033e+02 -4.416614747857609657e+00
-1.663190836500719172e+02 2.603986625154029184e+02 -4.411545511174126410e+00
-1.663162818910786029e+02 2.603895979115928299e+02 -4.409066994817746554e+00
-1.663202378321057040e+02 2.603734695052346524e+02 -4.409325066580233710e+00
-1.663042683237079302e+02 2.603544381465068795e+02 -4.402200957892996591e+00
-1.663132927209881586e+02 2.603381875547885898e+02 -4.404514590276771280e+00
-1.663316957293046414e+02 2.603230060151614111e+02 -4.409993095109213890e+00
-1.663446202250022736e+02 2.603058652606599708e+02 -4.413309695179354009e+00
-1.663153830957579089e+02 2.602867007044525849e+02 -4.401018797200720201e+00
-1.663125682690991880e+02 2.602775803632563338e+02 -4.399538706953620704e+00
-1.663196511261459705e+02 2.602618102803932061e+02 -4.400852041554806249e+00
-1.663564060420634689e+02 2.602467095132602140e+02 -4.412555080969896792e+00
-1.663591811085255472e+02 2.602297601895731987e+02 -4.412759250927264176e+00
-1.663506316679988117e+02 2.602122051490929380e+02 -4.408797584096696198e+00
-1.663543955366829437e+02 2.601950936797814506e+02 -4.408004210728476480e+00
-1.663417399935718493e+02 2.601773831464891487e+02 -4.402985967077624352e+00
-1.654519660880823153e+02 2.625734850681208172e+02 -4.489882112207329357e+00
-1.654594581140275125e+02 2.625597694600546674e+02 -4.489297615989791268e+00
-1.654560989944271512e+02 2.625478545445810710e+02 -4.484667676510952106e+00
-1.654750802747608418e+02 2.625407633646249792e+02 -4.489551136279542831e+00
-1.654776923974277736e+02 2.625229551588585082e+02 -4.486705169394640258e+00
-1.654861563569835710e+02 2.625089999075404421e+02 -4.486120428508381330e+00
-1.654957842863324800e+02 2.624957866627949556e+02 -4.486587294731330999e+00
-1.655030731476945505e+02 2.624810410451444795e+02 -4.485949881891357904e+00
-1.655012086418023216e+02 2.624611884609333288e+02 -4.480948132319403143e+00
-1.655210239781767143e+02 2.624635251350557610e+02 -4.488306812858681383e+00
-1.655339645213437336e+02 2.624516128025112494e+02 -4.489878020157938465e+00
-1.655309236707980460e+02 2.624309647584832419e+02 -4.484823330652794482e+00
-1.655337481441826242e+02 2.624142263005880977e+02 -4.481031371012652365e+00
-1.655558325346288200e+02 2.624073819715835612e+02 -4.487966217326926355e+00
-1.655471499004766258e+02 2.623839378259058890e+02 -4.479703640428178701e+00
-1.655612547702479560e+02 2.623727730114491692e+02 -4.482326733484046422e+00
-1.655557541281634428e+02 2.623603272135117663e+02 -4.476644304732353419e+00
-1.655677226841048082e+02 2.623486567189843868e+02 -4.478215865427323195e+00
-1.655705341369252039e+02 2.623318615312671795e+02 -4.475422521722696168e+00
-1.655836672547484625e+02 2.623209385146553245e+02 -4.478045849494372455e+00
-1.655964063348836532e+02 2.623080048104474713e+02 -4.479564709288856861e+00
-1.656015464601715337e+02 2.622926998199333184e+02 -4.478874538154013152e+00
-1.656189673049168221e+02 2.622828529776950859e+02 -4.482602741195946372e+00
-1.656272933869027497e+02 2.622785652237075169e+02 -4.484493465749096686e+00
-1.656322419833554420e+02 2.622622799271092049e+02 -4.482751754301414593e+00
-1.656350529772890638e+02 2.622454824091468026e+02 -4.479958169904037391e+00
-1.656355224162648767e+02 2.622271386650121485e+02 -4.476060065364048768e+00
-1.656305394757468150e+02 2.622069708072840513e+02 -4.470005175095431937e+00
-1.656477475016552603e+02 2.621960530773965274e+02 -4.474679666860869709e+00
-1.656573775405458093e+02 2.621828530074445780e+02 -4.475147213513437805e+00
-1.656442694247004113e+02 2.621679914541628591e+02 -4.467254157391498559e+00
-1.656683111768111587e+02 2.621607350981509512e+02 -4.474191541725809351e+00
-1.656835983719994090e+02 2.621503973339246159e+02 -4.476869097411544374e+00
-1.656918494626158065e+02 2.621353709435465476e+02 -4.477230990246587439e+00
-1.656948505009286805e+02 2.621195486664940404e+02 -4.475489034970268065e+00
-1.656818763475599781e+02 2.620949985145372239e+02 -4.465120014302672580e+00
-1.656933048928779328e+02 2.620909555609769654e+02 -4.469061896498651265e+00
-1.657331359317873591e+02 2.620914728526834097e+02 -4.483576049960677601e+00
-1.657369189524574153e+02 2.620744349326508313e+02 -4.480782422884700189e+00
-1.657175024806577994e+02 2.620482219805393242e+02 -4.469254582837168144e+00
-1.657202987483980507e+02 2.620313590770406904e+02 -4.467459402419326153e+00
-1.657098537523434345e+02 2.620093179985699408e+02 -4.459246124437248326e+00
-1.657249399000806420e+02 2.619979609711699595e+02 -4.461871323039287240e+00
-1.657196092487128851e+02 2.619863942863875650e+02 -4.458237335041134841e+00
-1.657380123801702609e+02 2.619763615849852272e+02 -4.461967971680162570e+00
-1.657497720255714171e+02 2.619636412744979452e+02 -4.464486915474355833e+00
-1.657570613877670098e+02 2.619488982029171211e+02 -4.463850112652700375e+00
-1.657733161080410866e+02 2.619383077758365630e+02 -4.467527838036270182e+00
-1.657716289404515919e+02 2.619193634782400295e+02 -4.463575191893210281e+00
-1.657689785613446816e+02 2.619006974401976322e+02 -4.458623819847778336e+00
-1.657903521830247371e+02 2.619006057669346887e+02 -4.466881742723708193e+00
-1.657952983322999216e+02 2.618843092850006542e+02 -4.465139804197209017e+00
-1.657883447279682514e+02 2.618644952990280217e+02 -4.460081395076333166e+00
-1.657911507942672245e+02 2.618476715401332058e+02 -4.457287043967223639e+00
-1.657884864716679942e+02 2.618289453200387129e+02 -4.453333985971140052e+00
-1.660806734750237865e+02 2.606679888917112180e+02 -4.395913078979280186e+00
-1.661287338655880603e+02 2.606585759937212856e+02 -4.413034602243492088e+00
-1.661315121937548156e+02 2.606416326350046688e+02 -4.412237993291723726e+00
-1.661261010141119527e+02 2.606244878395701221e+02 -4.408332356598117840e+00
-1.661300496190855256e+02 2.606083197309560546e+02 -4.408588605437754993e+00
-1.661414280200926044e+02 2.605936667288357853e+02 -4.411008226250859643e+00
-1.661254741315728722e+02 2.605747065253793835e+02 -4.402886011225296770e+00
-1.661394498472090788e+02 2.605680853237124666e+02 -4.407731316709595504e+00
-1.661484647209073842e+02 2.605517839269701312e+02 -4.410042667439846298e+00
-1.661358390580639366e+02 2.605342038736063159e+02 -4.403028083670564641e+00
-1.661417294895654493e+02 2.605175567103161143e+02 -4.404284825370971213e+00
-1.661509501642356383e+02 2.605023024046768114e+02 -4.406649854429504742e+00
-1.661433890888593510e+02 2.604845805302104509e+02 -4.401690047622905055e+00
-1.661442246981310404e+02 2.604681166323387060e+02 -4.399893194586085521e+00
-1.661632715050915010e+02 2.604613841509264489e+02 -4.406794275980592701e+00
-1.661484828482464593e+02 2.604431735927186651e+02 -4.399724063016533293e+00
-1.661555572915770256e+02 2.604273608043727677e+02 -4.401035412775405220e+00
-1.661595066456475820e+02 2.604111989669702325e+02 -4.401292221317822495e+00
-1.661903902973297420e+02 2.603973266261801882e+02 -4.411986638847865905e+00
-1.661902497270583012e+02 2.603810832893287284e+02 -4.410189389454847841e+00
-1.661680357452275416e+02 2.603613721969852008e+02 -4.399955706949821632e+00
-1.661632768417067894e+02 2.603527170229564831e+02 -4.397474645028466966e+00
-1.661734666128134279e+02 2.603372167951328038e+02 -4.400839958803719476e+00
-1.661690162662647197e+02 2.603197816732503043e+02 -4.397933135895740087e+00
-1.661688742678710469e+02 2.603035310883214493e+02 -4.396135628476161017e+00
-1.661800542782717400e+02 2.602878735404987651e+02 -4.398503417007616711e+00
-1.661941442154733863e+02 2.602714834943873825e+02 -4.402871835768956466e+00
-1.661817029319041978e+02 2.602548499291726785e+02 -4.396907742124480656e+00
-1.661841613280350600e+02 2.602466418412964799e+02 -4.397536129331053978e+00
-1.662177728756961699e+02 2.602311049034925645e+02 -4.409181669363982259e+00
-1.656094449739108256e+02 2.621053310449658511e+02 -4.497811687792122370e+00
-1.656264827395312409e+02 2.620676294923489991e+02 -4.496164401835298641e+00
-1.657116911085684308e+02 2.618585212038075269e+02 -4.486919222999118162e+00
-1.657250894904587710e+02 2.618023147362426926e+02 -4.481318651895405125e+00
-1.657314018906928084e+02 2.617877882541825443e+02 -4.480681245931495305e+00
-1.657637119397244589e+02 2.617137935620572762e+02 -4.479438668988112049e+00
-1.659974108517203604e+02 2.607526474947246129e+02 -4.428119499263853065e+00
-1.659962910158626528e+02 2.607366041166622495e+02 -4.426320314455024274e+00
-1.660033681136281984e+02 2.607207966787094051e+02 -4.426630967119019822e+00
-1.660001011080391322e+02 2.607041949904916578e+02 -4.423778339622360001e+00
-1.659994323541115762e+02 2.606956249242450099e+02 -4.423351279238957545e+00
-1.659959594324891157e+02 2.606779755608800997e+02 -4.420444943004300242e+00
-1.660243218583830753e+02 2.606668062670228210e+02 -4.429240979307146553e+00
-1.660273009220959182e+02 2.606508842896085980e+02 -4.428496948764029995e+00
-1.660480205452257962e+02 2.606371292813290665e+02 -4.436075913606810417e+00
-1.660164600829342021e+02 2.606165040915320219e+02 -4.421682660636641060e+00
-1.660288096337741877e+02 2.606016074687292416e+02 -4.424101949048862892e+00
-1.660365350764470236e+02 2.605942827518634317e+02 -4.426837423693203988e+00
-1.660311195496316827e+02 2.605771134274564247e+02 -4.422930992837103226e+00
-1.660372108637028532e+02 2.605614859238697250e+02 -4.424240109493045026e+00
-1.660433143696125171e+02 2.605459097130033115e+02 -4.424550687979772690e+00
-1.660378978992926875e+02 2.605287355994350378e+02 -4.420644007764015448e+00
-1.660439897412875609e+02 2.605131107765199658e+02 -4.421953383358536271e+00
-1.660395382056894391e+02 2.604956671521963472e+02 -4.419046123298651985e+00
-1.660369381910301456e+02 2.604876241134949737e+02 -4.416619847931024800e+00
-1.660356097477342132e+02 2.604705243375739201e+02 -4.414767085930057178e+00
-1.660376119721375119e+02 2.604548171053415331e+02 -4.414022361763522362e+00
-1.660540560909333294e+02 2.604400280176126330e+02 -4.418496819446718682e+00
-1.660466834517935695e+02 2.604232732193014499e+02 -4.414587977917390660e+00
-1.660516055051119508e+02 2.604068731590238599e+02 -4.414844740658216082e+00
-1.660701887426563417e+02 2.603926121083851513e+02 -4.421372393002058310e+00
-1.660560634088347740e+02 2.603829440495444487e+02 -4.414727805082894641e+00
-1.660570892568932777e+02 2.603674539105323333e+02 -4.413982270824010179e+00
-1.660547831918694044e+02 2.603505649082935065e+02 -4.412128608413568465e+00
-1.660524881631968981e+02 2.603337237985793990e+02 -4.409275986519861412e+00
-1.660544906637478846e+02 2.603180179680527431e+02 -4.408531335336640211e+00
-1.660925934954564127e+02 2.603045997930884141e+02 -4.422335814889861716e+00
-1.660717485646575540e+02 2.602866729106825119e+02 -4.413207046741796091e+00
-1.660855260928824180e+02 2.602790457278051690e+02 -4.418000450750081853e+00
-1.660760018537393421e+02 2.602617052006790459e+02 -4.413037108097885408e+00
-1.660676594609531094e+02 2.602451929895700573e+02 -4.408127927570362203e+00
