-1.680609592226692541e+02 2.715278758558103505e+02 -3.510028146635763235e+00
-1.680759542490387730e+02 2.715106891095012998e+02 -3.509300490663095573e+00
-1.680854894523045004e+02 2.715020927408831994e+02 -3.509959539237498483e+00
-1.681151124366313638e+02 2.714972424623687175e+02 -3.511025167967841032e+00
-1.681494105814934414e+02 2.714954683676933769e+02 -3.513300525000052854e+00
-1.681690908899467445e+02 2.714814117022875166e+02 -3.512784083242310285e+00
-1.682031950009039178e+02 2.714786411185258999e+02 -3.515005866374043109e+00
-1.682226798053914365e+02 2.714635829092336508e+02 -3.514435662303229790e+00
-1.682238326095988725e+02 2.714485689470039347e+02 -3.513673180371912341e+00
-1.678417057895031803e+02 2.736049743477817628e+02 -3.751227128342210282e+00
-1.678188165985627336e+02 2.735292707136980539e+02 -3.742060954950085172e+00
-1.677026387392495224e+02 2.726498285085503426e+02 -3.640273499609267827e+00
-1.676066148391988975e+02 2.720623294508789058e+02 -3.571845944736823153e+00
-1.676093353250798259e+02 2.720291961503188531e+02 -3.569162213126884087e+00
-1.675773793902625073e+02 2.718755033206867893e+02 -3.550871367895554354e+00
-1.675841853214708408e+02 2.718162448399934874e+02 -3.544879867375467342e+00
-1.675933165071363078e+02 2.717584651819746568e+02 -3.539991105761338019e+00
-1.676357203357266314e+02 2.716203567155986889e+02 -3.528305957879505961e+00
-1.676534406554474401e+02 2.716067001758528932e+02 -3.527789599667566556e+00
-1.676883071541601851e+02 2.716078449445994352e+02 -3.530222402829387818e+00
-1.677120654428475177e+02 2.715990342650249545e+02 -3.531021735903426606e+00
-1.677282317496533040e+02 2.715983318009979257e+02 -3.532158816737562823e+00
-1.677582347249310146e+02 2.715954280312319611e+02 -3.533329392205422970e+00
-1.677806285401074433e+02 2.715848441138366525e+02 -3.534022649550544237e+00
-1.678004862850493168e+02 2.715716992776236225e+02 -3.534556748920312685e+00
-1.678201582052241179e+02 2.715576020279950171e+02 -3.534038349301824145e+00
-1.678361234465406255e+02 2.715401637479405395e+02 -3.533308113251188765e+00
-1.678920596467920348e+02 2.715762627127120368e+02 -3.540772601338729064e+00
-1.679043188209226116e+02 2.715554915332462542e+02 -3.539830898312001928e+00
-1.679253605076621625e+02 2.715431922097382085e+02 -3.539419763399942909e+00
-1.679487329907673825e+02 2.715324026648480071e+02 -3.540112705824666861e+00
-1.679783519041607462e+02 2.715275264898336900e+02 -3.541177095255148011e+00
-1.680028967386732006e+02 2.715175235119755826e+02 -3.541923010030228358e+00
-1.680286128185685754e+02 2.715083039159118812e+02 -3.542721809703644809e+00
-1.680496542124543566e+02 2.715117093768606651e+02 -3.545123788040139612e+00
-1.680605581493133514e+02 2.714892093203561103e+02 -3.543077109542151604e+00
-1.680913416331064525e+02 2.714850828251977077e+02 -3.545193864189246646e+00
-1.681170602624764570e+02 2.714758763222612856e+02 -3.545993251544497404e+00
-1.681624751770980879e+02 2.714841016353857412e+02 -3.549903975069255146e+00
-1.681854616862129888e+02 2.714713298654017422e+02 -3.550490290695224704e+00
-1.682098340232207079e+02 2.714761436384043805e+02 -3.551998767282713576e+00
-1.682355564764978908e+02 2.714669567736110594e+02 -3.552799065921258048e+00
-1.682659538955962830e+02 2.714608475875160138e+02 -3.554809138768913357e+00
-1.683172318816078530e+02 2.714730224652210495e+02 -3.558985488197705216e+00
-1.683293005832759377e+02 2.714512705921654856e+02 -3.557991158769632012e+00
-1.683569760940673916e+02 2.714416505003819111e+02 -3.558789730562288867e+00
-1.684043538223614576e+02 2.714494901955275736e+02 -3.562700795859169656e+00
-1.684150735790971680e+02 2.714417474706291387e+02 -3.562414979607799737e+00
-1.677854521933802801e+02 2.737191282281240774e+02 -3.869695497144540752e+00
-1.685641433714398829e+02 2.721291059229577627e+02 -3.742674842433089122e+00
-1.685623993972886012e+02 2.721096799110027291e+02 -3.739650392965979009e+00
-1.686779964505027749e+02 2.721434474577494029e+02 -3.752632355378377582e+00
-1.686918489737700213e+02 2.721203926431919058e+02 -3.750587077252421686e+00
-1.686871701731372184e+02 2.720806527104500674e+02 -3.746482587556379862e+00
-1.686971176003740140e+02 2.720532403604385081e+02 -3.744170992282258581e+00
-1.676827468467516837e+02 2.737569265939422394e+02 -3.976711495851597000e+00
-1.676977968227004396e+02 2.737295530435931141e+02 -3.974452913804523035e+00
-1.675487209092788703e+02 2.726339995470067379e+02 -3.823077824630071841e+00
-1.674205410524024558e+02 2.717870803698317559e+02 -3.707862728911457406e+00
-1.674187786147288364e+02 2.717518531565921194e+02 -3.704022353646010846e+00
-1.674197555564383322e+02 2.717202291597801036e+02 -3.699395886208159290e+00
-1.674193554845413701e+02 2.716867668547316157e+02 -3.695661281099122064e+00
-1.674201237962162736e+02 2.716540719868891074e+02 -3.691978851552594865e+00
-1.674136866645299335e+02 2.716157684909316572e+02 -3.686928896840635517e+00
-1.685083217730127103e+02 2.712248027616217314e+02 -3.736466456521169821e+00
-1.678760144387395030e+02 2.743362559851429978e+02 -4.123905193258734059e+00
-1.678333969991872721e+02 2.742220203789458992e+02 -4.105523493755925735e+00
-1.677783475356304734e+02 2.740910307769333940e+02 -4.083139151252494159e+00
-1.676680454634232831e+02 2.737128572227885570e+02 -4.024344856477472199e+00
-1.677194371282639338e+02 2.737360767654286633e+02 -4.031097836240753018e+00
-1.675749717950765501e+02 2.725595178612896916e+02 -3.863568120005641315e+00
-1.675864804289220444e+02 2.725348878524036991e+02 -3.861416082097001379e+00
-1.675964289177968567e+02 2.725074797066758379e+02 -3.859103880715306634e+00
-1.674128831127537467e+02 2.717634813451975901e+02 -3.748621028125555199e+00
-1.674204745491900042e+02 2.717553703284022504e+02 -3.748283069403515189e+00
-1.674045048025206199e+02 2.717047365707230142e+02 -3.740491861929679196e+00
-1.673939841913528142e+02 2.716611575993059660e+02 -3.734124512522711825e+00
-1.673935919766435063e+02 2.716277350676299989e+02 -3.729390844498882807e+00
-1.673998102831254187e+02 2.716021006464976608e+02 -3.727132456832448426e+00
-1.673984419487429420e+02 2.715688968292527079e+02 -3.722399810453020041e+00
-1.684514555132486464e+02 2.714875511675924713e+02 -3.808500992190503531e+00
-1.684805025866148469e+02 2.714797432152126930e+02 -3.809407407225334552e+00
-1.684626222570997527e+02 2.712256258405103040e+02 -3.779084113521075761e+00
-1.684676691031704081e+02 2.711992119233881340e+02 -3.776773727264628455e+00
-1.684978783008619132e+02 2.711921385939394327e+02 -3.778731878447397108e+00
-1.685197009360287836e+02 2.711786212992497553e+02 -3.779267383387153068e+00
-1.685234012312339758e+02 2.711662238355414161e+02 -3.777665735691734472e+00
-1.677428388567366255e+02 2.739139118759426879e+02 -4.115653878495958651e+00
-1.677287432568487020e+02 2.739514664215474227e+02 -4.175529285476073937e+00
-1.674989129487080675e+02 2.726295091259226524e+02 -3.966516898491615262e+00
-1.675061464780658014e+02 2.725986207709607356e+02 -3.962994266798804510e+00
-1.674974309019745249e+02 2.725486148370617343e+02 -3.955309992254296692e+00
-1.676151831259230391e+02 2.715988927191442599e+02 -3.837409723774603876e+00
-1.676915181508976787e+02 2.716089273251699865e+02 -3.845749437168347384e+00
-1.677176071703331957e+02 2.716016210975421359e+02 -3.847652629563971693e+00
-1.677326031291515847e+02 2.716001423552667688e+02 -3.848737174288728635e+00
-1.678034820553871498e+02 2.715716799838038469e+02 -3.852027393336001193e+00
-1.678445784227963031e+02 2.715786592145164491e+02 -3.856830002791811207e+00
-1.678794432550755005e+02 2.715797960032840592e+02 -3.860263376874351060e+00
-1.679324182278264743e+02 2.715797503090642522e+02 -3.865830938060497601e+00
-1.679622217441713019e+02 2.715758277572133466e+02 -3.867947847041042664e+00
-1.679992264598323004e+02 2.715774888737025776e+02 -3.872432270907523844e+00
-1.680350715870325757e+02 2.715784308853848756e+02 -3.875865731977055528e+00
-1.680987669342730157e+02 2.715549424233506102e+02 -3.879335407691416382e+00
-1.681782492480423343e+02 2.715288058352779217e+02 -3.883837208514242523e+00
-1.685147585272532069e+02 2.710852805006095991e+02 -3.863524148151472826e+00
-1.678725975012889933e+02 2.745910169563567251e+02 -4.336338225031275861e+00
-1.678220115242871771e+02 2.744096771843586566e+02 -4.304382619572392876e+00
-1.678101094767972654e+02 2.743380694687020309e+02 -4.292537950082193632e+00
-1.677917216159941631e+02 2.742854887226029632e+02 -4.283612765306834547e+00
-1.677706847493548992e+02 2.742035961777590387e+02 -4.269136520093661957e+00
-1.677552678058586650e+02 2.741296361025457031e+02 -4.257133337473648638e+00
-1.677305339259497998e+02 2.740444540827435276e+02 -4.241446704822298130e+00
-1.677224943763743283e+02 2.739822199257385478e+02 -4.231130301958362594e+00
-1.677121148824602699e+02 2.739184320827940269e+02 -4.220709014585009911e+00
-1.676951230984354311e+02 2.738468501177679286e+02 -4.208812969880197485e+00
-1.676967291781948859e+02 2.738236956812705216e+02 -4.205628795346054716e+00
-1.676562314225603814e+02 2.736261300644056860e+02 -4.171943575020171657e+00
-1.676382514451195789e+02 2.735547060552674452e+02 -4.160046104010033829e+00
-1.676369814472470807e+02 2.735063084518158121e+02 -4.152521478183117232e+00
-1.675875133705081623e+02 2.732835976778662825e+02 -4.115440130167708155e+00
-1.675745675651018303e+02 2.732223290687450117e+02 -4.105123764801252406e+00
-1.675635548172910489e+02 2.731657568164430359e+02 -4.096072297207824064e+00
-1.675737287397973034e+02 2.731342716258941437e+02 -4.092549032358515859e+00
-1.675481027105154510e+02 2.730811459058459718e+02 -4.082519578595023013e+00
-1.675357307182886757e+02 2.730228241973898093e+02 -4.072362292808923812e+00
-1.675385074405854766e+02 2.729847455836907670e+02 -4.067418381334025668e+00
-1.675410986770622230e+02 2.729457125549478747e+02 -4.061421780707640039e+00
-1.675263817207751629e+02 2.728858138759719623e+02 -4.051158467394499141e+00
-1.675147683514798018e+02 2.728313887637492030e+02 -4.042212697965137380e+00
-1.675256996617939649e+02 2.728037950737072492e+02 -4.039900671804670829e+00
-1.674909248024244164e+02 2.727403100748924771e+02 -4.027236462483299917e+00
-1.675102206569231953e+02 2.727242777426551470e+02 -4.026612586653979697e+00
-1.674910211402039124e+02 2.726622870159185368e+02 -4.015192819927529300e+00
-1.674834782287705082e+02 2.726130705051561449e+02 -4.007561550105743997e+00
-1.674669804046187096e+02 2.725544911843044815e+02 -3.998349830784828640e+00
-1.674810209210597804e+02 2.725324005880785876e+02 -3.996355908847133875e+00
-1.674738619393641557e+02 2.724851545565978199e+02 -3.988830932452273714e+00
-1.674625996100202769e+02 2.724534702681246472e+02 -3.983068105373191337e+00
-1.674597142772758218e+02 2.724124751075661379e+02 -3.976913259399129874e+00
-1.674474928083087093e+02 2.723601612251056849e+02 -3.968071482674516481e+00
-1.674525740003224143e+02 2.723286839146322791e+02 -3.964496240664314719e+00
-1.674619417874710336e+02 2.723035258782786627e+02 -3.961293070066436162e+00
-1.674436832191007340e+02 2.722463693540721579e+02 -3.951135927565878170e+00
-1.674512940686581430e+02 2.722174187818567930e+02 -3.947718298632338474e+00
-1.674298981912922102e+02 2.721755528446433914e+02 -3.940320724781495976e+00
-1.674287559146045794e+02 2.721382776824038956e+02 -3.934377317763525284e+00
-1.674172909345261360e+02 2.720898481891653660e+02 -3.926746579741507315e+00
-1.674410467684048740e+02 2.720810249024277709e+02 -3.927544993247348071e+00
-1.674194621077515421e+02 2.720224844001729707e+02 -3.917281754261708215e+00
-1.674239475332537097e+02 2.719931829051736258e+02 -3.913813214295565057e+00
-1.674280519024382556e+02 2.719619201199294594e+02 -3.909238094131293195e+00
-1.673982733641587402e+02 2.719136327495534147e+02 -3.900418966469486381e+00
-1.673988657910713869e+02 2.718800340213747972e+02 -3.895685978469745514e+00
-1.673916780378741578e+02 2.718378731957872674e+02 -3.888425300230268000e+00
-1.673873935679545752e+02 2.718001590740665847e+02 -3.883428040623249977e+00
-1.673957712090532084e+02 2.717751477182748658e+02 -3.880223076067274235e+00
-1.674006392369415153e+02 2.717478111332488879e+02 -3.876860645662187466e+00
-1.673786403718536349e+02 2.717080801839597939e+02 -3.869568113731693071e+00
-1.673860412036008825e+02 2.716832852481204554e+02 -3.866364104114165201e+00
-1.673778593122107452e+02 2.716412524264414969e+02 -3.860101473484987444e+00
-1.673866133372817444e+02 2.716181746233764898e+02 -3.858002076206349162e+00
-1.673725895133356403e+02 2.715723027147529933e+02 -3.850477853714274978e+00
-1.673721938384508974e+02 2.715388624129484469e+02 -3.845743405128266623e+00
-1.673788114384870767e+02 2.715152780430036614e+02 -3.842593917191119868e+00
-1.676367465134923407e+02 2.715160307346106379e+02 -3.869412447978913150e+00
-1.676591366994756243e+02 2.715054256842130940e+02 -3.870104748133499584e+00
-1.677866907874782498e+02 2.715639773436670339e+02 -3.891506791876479632e+00
-1.678151236770360129e+02 2.715582424685852061e+02 -3.893515887480683446e+00
-1.678386957697891546e+02 2.715641812630210552e+02 -3.896075713187349354e+00
-1.676468129299562406e+02 2.713531255274903060e+02 -3.848095197947890789e+00
-1.676483534447628188e+02 2.713243989153348821e+02 -3.844626700036046785e+00
-1.676746355861834843e+02 2.713180844936007361e+02 -3.846583392493974518e+00
-1.676822137056152826e+02 2.712942018705064697e+02 -3.844430514668079724e+00
-1.676923287279738304e+02 2.712728819477482034e+02 -3.842436836309671477e+00
-1.677199785034428885e+02 2.712683619848812100e+02 -3.844500621155490627e+00
-1.677483968606600513e+02 2.712625580452395297e+02 -3.847507725129948764e+00
-1.677462499571707610e+02 2.712462919547452316e+02 -3.844642955016357000e+00
-1.679088316889308317e+02 2.711916636593572889e+02 -3.854569065600510491e+00
-1.679818530277085245e+02 2.711637410996885933e+02 -3.858911762514642074e+00
-1.682362489909431247e+02 2.711149336148877182e+02 -3.880124750755272522e+00
-1.682617774944986877e+02 2.711204544869347046e+02 -3.883684563554393510e+00
-1.682837895202763434e+02 2.711079098351252128e+02 -3.884272533710590558e+00
-1.683104775925079082e+02 2.710984509065324914e+02 -3.886070558302971545e+00
-1.683396957883686582e+02 2.710915229354914686e+02 -3.889027393349584472e+00
-1.683841358479876931e+02 2.710947448134788829e+02 -3.893670379360895328e+00
-1.684182294955744226e+02 2.710919266400715060e+02 -3.897892153349353794e+00
-1.684447250686652353e+02 2.710814815992203535e+02 -3.899637099750671076e+00
-1.684628569058073424e+02 2.710804099639286733e+02 -3.900775465230373218e+00
-1.685037880400657855e+02 2.710813088978737824e+02 -3.905261230661778882e+00
-1.685433522429572974e+02 2.710804219713569410e+02 -3.909640298401491076e+00
-1.685638067624195742e+02 2.710651127339367008e+02 -3.910068896569863561e+00
-1.678806010328834191e+02 2.746845095581824125e+02 -4.401348191448525959e+00
-1.674503952548219843e+02 2.725740131660375027e+02 -4.039238295532395995e+00
-1.673998597143771576e+02 2.722672944068399943e+02 -3.988802339485740589e+00
-1.673728822230136188e+02 2.721444084717503529e+02 -3.968146740065317424e+00
-1.673610386345204688e+02 2.720940327544785191e+02 -3.959409872350594384e+00
-1.673559948129869213e+02 2.720524182943041751e+02 -3.953200953986779620e+00
-1.673511443870754078e+02 2.720117970452909049e+02 -3.947045551884612813e+00
-1.673377252597211395e+02 2.719795008929768869e+02 -3.941228996763302295e+00
-1.673472773880982061e+02 2.719552883205156490e+02 -3.938077303648571004e+00
-1.673387292208440726e+02 2.719113738574195622e+02 -3.930711312187081141e+00
-1.673274486606121627e+02 2.718638927266520682e+02 -3.923132143515338566e+00
-1.673229807472966399e+02 2.718252359264128017e+02 -3.917082706691915828e+00
-1.673249350964171356e+02 2.717933973336409395e+02 -3.912455385302511246e+00
-1.673087848600861776e+02 2.717418373140653785e+02 -3.903612645906614276e+00
-1.673124856659987643e+02 2.717294412255325256e+02 -3.902010716831440629e+00
-1.673095620137864046e+02 2.716934840617197437e+02 -3.897118887580028002e+00
-1.673076208450196134e+02 2.716259295357704673e+02 -3.886600940320461106e+00
-1.673109194016419394e+02 2.715643561662793104e+02 -3.878450737551905725e+00
-1.673122779755966008e+02 2.715503971382307213e+02 -3.876743359590726357e+00
-1.673118684510895378e+02 2.714540691969251611e+02 -3.862754747557847868e+00
-1.673219822525440463e+02 2.714327417565390874e+02 -3.860760546341305499e+00
-1.673336469116393062e+02 2.714141490772071847e+02 -3.859925369512497983e+00
-1.673272092600341807e+02 2.713758423330203300e+02 -3.853874446440184620e+00
-1.673490070554563545e+02 2.713831317343739897e+02 -3.857487081112624949e+00
-1.673667169943462056e+02 2.713694218826946098e+02 -3.856968410974689121e+00
-1.673818909936244381e+02 2.713531530304251760e+02 -3.856290624274564038e+00
-1.673984310915773790e+02 2.713386682570994139e+02 -3.855719493774000028e+00
-1.674174976839663884e+02 2.713266933083230583e+02 -3.856306216537132681e+00
-1.674264390423950601e+02 2.713045788304186772e+02 -3.854259077251176002e+00
-1.674581681753214184e+02 2.713053094315057479e+02 -3.857638978664478024e+00
-1.674935951789943545e+02 2.713093351587121447e+02 -3.862229629892436567e+00
-1.674824828782507211e+02 2.712836549084447029e+02 -3.857782169501103198e+00
-1.675175286708105205e+02 2.712857222926502914e+02 -3.861266272850653714e+00
-1.675402947343251299e+02 2.712770494414731957e+02 -3.863064005014741120e+00
-1.675418424302511369e+02 2.712483578832147941e+02 -3.858596191812998732e+00
-1.675694764784766448e+02 2.712437564819750833e+02 -3.861657209874799435e+00
-1.675996594360606764e+02 2.712417776159556979e+02 -3.863879271278511052e+00
-1.676086037265689015e+02 2.712353857320152883e+02 -3.864646144819133600e+00
-1.676286493249195075e+02 2.712232031494722264e+02 -3.865232451780265421e+00
-1.676574669769098875e+02 2.712194492672093702e+02 -3.867348336441842171e+00
-1.676603702342254678e+02 2.711924870031670025e+02 -3.863985613259453444e+00
-1.676940479357305378e+02 2.711927619019859321e+02 -3.868363695345323094e+00
-1.677240392138654670e+02 2.711898011333188379e+02 -3.870532846198173171e+00
-1.677475890520985615e+02 2.711799205051125909e+02 -3.872276505728160068e+00
-1.677625851793251854e+02 2.711784451226153010e+02 -3.873361286602356124e+00
-1.677791219303238108e+02 2.711639424915129553e+02 -3.873790524371795385e+00
-1.678188371436582145e+02 2.711376558106405810e+02 -3.873858439894052097e+00
-1.679218418829473478e+02 2.711224388924651407e+02 -3.884182599065892916e+00
-1.684230471801384112e+02 2.710172625585271931e+02 -3.927138489807979305e+00
-1.684604621052584434e+02 2.710158011417059924e+02 -3.931465313053464250e+00
-1.685048988457553207e+02 2.710190090470376845e+02 -3.937108690613700723e+00
-1.686355324329688585e+02 2.710724565284771757e+02 -3.958272629345299443e+00
-1.678565737107082612e+02 2.745925439619749113e+02 -4.452409843387044930e+00
-1.678875845539521094e+02 2.745843503114917894e+02 -4.453314636103502089e+00
-1.679525552552083241e+02 2.746249851840939868e+02 -4.466119240560871617e+00
-1.679592972453732216e+02 2.745811053691440407e+02 -4.459912651189579691e+00
-1.677837128761784413e+02 2.742967811457924654e+02 -4.397270405184783293e+00
-1.677694791872395683e+02 2.742236643011879096e+02 -4.384321683492652610e+00
-1.677614467388142145e+02 2.741614666130300293e+02 -4.374007011275530488e+00
-1.677590453513145690e+02 2.741072580156051686e+02 -4.365166830734333203e+00
-1.677455785053123236e+02 2.740380794039776902e+02 -4.352430782486888639e+00
-1.677319147143319071e+02 2.739678893529567176e+02 -4.339640233612220399e+00
-1.677215342063168748e+02 2.739040987968084551e+02 -4.329218794745364640e+00
-1.676901302623982417e+02 2.738369944272465091e+02 -4.315399235325262595e+00
-1.676952863932254445e+02 2.737954361341726894e+02 -4.309297384543799403e+00
-1.676771408992898102e+02 2.737231596865522079e+02 -4.295350744632299822e+00
-1.676640349057795447e+02 2.736558361113620776e+02 -4.283716797065947546e+00
-1.676575213693458579e+02 2.736014395941022030e+02 -4.274824616402123745e+00
-1.676440171151859602e+02 2.735373036593173879e+02 -4.263351718236588539e+00
-1.676400310112440764e+02 2.734854212059134966e+02 -4.254616647755142367e+00
-1.676013084064048257e+02 2.733650172046906164e+02 -4.231954426923781654e+00
-1.675824318288699715e+02 2.732523443703207704e+02 -4.211906021877529049e+00
-1.675722112614579942e+02 2.731946069310880034e+02 -4.201801332091728902e+00
-1.675637297697414567e+02 2.731405683792372656e+02 -4.192907915724513934e+00
-1.675471278694950854e+02 2.730552830993184443e+02 -4.177305389625750820e+00
-1.675295647084510335e+02 2.729493579100283682e+02 -4.159624328840918039e+00
-1.675296324537930275e+02 2.729078304806250230e+02 -4.152470707875553835e+00
-1.675314309619876951e+02 2.728699598251826046e+02 -4.147527356563936785e+00
-1.675005819651251500e+02 2.727900022515441378e+02 -4.132050179887277075e+00
-1.674955528226855961e+02 2.727641663930493792e+02 -4.127656856834883925e+00
-1.674932753829447449e+02 2.727210596106036178e+02 -4.120397082168086200e+00
-1.674764142615803735e+02 2.726606146148799326e+02 -4.109081949431875103e+00
-1.674785931347182668e+02 2.726246986261969028e+02 -4.104244271414015266e+00
-1.674829141046404857e+02 2.725893177542012609e+02 -4.099457134418609705e+00
-1.674625487805694775e+02 2.725265722425955346e+02 -4.086984903370903588e+00
-1.674542208680282442e+02 2.724785559633741059e+02 -4.079407719014845668e+00
-1.674388768279901853e+02 2.724416065306993460e+02 -4.072327992976492617e+00
-1.674439709271833578e+02 2.724101961756819605e+02 -4.067754616263709266e+00
-1.674504178024399152e+02 2.723805020580364271e+02 -4.064285920425374954e+00
-1.674265328988452097e+02 2.723153788867351750e+02 -4.051654110911880657e+00
-1.674355102123328436e+02 2.722882142692169509e+02 -4.048343120096303593e+00
-1.674223190235151435e+02 2.722361513901196872e+02 -4.038503017301180442e+00
-1.674186455811328926e+02 2.721963429917238955e+02 -4.032401643818223747e+00
-1.674011483864970558e+02 2.721588004063092399e+02 -4.025268901737939942e+00
-1.674054537891649090e+02 2.721285725520828578e+02 -4.020748948944550705e+00
-1.674017756118699367e+02 2.720887398369948755e+02 -4.014646501058496852e+00
-1.673862354645433470e+02 2.720350769786221008e+02 -4.004699431627393835e+00
-1.673856635147238308e+02 2.720007313908051287e+02 -3.999915140547096293e+00
-1.673806251835310377e+02 2.719591445487528176e+02 -3.992706562545857096e+00
-1.673851086563992112e+02 2.719298317784275127e+02 -3.989237654926943044e+00
-1.673732462014491773e+02 2.719002984240147498e+02 -3.983580549343493260e+00
-1.673674247295544149e+02 2.718599226152476263e+02 -3.976426518262778043e+00
-1.673680150106427504e+02 2.718263141143411872e+02 -3.971693059714796359e+00
-1.673689956471602329e+02 2.717947078451835523e+02 -3.967067313344362578e+00
-1.673619995077972362e+02 2.717535323275915857e+02 -3.959859781778864107e+00
-1.673616116645735872e+02 2.717201322461411905e+02 -3.955127027676475393e+00
-1.673575282654454099e+02 2.716834501741729468e+02 -3.949184170936026916e+00
-1.673559726424096823e+02 2.716649902191558681e+02 -3.946211773828594449e+00
-1.673583020493698541e+02 2.716350796159936749e+02 -3.942689716808488676e+00
-1.673530449850928221e+02 2.715976029826881017e+02 -3.936693518182660334e+00
-1.673719287333644274e+02 2.715846871855768541e+02 -3.936228045674114995e+00
-1.673678237544855563e+02 2.715164891047633660e+02 -3.926655862290574284e+00
-1.673767780628347452e+02 2.715101443481176489e+02 -3.926423838753322570e+00
-1.674120039450626791e+02 2.715131346923936917e+02 -3.930958999764833983e+00
-1.673981799177801406e+02 2.714682882900546019e+02 -3.922488826777327908e+00
-1.674133567401698599e+02 2.714520339361797596e+02 -3.921811643958382110e+00
-1.674084824993015275e+02 2.714165245953702765e+02 -3.915921681068001980e+00
-1.674287204803921156e+02 2.714053325169757045e+02 -3.916561233755109228e+00
-1.674427266415437998e+02 2.713882990287480652e+02 -3.915831482454417589e+00
-1.674627794426296248e+02 2.713918591468544150e+02 -3.918231500704401071e+00
-1.674793120468220025e+02 2.713773364666228076e+02 -3.918659593600285262e+00
-1.674981849179472420e+02 2.713643678817689988e+02 -3.919192834356389099e+00
-1.675108356601138269e+02 2.713456045832692780e+02 -3.917358027343608384e+00
-1.675248420416785962e+02 2.713285734744687829e+02 -3.916628461738392630e+00
-1.675526823134780159e+02 2.713250293381719871e+02 -3.918744829013214748e+00
-1.675715564587310951e+02 2.713120672967862106e+02 -3.919278423131320466e+00
-1.675838167198013764e+02 2.713070011725622521e+02 -3.920148918242839731e+00
-1.676102923354621339e+02 2.713016828605678938e+02 -3.922159218829542660e+00
-1.676278007330764694e+02 2.712869410378933139e+02 -3.922586383856729420e+00
-1.676418086227921549e+02 2.712699164269910170e+02 -3.921857171639838491e+00
-1.676754952754228611e+02 2.712702367171561377e+02 -3.925236315129378539e+00
-1.676930046735281508e+02 2.712555000326822778e+02 -3.925663817319222204e+00
-1.677167607749489378e+02 2.712466781202560355e+02 -3.926462842235252104e+00
-1.677329173109374381e+02 2.712459260552719797e+02 -3.928598694025516203e+00
-1.677617290175414269e+02 2.712421422179342017e+02 -3.931714112123803062e+00
-1.677827523483379366e+02 2.712297541932711056e+02 -3.932300044538161732e+00
-1.678053405720183946e+02 2.712201661940495114e+02 -3.933047088680602599e+00
-1.678263654629706707e+02 2.712077836869336238e+02 -3.933633324029322864e+00
-1.678450490332753020e+02 2.711938429203989926e+02 -3.934114243851297488e+00
-1.678785380592420893e+02 2.711931513435547458e+02 -3.938440188789939178e+00
-1.678982108953781278e+02 2.711947600967276344e+02 -3.940735008006266860e+00
-1.679254754243204104e+02 2.711882616447957730e+02 -3.942692427495559038e+00
-1.679476742924532005e+02 2.711766765489305158e+02 -3.943332156144194300e+00
-1.679710339866108484e+02 2.711658243980000407e+02 -3.945023341311650000e+00
-1.679871923353883005e+02 2.711493803441928208e+02 -3.944346880274098410e+00
-1.680158176676833648e+02 2.711446368597712535e+02 -3.947410539932592499e+00
-1.680536061846760845e+02 2.711450940781609802e+02 -3.951841033486064525e+00
-1.680767864478426361e+02 2.711490211536275297e+02 -3.955293910112996691e+00
-1.680929470724578607e+02 2.711325887876802767e+02 -3.954618020557934877e+00
-1.681295682583744906e+02 2.711322827267136972e+02 -3.958996625257591440e+00
-1.681504047468158660e+02 2.711189351461064234e+02 -3.959530799179511895e+00
-1.681880032355243770e+02 2.711184164467862843e+02 -3.963908710356625953e+00
-1.682090276292470605e+02 2.711060344592180513e+02 -3.965496060177619242e+00
-1.682394273052710219e+02 2.711156431522549042e+02 -3.970319804195120206e+00
-1.682756716373406789e+02 2.711134036204144309e+02 -3.973593020128046938e+00
-1.683132756800441143e+02 2.711129134443017392e+02 -3.977972232869544378e+00
-1.683424939675234668e+02 2.711059859437468162e+02 -3.980929033635216108e+00
-1.683773646149297463e+02 2.711019239524751470e+02 -3.985094910567056559e+00
-1.683945067299757739e+02 2.710853004543319003e+02 -3.984419369493860330e+00
-1.684557047438857182e+02 2.711013335080173761e+02 -3.993906163345976701e+00
-1.684689535445320985e+02 2.710961137007956268e+02 -3.994778788040139084e+00
-1.685016925934348819e+02 2.710915699298224695e+02 -3.997895614435626133e+00
-1.685543116366885670e+02 2.711001733733990591e+02 -4.005906709093808971e+00
-1.685880288996934837e+02 2.710954216441693347e+02 -4.009022975326014482e+00
-1.686357789553073872e+02 2.710999484872253902e+02 -4.015770685008164698e+00
-1.687003105266869909e+02 2.711174038573685721e+02 -4.025365406952748693e+00
-1.679093091223189163e+02 2.746541251573626710e+02 -4.533263564927855427e+00
-1.679515765408022787e+02 2.746618830289053790e+02 -4.538117467735139243e+00
-1.678647857280844278e+02 2.744777571655259294e+02 -4.499626607022458202e+00
-1.678360173566795481e+02 2.743823183795693126e+02 -4.480361111025737308e+00
-1.673295920861669686e+02 2.715085671262237952e+02 -3.967897839539949345e+00
-1.673447683625018954e+02 2.714923099680055429e+02 -3.967220505280145471e+00
-1.673753235584709671e+02 2.714922446117747654e+02 -3.970546870045470467e+00
-1.673856351660375026e+02 2.714719342805168480e+02 -3.968607174706122009e+00
-1.674121047868772223e+02 2.714665826864609244e+02 -3.970615802337488454e+00
-1.673523314182331774e+02 2.713898284292465064e+02 -3.952999878328333772e+00
-1.673957424983568103e+02 2.714034628143912187e+02 -3.959172988459438880e+00
-1.674412792309880729e+02 2.714175490210668613e+02 -3.967394742084692005e+00
-1.674817666677267880e+02 2.714266332970112785e+02 -3.973301688813221766e+00
-1.674691066525304279e+02 2.713825318816527670e+02 -3.964882777466784969e+00
-1.674301578076639601e+02 2.713132997885404052e+02 -3.949880415778322718e+00
-1.674869940120723868e+02 2.713383267689544596e+02 -3.960789667099994027e+00
-1.684984205171485030e+02 2.710643455904120174e+02 -4.045524818754242524e+00
-1.686348777674612620e+02 2.711372432836508892e+02 -4.072760831275231475e+00
-1.688331481464658168e+02 2.712555083314084072e+02 -4.114006249530897996e+00
-1.686637021390914697e+02 2.710968857630199409e+02 -4.070984631527984732e+00
-1.679009441868243471e+02 2.746949372519447365e+02 -4.583355788754359672e+00
-1.679201221305693252e+02 2.746678335302893856e+02 -4.580151939332989031e+00
-1.678523594152574390e+02 2.745134079620303851e+02 -4.547405553100390740e+00
-1.678348487124206372e+02 2.744339263129776327e+02 -4.532089351034043645e+00
-1.678148140231801904e+02 2.743519464723788133e+02 -4.515616045776065235e+00
-1.678102924149640103e+02 2.742920815620390158e+02 -4.505458767055344538e+00
-1.677975575725255339e+02 2.742476002680085116e+02 -4.496011375917746911e+00
-1.677226268929088917e+02 2.739883078050289669e+02 -4.444743962543340032e+00
-1.677093493471177794e+02 2.739201013719867319e+02 -4.432060294751108742e+00
-1.676835609554582049e+02 2.737876272518397514e+02 -4.406905657825152645e+00
-1.674939897053388904e+02 2.728085564852053153e+02 -4.224066174423242614e+00
-1.674828232638195118e+02 2.727145525373566670e+02 -4.208072069679330340e+00
-1.674604113526648632e+02 2.725889484823071029e+02 -4.184317145412334682e+00
-1.674439334719695012e+02 2.725304716744820439e+02 -4.173108179876011903e+00
-1.674461080250170539e+02 2.724945322521269304e+02 -4.168269597003832594e+00
-1.674339018808621518e+02 2.724422964938308382e+02 -4.158430350887474702e+00
-1.674386062728621596e+02 2.724088847414193424e+02 -4.153749491093328139e+00
-1.674102445517675051e+02 2.723574047261840860e+02 -4.141774892739595870e+00
-1.674007502852102789e+02 2.723086308546544387e+02 -4.133145152142508216e+00
-1.674009782582699870e+02 2.722731598421570425e+02 -4.127309129550061684e+00
-1.674099542958013274e+02 2.722459886718839357e+02 -4.123997963935736699e+00
-1.674086200808567071e+02 2.722077277829237687e+02 -4.118001325456236650e+00
-1.673932922459816268e+02 2.721551559544240035e+02 -4.107111005828212313e+00
-1.673830089714768974e+02 2.721075617368676944e+02 -4.098534478214899579e+00
-1.673707619107208586e+02 2.720760531836977520e+02 -4.092770826829417175e+00
-1.673632037311965064e+02 2.720319906489903019e+02 -4.084406000010579518e+00
-1.673626421892581959e+02 2.719976979338642877e+02 -4.078623114655155035e+00
-1.673459280511410441e+02 2.719432400892379178e+02 -4.068622737593291738e+00
-1.673556644816100345e+02 2.719199758526474966e+02 -4.066523465029272977e+00
-1.673510140869946952e+02 2.718803800674444915e+02 -4.059422052936912273e+00
-1.673516155944369075e+02 2.718468286426486316e+02 -4.053690286796175712e+00
-1.673333274800523611e+02 2.718104558929096015e+02 -4.046610287177747622e+00
-1.673304178779148685e+02 2.717745703066976262e+02 -4.040720694693674453e+00
-1.673170073444755701e+02 2.717266139176314823e+02 -4.031092037194549782e+00
-1.673154595741462742e+02 2.716924880025312063e+02 -4.025308026559585528e+00
-1.673341379197545962e+02 2.716785191562790942e+02 -4.025787253436051927e+00
-1.673072892643191381e+02 2.716191070719127083e+02 -4.013421523449387074e+00
-1.673273314841597994e+02 2.716069096332976756e+02 -4.014006844110045158e+00
-1.673119599485764013e+02 2.715750519592710361e+02 -4.007191591025823563e+00
-1.673273334063505047e+02 2.715598062072588164e+02 -4.006568519335227840e+00
-1.673448455303009155e+02 2.715136721918388503e+02 -4.001369677471260822e+00
-1.673448398344177406e+02 2.714822346834089331e+02 -3.996742906729213729e+00
-1.673409413101817336e+02 2.714465033108645571e+02 -3.990851745539754525e+00
-1.673487259286527831e+02 2.714236793672672547e+02 -3.987754054562972605e+00
-1.675318784989401308e+02 2.715898844902402516e+02 -4.035334268949739567e+00
-1.673689523273977784e+02 2.713967245908549444e+02 -3.986578632019181168e+00
-1.674435022169926697e+02 2.714394679681715843e+02 -4.001595318686770320e+00
-1.674121478966565348e+02 2.713778445111750557e+02 -3.989068859740958040e+00
-1.674389986004661068e+02 2.713430442621994416e+02 -3.986557815780557235e+00
-1.674740317099164031e+02 2.713450470889496842e+02 -3.991039882401659966e+00
-1.674029638176208721e+02 2.712626098566711903e+02 -3.970007316589085455e+00
-1.674919291052582651e+02 2.713165967317249283e+02 -3.988761258662252729e+00
-1.675146943886950055e+02 2.713079211217741999e+02 -3.990558839359159116e+00
-1.675460349077567344e+02 2.713066559403452516e+02 -3.993831441530645066e+00
-1.675613976177884297e+02 2.712913593126269802e+02 -3.994207243560033316e+00
-1.675777453330013600e+02 2.712758840351527283e+02 -3.993582867333493880e+00
-1.676126011306743635e+02 2.712926807141172389e+02 -3.999827407779537491e+00
-1.676229009497842526e+02 2.712723129150198247e+02 -3.998886292345578575e+00
-1.676417870630743039e+02 2.712594092638723282e+02 -3.998421595122918504e+00
-1.676493626200309564e+02 2.712355159757432830e+02 -3.996268255763259170e+00
-1.676955106105657762e+02 2.712475078416005090e+02 -4.003386252665403156e+00
-1.677030871816234026e+02 2.712236172666753191e+02 -4.001233064799247785e+00
-1.677071615930079815e+02 2.711974379154889334e+02 -3.997923231035593883e+00
-1.677379342226217602e+02 2.712089619658115680e+02 -4.002850587722249109e+00
-1.677741431534756202e+02 2.712117710058720945e+02 -4.008387597474913022e+00
-1.677803625627646511e+02 2.711861441652508233e+02 -4.005129060003104868e+00
-1.678064521134259337e+02 2.711788431607720895e+02 -4.007032708550910094e+00
-1.678508499300963877e+02 2.711870809689820589e+02 -4.013938019124726253e+00
-1.678757713312089379e+02 2.711790124817274545e+02 -4.015789492136344840e+00
-1.678821911418730792e+02 2.711701186246422139e+02 -4.015399001069431151e+00
-1.679092585413810070e+02 2.711626077861533872e+02 -4.017302107535551947e+00
-1.679279439318682705e+02 2.711486763674301983e+02 -4.017783532160386528e+00
-1.679466295043737603e+02 2.711347458834882218e+02 -4.018265007265506839e+00
-1.679725180728148928e+02 2.711264132842651975e+02 -4.021114516271222961e+00
-1.680128431156972511e+02 2.711294337615211134e+02 -4.025704234479678512e+00
-1.680449723244477696e+02 2.711269903649696857e+02 -4.029925086225371267e+00
-1.680609390927884021e+02 2.711252662156356337e+02 -4.032008497986691253e+00
-1.680938587131504676e+02 2.711216473008954040e+02 -4.035175631804273522e+00
-1.680942235959547588e+02 2.710921172739779763e+02 -4.031653669544517982e+00
-1.681452735006967885e+02 2.711031225430335212e+02 -4.038771683538115553e+00
-1.681588957656296941e+02 2.710841199954054446e+02 -4.037936250194364973e+00
-1.681857660987479903e+02 2.710755976723493745e+02 -4.040786064360206709e+00
-1.682379823835098023e+02 2.710873644095472059e+02 -4.048956836437008988e+00
-1.682755851514758945e+02 2.710868676868708462e+02 -4.053335755337589497e+00
-1.682983782445328984e+02 2.710888088892586438e+02 -4.056681803191978020e+00
-1.683264252077065635e+02 2.710810951067829251e+02 -4.059585656952727994e+00
-1.683698787143796096e+02 2.710844876857909753e+02 -4.065228451658620124e+00
-1.683953978941603964e+02 2.710742599541035247e+02 -4.066974403504993063e+00
-1.684304679610582411e+02 2.710712196153474451e+02 -4.071194919752256780e+00
-1.684801289845406416e+02 2.710332216417100426e+02 -4.072766014334030515e+00
-1.686471897153643624e+02 2.711272467709144962e+02 -4.107424100364443831e+00
-1.686522240654627751e+02 2.710693616707077354e+02 -4.100486435513191807e+00
-1.687818665602107160e+02 2.711334266991452751e+02 -4.126192499894980159e+00
-1.678768993652364827e+02 2.746761597331976645e+02 -4.647220118571088854e+00
-1.679207016020853303e+02 2.746865680775085821e+02 -4.654230127567553943e+00
-1.678741565822101620e+02 2.744788768349222323e+02 -4.611939927157653329e+00
-1.678506341162133708e+02 2.743894491180244017e+02 -4.594042582720473611e+00
-1.677950883373301281e+02 2.742559065672942893e+02 -4.564510168915922428e+00
-1.677895985551996603e+02 2.741963005997662322e+02 -4.553355112249290571e+00
-1.677154002699288071e+02 2.739617068831556139e+02 -4.504375580504722976e+00
-1.676515254423161991e+02 2.736283484595172695e+02 -4.439380722526201417e+00
-1.674684813921537341e+02 2.726723307386089914e+02 -4.255806514027911547e+00
-1.674468229704581574e+02 2.725663013792524794e+02 -4.235074405672617281e+00
-1.674224460571456063e+02 2.724410717031387321e+02 -4.211318950517658699e+00
-1.674141250923101722e+02 2.723930905264796820e+02 -4.202742391324294502e+00
-1.674083350591462533e+02 2.723476426315467052e+02 -4.194323798569593365e+00
-1.674040920705832605e+02 2.723049074205977149e+02 -4.187063401095058701e+00
-1.673934365099549950e+02 2.722554006952728400e+02 -4.177382203926503834e+00
-1.673837577405869013e+02 2.721899742415367882e+02 -4.165887686875916707e+00
-1.673835905824719816e+02 2.721524752235699793e+02 -4.159942980571972093e+00
-1.673785703601985801e+02 2.721109795563351099e+02 -4.151737461366061588e+00
-1.673698448514266204e+02 2.720661537515581472e+02 -4.143320567130155396e+00
-1.673661748043466559e+02 2.720263622120144191e+02 -4.136219132049738789e+00
-1.673547159126685813e+02 2.719779621608903994e+02 -4.127588835377190790e+00
-1.673319681428522472e+02 2.719343851935802263e+02 -4.118086126108880585e+00
-1.673469684960301151e+02 2.719172227303798763e+02 -4.116358098180672442e+00
-1.673397835139395511e+02 2.718750773835379277e+02 -4.109098074276336554e+00
-1.673326070397105525e+02 2.718329726568056230e+02 -4.100838978469056428e+00
-1.673293073669528894e+02 2.717950838067328050e+02 -4.094841742421963637e+00
-1.673324301398684781e+02 2.717640141050997045e+02 -4.090266553247006165e+00
-1.673256289445017160e+02 2.717238397504997351e+02 -4.083112847983416671e+00
-1.673176605283781839e+02 2.716986058985841055e+02 -4.077719525007571733e+00
-1.673186360523363874e+02 2.716669758681688904e+02 -4.073092788942623166e+00
-1.673235107146798271e+02 2.716396715296008892e+02 -4.068730951327863998e+00
-1.673075574110682169e+02 2.715891210608868960e+02 -4.058941760424503720e+00
-1.673075547605380677e+02 2.715577004395653944e+02 -4.054315600695858279e+00
-1.672968572655099422e+02 2.714818030640075790e+02 -4.040270277896507167e+00
-1.673023012319662541e+02 2.714731293359074584e+02 -4.039880646110084683e+00
-1.673237068703840862e+02 2.714627009648810940e+02 -4.040571993875303747e+00
-1.673287600969778453e+02 2.714363154949086265e+02 -4.037261403329841514e+00
-1.673579488296261957e+02 2.714344641870763439e+02 -4.040481070456118928e+00
-1.673301068824349613e+02 2.713751838754388359e+02 -4.028112679279375996e+00
-1.673896655679506011e+02 2.714037241250945840e+02 -4.039232706656322058e+00
-1.673719445674173016e+02 2.713702651182861700e+02 -4.032310351668284554e+00
-1.673962689433289484e+02 2.713643634873274664e+02 -4.034267809129552518e+00
-1.673949011285229460e+02 2.713311630077953396e+02 -4.028534607246534449e+00
-1.674330367457236832e+02 2.713386356842394207e+02 -4.035334807483302200e+00
-1.674495781178044638e+02 2.713241574543816341e+02 -4.034764030344739183e+00
-1.675011565919140537e+02 2.713431101428182046e+02 -4.044302377472144272e+00
-1.675038770435070603e+02 2.713152084750869335e+02 -4.039887594233266377e+00
-1.675213952181133834e+02 2.713162175838128292e+02 -4.042128924977169468e+00
-1.675390982470827623e+02 2.713024740711214235e+02 -4.042609824412814135e+00
-1.675581681566332293e+02 2.712905174054340591e+02 -4.043197352951946932e+00
-1.675745153121813473e+02 2.712750417486132619e+02 -4.042573010953703694e+00
-1.675959164991442094e+02 2.712645923423115732e+02 -4.044264490734195583e+00
-1.676099230101129365e+02 2.712475631455475309e+02 -4.043535085584313293e+00
-1.676362055873623262e+02 2.712569572504904158e+02 -4.048305033690854593e+00
-1.676511876063318596e+02 2.712397012082807919e+02 -4.047574237440517031e+00
-1.676726005527029031e+02 2.712293141105255927e+02 -4.048267687217180111e+00
-1.676949782221564931e+02 2.712186478531639295e+02 -4.049958365356012280e+00
-1.677251558584175086e+02 2.712166447318961104e+02 -4.053180263025504715e+00
-1.677512431202405310e+02 2.712093344676499669e+02 -4.055083466238889045e+00
-1.677613472790627327e+02 2.711879593321522748e+02 -4.054088315475977033e+00
-1.677923191449308717e+02 2.712005040940181289e+02 -4.059070380039938364e+00
-1.678049610907700355e+02 2.711817011889471587e+02 -4.058234933442080639e+00
-1.678384489460091800e+02 2.711810011048373781e+02 -4.062560483631878938e+00
-1.678585003583815194e+02 2.711688508757659974e+02 -4.063148294025892504e+00
-1.678857532053147565e+02 2.711622930076750890e+02 -4.066103954428309741e+00
-1.679106750484723989e+02 2.711542292854659308e+02 -4.067955679788712864e+00
-1.679266353571147476e+02 2.711367681681003319e+02 -4.067224712847644419e+00
-1.679601288573579154e+02 2.711360970745885197e+02 -4.071551589841968521e+00
-1.679675235123484356e+02 2.711269779534130180e+02 -4.071159842810821772e+00
-1.680017966398943656e+02 2.711250790306472709e+02 -4.075431561818574799e+00
-1.680302260264832910e+02 2.711193292388417149e+02 -4.078441177054671130e+00
-1.680463745914428841e+02 2.711028380121700252e+02 -4.078763613121316745e+00
-1.680771479273816453e+02 2.710986624745847848e+02 -4.081879163912036645e+00
-1.681030506226872774e+02 2.710904043422544305e+02 -4.083731180115472981e+00
-1.681320684071781102e+02 2.710981509233229190e+02 -4.089445737272512815e+00
-1.681531019470452009e+02 2.710858128337895323e+02 -4.090034072829392464e+00
-1.681981012780245806e+02 2.710919105822493407e+02 -4.096834480436234216e+00
-1.682273159357013412e+02 2.710849619455966035e+02 -4.099790383532455174e+00
-1.682481545959707887e+02 2.710716280135511624e+02 -4.100325229844791863e+00
-1.682834049203355278e+02 2.710695139915479217e+02 -4.105597099424540986e+00
-1.683114607170151373e+02 2.710618499861172950e+02 -4.107502301166040759e+00
-1.683342559292832163e+02 2.710637970823033243e+02 -4.110848677247578742e+00
-1.683695090501489062e+02 2.710617024117840401e+02 -4.116121462525729413e+00
-1.685020105455244845e+02 2.710724056729177391e+02 -4.135101763932420127e+00
-1.686146686417710328e+02 2.711277294635490307e+02 -4.158175139944363607e+00
-1.685694228107979029e+02 2.710627865534477792e+02 -4.143331133519982501e+00
-1.685793384638305952e+02 2.710247445156686013e+02 -4.139471554628128658e+00
-1.685724973419126229e+02 2.709896011522828303e+02 -4.133581261232819770e+00
-1.679101781961396114e+02 2.746378471935868788e+02 -4.771763272703056558e+00
-1.678642848753235342e+02 2.745434194331354547e+02 -4.749364682633599344e+00
-1.678351439429393110e+02 2.744460667279518020e+02 -4.728994619924461240e+00
-1.678463557247436881e+02 2.744094470195825011e+02 -4.723211386541971812e+00
-1.678474796405220957e+02 2.743576436513097860e+02 -4.713531184376544836e+00
-1.678233636454567090e+02 2.742704019931000516e+02 -4.695740978250721120e+00
-1.678037088271094888e+02 2.741903730345661643e+02 -4.679373144391679062e+00
-1.678039681782409218e+02 2.741655346655031735e+02 -4.675085851963375561e+00
-1.677674273390713893e+02 2.740615740591837834e+02 -4.652293806589200997e+00
-1.677345658143122762e+02 2.739660437509626263e+02 -4.630978617116740637e+00
-1.677311929233458159e+02 2.739120782444486508e+02 -4.621139919480617309e+00
-1.677140381978273354e+02 2.738396564870859606e+02 -4.606194536157866004e+00
-1.677137637428984647e+02 2.737911393414215695e+02 -4.597672257495816872e+00
-1.677037844675938913e+02 2.737294082170636784e+02 -4.585359252918502548e+00
-1.676762795594020474e+02 2.736666271865220210e+02 -4.570803555052673772e+00
-1.676711396160131358e+02 2.736140526582072425e+02 -4.561018747670877893e+00
-1.676615313118714994e+02 2.735542260411215238e+02 -4.549810162155949911e+00
-1.676396942423926930e+02 2.734786887139202349e+02 -4.533653585143894382e+00
-1.676318315982252614e+02 2.734225942203122486e+02 -4.522656737728589782e+00
-1.676282292667876561e+02 2.733726851810516791e+02 -4.514028231078127007e+00
-1.676108506437531105e+02 2.733043465318090739e+02 -4.499293269128563644e+00
-1.675862265708474865e+02 2.732511311334833408e+02 -4.487266629145873154e+00
-1.675800959365727749e+02 2.731987004875782077e+02 -4.477479757322953446e+00
-1.675663867519026837e+02 2.731387444899875732e+02 -4.465220642181327193e+00
-1.675606405036303670e+02 2.730882866665081110e+02 -4.455540070943879272e+00
-1.675578029361388701e+02 2.730423026883401008e+02 -4.447123412024575728e+00
-1.675388375169297888e+02 2.729762813278583167e+02 -4.433493812703992454e+00
-1.675212321861359328e+02 2.729120131799687101e+02 -4.419969560860040225e+00
-1.675090198020446621e+02 2.728754479220476696e+02 -4.412942121230527981e+00
-1.674958792412052162e+02 2.728184121745726429e+02 -4.400840825544363177e+00
-1.674893291028277531e+02 2.727690606490430696e+02 -4.392211129510132928e+00
-1.674858934509352650e+02 2.727252393352696913e+02 -4.383900823063713759e+00
-1.674690442078177171e+02 2.726648522685849230e+02 -4.371587254704426329e+00
-1.674617177842160061e+02 2.726167464053211233e+02 -4.362012824555439927e+00
-1.674571069720242917e+02 2.725721216042197170e+02 -4.353648696687248076e+00
-1.674427409250658059e+02 2.725349618307656669e+02 -4.346568284311222108e+00
-1.674371523916029219e+02 2.724905487664240695e+02 -4.338205037543301223e+00
-1.674445867577289846e+02 2.724606925067845395e+02 -4.333736808690737519e+00
-1.674310255604539464e+02 2.724067288170654706e+02 -4.322792429259608937e+00
-1.674213490336194639e+02 2.723570183430946940e+02 -4.313110839567976029e+00
-1.674161427397251600e+02 2.723145683253553671e+02 -4.304853482358370620e+00
-1.674043181962464644e+02 2.722642923326408209e+02 -4.295120127682580780e+00
-1.673983128698701250e+02 2.722386742803960828e+02 -4.289726924593865398e+00
-1.673893982837379895e+02 2.721928786888433933e+02 -4.281257597513883795e+00
-1.673789322412960416e+02 2.721443465091484200e+02 -4.271629204580357886e+00
-1.673674899906096982e+02 2.720960325888763691e+02 -4.262001569966751724e+00
-1.673560450449968471e+02 2.720477060760549648e+02 -4.252373610969469198e+00
-1.673496454398322157e+02 2.720043599329506492e+02 -4.245059595454077517e+00
-1.673407310059778297e+02 2.719428600822839144e+02 -4.233776942255024878e+00
-1.673349228560849156e+02 2.719025521119929749e+02 -4.225624946020505313e+00
-1.673341608137175740e+02 2.718672296982851435e+02 -4.219787170883126493e+00
-1.673156978243254684e+02 2.718142544802571479e+02 -4.208843649068891857e+00
-1.673149319063508358e+02 2.717789134103049946e+02 -4.203004983341640965e+00
-1.673120216263166924e+02 2.717430230953306136e+02 -4.197115317045713390e+00
-1.673081393827726799e+02 2.717230773021370283e+02 -4.193039891711805467e+00
-1.673139898007527506e+02 2.716955523795757017e+02 -4.188676931492073763e+00
-1.673110753720839341e+02 2.716596420061852655e+02 -4.182786298885845966e+00
-1.673171094674830783e+02 2.716330597165726886e+02 -4.179475515908841032e+00
-1.673145840161058970e+02 2.715991469921650037e+02 -4.173692343026084828e+00
-1.673143964245914788e+02 2.715667747539518473e+02 -4.168013764628978990e+00
-1.673268512202693046e+02 2.714998943411109735e+02 -4.158686065481882466e+00
-1.673342454040836742e+02 2.714750652640905173e+02 -4.155480629981508578e+00
-1.673447522688970537e+02 2.714557589519291128e+02 -4.153594793316435663e+00
-1.673585620299064374e+02 2.714377168224602883e+02 -4.152810811871546548e+00
-1.673751034032061682e+02 2.714232385987937164e+02 -4.152239915690815408e+00
-1.673815218703881840e+02 2.713986315535081530e+02 -4.149035678489520151e+00
-1.673865840914581042e+02 2.713879942437800992e+02 -4.147539340277932141e+00
-1.674130426549616288e+02 2.713825889364872523e+02 -4.150546452130408959e+00
-1.674219860162006626e+02 2.713604847442711048e+02 -4.148499808606512573e+00
-1.674435900067853140e+02 2.713510762867163635e+02 -4.149245813689784512e+00
-1.674688908261833831e+02 2.713449563569562315e+02 -4.151202393815285774e+00
-1.674926295888095069e+02 2.713360484720566888e+02 -4.152998339945814799e+00
-1.674941695185569870e+02 2.713073176078162305e+02 -4.149529614899007512e+00
-1.676514707845982457e+02 2.714401768386781555e+02 -4.190104016803996245e+00
-1.675194701633721195e+02 2.712854929878345729e+02 -4.148673022202225447e+00
-1.675509968969365104e+02 2.712851859636697327e+02 -4.152998455925256849e+00
-1.675712371414738016e+02 2.712740080043232069e+02 -4.153638646721839578e+00
-1.675949786349833346e+02 2.712651141442364633e+02 -4.155435290535573145e+00
-1.676076191506774933e+02 2.712462989047313044e+02 -4.154599187799288273e+00
-1.676278605777240216e+02 2.712351270183665974e+02 -4.155239766238813637e+00
-1.676514207272223018e+02 2.712410025601880079e+02 -4.158797750032275253e+00
-1.676763244112841562e+02 2.712328486527991345e+02 -4.161646288488059398e+00
-1.677026073717869963e+02 2.712265384375801887e+02 -4.163603208107273801e+00
-1.677288805496909845e+02 2.712201810556879309e+02 -4.166558905788516398e+00
-1.677563353805543045e+02 2.712146599267333045e+02 -4.168568923853510633e+00
-1.677689771443752136e+02 2.711958560868811787e+02 -4.167733426775367178e+00
-1.677824111603844983e+02 2.711915849851939129e+02 -4.168657408054577296e+00
-1.678038175236957272e+02 2.711811646575342252e+02 -4.170350274108034050e+00
-1.678359377188854182e+02 2.711786749707423496e+02 -4.174568984206080025e+00
-1.678608581962966468e+02 2.711706042345789456e+02 -4.176420390485422907e+00
-1.678855832864475701e+02 2.711615275641869403e+02 -4.178217837156241288e+00
-1.679077702775525154e+02 2.711498845454739808e+02 -4.179855882385783872e+00
-1.679385378768686223e+02 2.711456795468046153e+02 -4.182970140652919611e+00
-1.679632690620718165e+02 2.711523379717862099e+02 -4.187581924586638138e+00
-1.679854583284050307e+02 2.711407066378375816e+02 -4.189220600819755447e+00
-1.680041552975011427e+02 2.711268365990709981e+02 -4.188703825918307366e+00
-1.680286779356757734e+02 2.711167232806824359e+02 -4.191446914873902863e+00
-1.680534080213757591e+02 2.711076747603424906e+02 -4.193245578295232256e+00
-1.680828138000557601e+02 2.711017076531820749e+02 -4.196254307128441496e+00
-1.681143700352380108e+02 2.711120248833219080e+02 -4.202128433314312517e+00
-1.681437781813743868e+02 2.711060699345076159e+02 -4.205137699349070779e+00
-1.681632468271385505e+02 2.710909318133415127e+02 -4.205565042220038130e+00
-1.681864168688300936e+02 2.710791031799798247e+02 -4.207203738865807452e+00
-1.682158277464593539e+02 2.710731622590739107e+02 -4.210213643062686195e+00
-1.682485467362466807e+02 2.710685160503397810e+02 -4.214326804925736525e+00
-1.682791304729458091e+02 2.710633717881826215e+02 -4.217390151836951873e+00
-1.683128305079499114e+02 2.710742334593167584e+02 -4.224316115527489757e+00
-1.683311321866745516e+02 2.710583339283566033e+02 -4.224691670505213104e+00
-1.683613266049991637e+02 2.710511852759914291e+02 -4.227647502041667948e+00
-1.683965911360654673e+02 2.710491486256507301e+02 -4.231921851644095511e+00
-1.684564120051365705e+02 2.710633414497763169e+02 -4.242300525932946265e+00
-1.684532737241199811e+02 2.710315174898235000e+02 -4.237621937739543654e+00
-1.684737255126988487e+02 2.710161942275904607e+02 -4.238049838224711152e+00
-1.685002126801093425e+02 2.710057065966408913e+02 -4.240793934184300618e+00
-1.685278863356231511e+02 2.710117813486332352e+02 -4.245406089238302982e+00
-1.685637397364160108e+02 2.710075372060128984e+02 -4.249572615598826708e+00
-1.685915987515149368e+02 2.709988606839030467e+02 -4.252424593654576590e+00
-1.686309609704763375e+02 2.709969370182500370e+02 -4.257749303731711343e+00
-1.678495076789012330e+02 2.745303965214112623e+02 -4.840662485938502790e+00
-1.678421053953880175e+02 2.744662004349972904e+02 -4.827246100320678579e+00
-1.678343135891378495e+02 2.744000038983527929e+02 -4.813722044017439750e+00
-1.678241128265145790e+02 2.743580708062637541e+02 -4.804433248466149387e+00
-1.678068000079306330e+02 2.742796048421022306e+02 -4.788170684903536589e+00
-1.678321722730572674e+02 2.742633847428276113e+02 -4.787599204790646823e+00
-1.677985554016954097e+02 2.741639746644336810e+02 -4.765073407606597478e+00
-1.677802586695625280e+02 2.740856886358993734e+02 -4.748810365941040779e+00
-1.677722520833667943e+02 2.740236195369134293e+02 -4.735498771750711100e+00
-1.677364788200827661e+02 2.739236009274604839e+02 -4.712919125573689527e+00
-1.677167483411586772e+02 2.738693549551448427e+02 -4.700890070614250682e+00
-1.676968868637372339e+02 2.737934970564799073e+02 -4.683735480695316866e+00
-1.676923493491472357e+02 2.737387828442697923e+02 -4.672844587338712330e+00
-1.676767439720318578e+02 2.736690850241517978e+02 -4.658056975295869151e+00
-1.676586032775397541e+02 2.735968338939835007e+02 -4.643110728083160055e+00
-1.676391070364871041e+02 2.735228510507933493e+02 -4.627059086139774458e+00
-1.676281527591454505e+02 2.734613438025717755e+02 -4.613746648690164598e+00
-1.675993700390046683e+02 2.733553599204222451e+02 -4.590934547192571102e+00
-1.675944128890795355e+02 2.733037229072644436e+02 -4.581200847732575632e+00
-1.675756788872831180e+02 2.732336559016824253e+02 -4.565360786722859388e+00
-1.675654684541154893e+02 2.731759699298733608e+02 -4.554257486462589100e+00
-1.675649721050903906e+02 2.731315461811128671e+02 -4.545946065414703696e+00
-1.675551459669160010e+02 2.730758325643389526e+02 -4.534949040499760997e+00
-1.674475575275538404e+02 2.725702409104963522e+02 -4.429555831405323829e+00
-1.674390579848580956e+02 2.725213432902387467e+02 -4.419928210811816527e+00
-1.674332846032485236e+02 2.724759790856828658e+02 -4.410512392052325481e+00
-1.674206990303777332e+02 2.724217928906471684e+02 -4.399566908124143971e+00
-1.674050208069695316e+02 2.723464855005295817e+02 -4.384493013013245566e+00
-1.674019578455925910e+02 2.723045756982996863e+02 -4.376286414972905270e+00
-1.673981136447522999e+02 2.722638891881275640e+02 -4.368134722438738571e+00
-1.673771576916460617e+02 2.722033428031763265e+02 -4.354769485252278471e+00
-1.674161466037484445e+02 2.721209755118202338e+02 -4.345921966419799887e+00
-1.674750936685429679e+02 2.721516082389232452e+02 -4.358145530517114175e+00
-1.674883457614861300e+02 2.721307015456600880e+02 -4.356205108219242561e+00
-1.675185067652881230e+02 2.721286123368786320e+02 -4.360423510534610081e+00
-1.675500437283723443e+02 2.721283572691972381e+02 -4.363749942375722668e+00
-1.675438512444818855e+02 2.720860754961295811e+02 -4.355491595101767643e+00
-1.674316548631385615e+02 2.719441523939613603e+02 -4.316925660604089998e+00
-1.673011840678034901e+02 2.717659282404903252e+02 -4.269281052481156635e+00
-1.672943939167723499e+02 2.717258100272198362e+02 -4.261128989144525647e+00
-1.672897351432221456e+02 2.716861712111279985e+02 -4.254025850169855794e+00
-1.672843065001859486e+02 2.716478122533397368e+02 -4.245979224373700234e+00
-1.672930604354667707e+02 2.716247339890753665e+02 -4.243879682812750076e+00
-1.673096039948140969e+02 2.716102669920693984e+02 -4.243309213832196392e+00
-1.672938519384052825e+02 2.715764532726162201e+02 -4.235387420054435026e+00
-1.672987234532144782e+02 2.715491340169284626e+02 -4.231024893770946704e+00
-1.673127305262858897e+02 2.715321052118933949e+02 -4.230295216308431527e+00
-1.673024193395849863e+02 2.714896018606781922e+02 -4.221983170663724749e+00
-1.673010575356479990e+02 2.714564322505930818e+02 -4.216251217982550870e+00
-1.673010601519981151e+02 2.714250368524885744e+02 -4.210625510526426751e+00
-1.673137089835824156e+02 2.714062637418824124e+02 -4.208790113949558709e+00
-1.673265427865010224e+02 2.714041474451586851e+02 -4.210820453119424656e+00
-1.673508660703030841e+02 2.713982402055131047e+02 -4.212777607698976468e+00
-1.673607829633458266e+02 2.713759027610927319e+02 -4.210729219633654097e+00
-1.673761534023801403e+02 2.713606440009016865e+02 -4.210105679250748523e+00
-1.673977560278278247e+02 2.713512285324883351e+02 -4.210851305731874383e+00
-1.674154568329643098e+02 2.713374723515859728e+02 -4.211331583231066489e+00
-1.674308287225378251e+02 2.713379248343713357e+02 -4.213521390469192163e+00
-1.674471738238802345e+02 2.713224398753088735e+02 -4.212896543641766911e+00
-1.674750008126821115e+02 2.713188293482774043e+02 -4.216010951764499026e+00
-1.674864697068705368e+02 2.712992312901515106e+02 -4.215121900035749825e+00
-1.675141019336944623e+02 2.712946205349091429e+02 -4.218182532336859580e+00
-1.675382347341666787e+02 2.712877350406009214e+02 -4.220086978339339545e+00
-1.675534109962821105e+02 2.712714803042839549e+02 -4.219409889269774006e+00
-1.675748237154142259e+02 2.712767945856376741e+02 -4.222916216171874737e+00
-1.675936979516764325e+02 2.712638330116424754e+02 -4.223449835530122876e+00
-1.676137332207638906e+02 2.712516004549870559e+02 -4.225034828633509321e+00
-1.676363155920304564e+02 2.712419873896669742e+02 -4.225780688266191909e+00
-1.676637572977391812e+02 2.712363969382116125e+02 -4.228788417253954712e+00
-1.676851604739024140e+02 2.712259602425950220e+02 -4.230480578465661168e+00
-1.676927499050903805e+02 2.712178389277290762e+02 -4.230142362065898887e+00
-1.677153247937684739e+02 2.712081855181238552e+02 -4.231887497510213869e+00
-1.677377037385688539e+02 2.711975258104214390e+02 -4.233578409968878908e+00
-1.677665157175907780e+02 2.711937433721597586e+02 -4.236693963308678867e+00
-1.677803282850542246e+02 2.711757181506044390e+02 -4.235911069019545394e+00
-1.678101165799870387e+02 2.711717155107916142e+02 -4.239025406004993002e+00
-1.678400917642717616e+02 2.711686757415272382e+02 -4.243192945959261664e+00
-1.678622914458798334e+02 2.711727986169042879e+02 -4.246645845547927678e+00
-1.678796081758266610e+02 2.711570724572983409e+02 -4.247020092918352141e+00
-1.679092038007725876e+02 2.711520803330666354e+02 -4.250081353647633620e+00
-1.679364585595070594e+02 2.711455322832733827e+02 -4.253037484571969173e+00
-1.679504699725777641e+02 2.711285307567885070e+02 -4.252309509016792610e+00
-1.679689602494415794e+02 2.711135948091040291e+02 -4.252736990232447667e+00
-1.680094613335779457e+02 2.711175205284588401e+02 -4.259378074772813605e+00
-1.680110074279059518e+02 2.710888219925292333e+02 -4.254910121026941994e+00
-1.680269731797076815e+02 2.710870951176090102e+02 -4.256993619379096039e+00
-1.680503354351215251e+02 2.710762536255220994e+02 -4.258685385122485734e+00
-1.680736984198273944e+02 2.710654158787510255e+02 -4.260377233744851111e+00
-1.681091374841289792e+02 2.710642736528909040e+02 -4.265701577529193322e+00
-1.682070830518432274e+02 2.710387803406514990e+02 -4.276441998409709733e+00
-1.686134175869349860e+02 2.709592324642746348e+02 -4.324714656626818865e+00
-1.679348611125647892e+02 2.746182314630725614e+02 -4.952260915415982900e+00
-1.678471762564478809e+02 2.744347412010011453e+02 -4.905782351151338538e+00
-1.678030260449124285e+02 2.743440324647090165e+02 -4.883595030541838966e+00
-1.677713762460970770e+02 2.742442593093054484e+02 -4.860069280698084526e+00
-1.678015891692720629e+02 2.742372013691909842e+02 -4.862026300688752301e+00
-1.677947567329314325e+02 2.741759330629028000e+02 -4.848768019300185195e+00
-1.677782111745443956e+02 2.741014062271208900e+02 -4.832718060646698177e+00
-1.678039572723403126e+02 2.740871065781589664e+02 -4.833251738692564636e+00
-1.678154726526564389e+02 2.740782169267782820e+02 -4.832913404914230604e+00
-1.678173606810975400e+02 2.740303377697654241e+02 -4.823445118989200253e+00
-1.677608392300443825e+02 2.739022474624576375e+02 -4.791181924960246086e+00
-1.677254468375350882e+02 2.738041848701747654e+02 -4.768708146865901831e+00
-1.677044231039464535e+02 2.737275904241598141e+02 -4.750501898428034941e+00
-1.676930892807437772e+02 2.736641327156940520e+02 -4.737084014845954982e+00
-1.676819462919069395e+02 2.736016575595457994e+02 -4.723719066949588097e+00
-1.676635640815659940e+02 2.735543345679906224e+02 -4.712063154761166217e+00
-1.676388280619003979e+02 2.734743715425021264e+02 -4.693643937822901790e+00
-1.676270806916307095e+02 2.734140247949232503e+02 -4.681384708248572224e+00
-1.676192258526460819e+02 2.733579710550387745e+02 -4.669388848372439504e+00
-1.676065088039680120e+02 2.732978767709469707e+02 -4.656131130337368695e+00
-1.675934009157639650e+02 2.732357740268414545e+02 -4.642765669687282326e+00
-1.675890215332437378e+02 2.731871054691717404e+02 -4.633192032264644489e+00
-1.675721744398221915e+02 2.731424339055749329e+02 -4.622691544587421930e+00
-1.675542093246054947e+02 2.730763168756865866e+02 -4.607064549915305562e+00
-1.675474859413400850e+02 2.730260750472431255e+02 -4.597384967870923766e+00
-1.675312575863673317e+02 2.729636437660396950e+02 -4.582968658961881658e+00
-1.675206539278451316e+02 2.729091707158050895e+02 -4.571026622264287020e+00
-1.675248013804614686e+02 2.728728981418194053e+02 -4.565189464017215926e+00
-1.675209909845894174e+02 2.728271516976363955e+02 -4.555773866052780896e+00
-1.675089810388644196e+02 2.727916255127088903e+02 -4.547800969807644478e+00
-1.675051671822074866e+02 2.727458612953016655e+02 -4.538384650802113285e+00
-1.674922150090499713e+02 2.726897930401237318e+02 -4.526335721254071132e+00
-1.674837208903356895e+02 2.726409220279413717e+02 -4.516709301290697809e+00
-1.674764036902775501e+02 2.725928629550999744e+02 -4.506136067786895794e+00
-1.674799551139175549e+02 2.725587623539418018e+02 -4.500405647799722075e+00
-1.674712704098244558e+02 2.725089107373654542e+02 -4.489725422842277602e+00
-1.674452512327194142e+02 2.724589965115591781e+02 -4.477856424789086631e+00
-1.674460795785438449e+02 2.724213765036379868e+02 -4.470913989955902501e+00
-1.674342709579369739e+02 2.723711804590802785e+02 -4.460183266875263897e+00
-1.674339370995990350e+02 2.723328229234581386e+02 -4.452189123069183907e+00
-1.674207596878288484e+02 2.722808302197899479e+02 -4.441351181320969843e+00
-1.674064206569553619e+02 2.722281042405057292e+02 -4.429461757734824090e+00
-1.673971257326255397e+02 2.721803535414032353e+02 -4.419885880920505272e+00
-1.673901439993291547e+02 2.721549552233191207e+02 -4.414493868945999822e+00
-1.674360594240013143e+02 2.721709862576514638e+02 -4.422820349200738299e+00
-1.674662187884200080e+02 2.721688886296485066e+02 -4.427038416235701490e+00
-1.674847242023909928e+02 2.721540323365869654e+02 -4.426467789474381576e+00
-1.675147001240231930e+02 2.721509920331610601e+02 -4.429633619771855990e+00
-1.674216036591839156e+02 2.720129690066274293e+02 -4.392473042127566174e+00
-1.673706814332941519e+02 2.719398068585821875e+02 -4.372129920890172272e+00
-1.673493172940576699e+02 2.718823971406033024e+02 -4.358923517618705112e+00
-1.673471999639376122e+02 2.718453468379466926e+02 -4.351980668661317608e+00
-1.673491658024862829e+02 2.718135691670275946e+02 -4.346354943942233540e+00
-1.673680430989304853e+02 2.718006220613351616e+02 -4.346888869602561378e+00
-1.673548401944253214e+02 2.717537314020032113e+02 -4.336315896570539508e+00
-1.672786205003864950e+02 2.716395937662021538e+02 -4.305577626851751383e+00
-1.672692847882500189e+02 2.716125721811667404e+02 -4.300077564744725578e+00
-1.672755232350356209e+02 2.715870387890364555e+02 -4.295821676631845776e+00
-1.672895306201387484e+02 2.715700128339146318e+02 -4.295092150583865731e+00
-1.672932325262057134e+02 2.715419186017238644e+02 -4.290677342527325244e+00
-1.673175556292084707e+02 2.715360104334883431e+02 -4.292634327584422316e+00
-1.673006330100060666e+02 2.714857142916325756e+02 -4.281846868223061264e+00
-1.672840980865321399e+02 2.714531130107318972e+02 -4.273979637565169298e+00
-1.672854663477302779e+02 2.714234993608093305e+02 -4.268460341065721586e+00
-1.673019957666030848e+02 2.714089603219076139e+02 -4.268887550556601518e+00
-1.673072536163917334e+02 2.713836251453979571e+02 -4.264632049637862465e+00
-1.673189279144624209e+02 2.713650801426041426e+02 -4.262798179481931626e+00
-1.673327352163967987e+02 2.713470253843030378e+02 -4.262013695116436907e+00
-1.673518003000253884e+02 2.713350439345328482e+02 -4.262600124012329239e+00
-1.673519954353036496e+02 2.713203422861523677e+02 -4.259840699889273274e+00
-1.673798186017220360e+02 2.713167121287168584e+02 -4.262954047926001522e+00
-1.673965443675133429e+02 2.713031827052161020e+02 -4.263435657057210726e+00
-1.674156107784935443e+02 2.712912068247541697e+02 -4.264022269818973143e+00
-1.674294180272041501e+02 2.712731530406128400e+02 -4.263237954949609332e+00
-1.674510113356612067e+02 2.712636903020041359e+02 -4.264982597629747296e+00
-1.674737748367006702e+02 2.712550067857923182e+02 -4.266779868260069719e+00
-1.674829224558791054e+02 2.712339510112855123e+02 -4.263788332444494067e+00
-1.674977071955745203e+02 2.712313868540152839e+02 -4.265816311205718137e+00
-1.675280624896514041e+02 2.712302979460108077e+02 -4.270088846416570938e+00
-1.675335025458840335e+02 2.712059003430064195e+02 -4.266885423609593886e+00
-1.675562685561748708e+02 2.711972284659890988e+02 -4.268683325269813977e+00
-1.675786424008070412e+02 2.711865425658409663e+02 -4.270373181406979413e+00
-1.675879758716705510e+02 2.711664430852271721e+02 -4.268434257140208743e+00
-1.676041297665657908e+02 2.711656774566296804e+02 -4.270569555529579731e+00
-1.676354634933294676e+02 2.711643829605089309e+02 -4.274841894835880396e+00
-1.676504434958786192e+02 2.711471190576079380e+02 -4.274110788492636814e+00
-1.681922223536557510e+02 2.710514816323736227e+02 -4.340026395306875173e+00
-1.682249405243609033e+02 2.710468312171242928e+02 -4.344139330008638389e+00
-1.682434362369904761e+02 2.710319281752504708e+02 -4.344568458886841178e+00
-1.686491764364615733e+02 2.709755050287248537e+02 -4.400034955201096665e+00
-1.678851746377777090e+02 2.745096076092011117e+02 -4.996180692225027364e+00
-1.678203725796080334e+02 2.743599193477188010e+02 -4.958704226212049093e+00
-1.678176223591836447e+02 2.743039175329473096e+02 -4.946763098092755939e+00
-1.677987044880766803e+02 2.742486107026934974e+02 -4.932684169786362816e+00
-1.677802292820931598e+02 2.741694062698586549e+02 -4.915369965812736552e+00
-1.677861979662947078e+02 2.741267880868151678e+02 -4.907218530222620778e+00
-1.677923586834192804e+02 2.740851561164566306e+02 -4.899119994207669748e+00
-1.678225700972243715e+02 2.740780916722526968e+02 -4.901076779852180820e+00
-1.678469541551900477e+02 2.740620275415638503e+02 -4.901504623726476773e+00
-1.678781414168598758e+02 2.740547429869483835e+02 -4.903460192963990494e+00
-1.679230267203264191e+02 2.740916520722698806e+02 -4.916860957168710300e+00
-1.681573606901929168e+02 2.743689730155884945e+02 -5.000787611964222279e+00
-1.681519782627805739e+02 2.742052361006690830e+02 -4.968221142719657202e+00
-1.675919801667319575e+02 2.732389968239970699e+02 -4.705003661989177743e+00
-1.675926554404315709e+02 2.731953559000485257e+02 -4.696745070891589435e+00
-1.675785678689787801e+02 2.731334560640429459e+02 -4.683379892710566317e+00
-1.675660456585910651e+02 2.730743605746382627e+02 -4.669175261686913103e+00
-1.675589437560915940e+02 2.730221729802653385e+02 -4.658389753753222173e+00
-1.675343199817398840e+02 2.729689585371297653e+02 -4.645362432092548843e+00
-1.675223634041403216e+02 2.729127697624836628e+02 -4.632315739734324644e+00
-1.675168128522448399e+02 2.728633163879480321e+02 -4.621688558363686639e+00
-1.674980436779053150e+02 2.727983022931359187e+02 -4.607112262266433333e+00
-1.674985058407033023e+02 2.727588011204750842e+02 -4.599066313277827334e+00
-1.674865292517267505e+02 2.727025089060477967e+02 -4.587016322580794281e+00
-1.674735515765704861e+02 2.726672464413597936e+02 -4.578045662654194103e+00
-1.674619601418926038e+02 2.726129322424155816e+02 -4.566102131115713725e+00
-1.674585184809595546e+02 2.725690800684819237e+02 -4.557790396904196406e+00
-1.674461428128606713e+02 2.725159712910403300e+02 -4.545901168925608360e+00
-1.674440714792063147e+02 2.724739218395162084e+02 -4.536696011287240538e+00
-1.674410136049970674e+02 2.724320406578245866e+02 -4.528490595716469613e+00
-1.674418414567715274e+02 2.723944168652089957e+02 -4.521547958988464622e+00
-1.674331210130351622e+02 2.723653215354963777e+02 -4.514944655513776439e+00
-1.674275355628429054e+02 2.723209224800935999e+02 -4.505581195733860511e+00
-1.674023150419245667e+02 2.722541725306984404e+02 -4.489846990464521070e+00
-1.673866208143075198e+02 2.721997191298560210e+02 -4.476852518298509054e+00
-1.673983135949721941e+02 2.721760360812692738e+02 -4.474751974019715917e+00
-1.674302267228346182e+02 2.721777121930787189e+02 -4.479183668400519736e+00
-1.674454036696308776e+02 2.721771635190632423e+02 -4.481319530294567421e+00
-1.674703208879802787e+02 2.721690735504158170e+02 -4.483169485133101873e+00
-1.674139913404130482e+02 2.720681321932603964e+02 -4.456326270885792695e+00
-1.673790385147457300e+02 2.719932575864405635e+02 -4.437065865070502824e+00
-1.673652597942506759e+02 2.719434097407553281e+02 -4.426333316696063669e+00
-1.673551823534145058e+02 2.718968714550445043e+02 -4.415811270869666849e+00
-1.673429589383582652e+02 2.718497793871151771e+02 -4.405237971994196755e+00
-1.673258616088580197e+02 2.718142892102499673e+02 -4.396213523685647218e+00
-1.673264613487319252e+02 2.717807274603872543e+02 -4.390481142767002964e+00
-1.673284244923540882e+02 2.717489371969189165e+02 -4.384855093664243419e+00
-1.673356313824245376e+02 2.717231462455750375e+02 -4.381597416344209961e+00
-1.673455677903563696e+02 2.717009084438590207e+02 -4.378552362807214493e+00
-1.672975458390099845e+02 2.716164719287236835e+02 -4.356657812321961920e+00
-1.672921139159881818e+02 2.715780961263010909e+02 -4.348610635007165826e+00
-1.672804504472738074e+02 2.715338803224084359e+02 -4.339194110382830871e+00
-1.672894041191685517e+02 2.715275322971243099e+02 -4.338961850643493712e+00
-1.672969952510084397e+02 2.715037146749753560e+02 -4.335810618164921415e+00
-1.672954486899338917e+02 2.714695943920665400e+02 -4.329026118732318906e+00
-1.672954518015529004e+02 2.714382027848476469e+02 -4.323400494128847527e+00
-1.673018703603535187e+02 2.714135962100482402e+02 -4.320196222646611517e+00
-1.673145187746775377e+02 2.713948222040395422e+02 -4.318360894605303812e+00
-1.672892335358112632e+02 2.713539089429773981e+02 -4.306967537609471819e+00
-1.673160707207300675e+02 2.713504474316252981e+02 -4.311080653006585273e+00
-1.673135432010599288e+02 2.713165235071572283e+02 -4.304296201723214033e+00
-1.673351329979462605e+02 2.713070439818665136e+02 -4.306040054774051384e+00
-1.673541975355200577e+02 2.712950597277529141e+02 -4.306626332229086529e+00
-1.673619782381605603e+02 2.712722156739785078e+02 -4.303527794010493679e+00
-1.673800692445401239e+02 2.712604646751647124e+02 -4.304115756485870747e+00
-1.674228769849288767e+02 2.712867067200888300e+02 -4.314938286259010880e+00
-1.674067207548363854e+02 2.712403464804484656e+02 -4.304363255099451280e+00
-1.674294829415247534e+02 2.712316549668358334e+02 -4.306160215715834738e+00
-1.674537983149153888e+02 2.712257089279775073e+02 -4.309116602706311028e+00
-1.674666314461537127e+02 2.712078841408597896e+02 -4.308333864764493981e+00
-1.674868686477759070e+02 2.711966893067871638e+02 -4.308973206463336147e+00
-1.675131336695960442e+02 2.711902912858156469e+02 -4.311927124873408346e+00
-1.675172198496108820e+02 2.711798755890972643e+02 -4.310431900173348652e+00
-1.675374479552650371e+02 2.711686358673520658e+02 -4.312070384245593857e+00
-1.675662523000825672e+02 2.711648117278072618e+02 -4.315183929349652558e+00
-1.676479790850424365e+02 2.711502098281224562e+02 -4.325314673190328030e+00
-1.677848052581349521e+02 2.711674183625305545e+02 -4.349688481340999502e+00
-1.679695210561551448e+02 2.711008862004317166e+02 -4.367246695774914755e+00
-1.679858653067940679e+02 2.710853974508797251e+02 -4.367622974395459323e+00
-1.680261710816787115e+02 2.710883201314890130e+02 -4.374210250715513837e+00
-1.680473972649221821e+02 2.710769763794639289e+02 -4.374851974345782324e+00
-1.681377363702948742e+02 2.710752162984296660e+02 -4.389740054853356277e+00
-1.681478546559816039e+02 2.710539156298245871e+02 -4.387747411288164479e+00
-1.681758954008763851e+02 2.710461749024012761e+02 -4.390650158141837345e+00
-1.682273094279972838e+02 2.710433506109323503e+02 -4.398059828173860097e+00
-1.682646946024121064e+02 2.710417400570673863e+02 -4.404381790189079382e+00
-1.684479986930687119e+02 2.711249996328634211e+02 -4.447671059830023310e+00
-1.684651432665802417e+02 2.711083887604568758e+02 -4.446996081198518525e+00
-1.681588974042002747e+02 2.738535164185879012e+02 -4.981134120485762651e+00
-1.675436899565821136e+02 2.728758247114254800e+02 -4.699727803208039845e+00
-1.675330923338459570e+02 2.728213820805607384e+02 -4.686786317834963356e+00
-1.674985915175952869e+02 2.727383623228679994e+02 -4.666105234837124804e+00
-1.675095412223822393e+02 2.727108631909260907e+02 -4.661795711942073872e+00
-1.674876559509312131e+02 2.726455429999548414e+02 -4.646169660070558649e+00
-1.674838132261566557e+02 2.726205672857774971e+02 -4.639830557759012208e+00
-1.674648356863908418e+02 2.725597148184704110e+02 -4.625468090110105734e+00
-1.674586844120485409e+02 2.725124105601939846e+02 -4.614946410206037797e+00
-1.674558231212188275e+02 2.724715389607158613e+02 -4.606795156217580178e+00
-1.674422833235463202e+02 2.724176852622726415e+02 -4.593853934413331785e+00
-1.674380543454444137e+02 2.723750201780872544e+02 -4.585595757533114991e+00
-1.674095276280409053e+02 2.723226910651781623e+02 -4.570571375253345892e+00
-1.674107412699590327e+02 2.722870485535884768e+02 -4.563735493407063082e+00
-1.674158409876779103e+02 2.722556677225384192e+02 -4.558162736554357330e+00
-1.674384197097101321e+02 2.722460339990579996e+02 -4.559907860705156857e+00
-1.674643117346005852e+02 2.722377173247700171e+02 -4.561756364843183142e+00
-1.674317091551800161e+02 2.721644468156968060e+02 -4.542603093356720301e+00
-1.674047350462455768e+02 2.720991551669210367e+02 -4.525924847495166325e+00
-1.673794791224977700e+02 2.720531594919266922e+02 -4.514267581869147783e+00
-1.673785489633750956e+02 2.720169725331515451e+02 -4.506379981560368009e+00
-1.673787761812739632e+02 2.719814983118033069e+02 -4.499543109623412640e+00
-1.673924033846710984e+02 2.719625186308944649e+02 -4.498707841719792100e+00
-1.674006019532500034e+02 2.719365870437141552e+02 -4.494451673389937341e+00
-1.673430863096417056e+02 2.718400214974896585e+02 -4.467822937712808695e+00
-1.673464172055413997e+02 2.718100213102851512e+02 -4.462303634899775773e+00
-1.673293182378767767e+02 2.717745227203895979e+02 -4.453278732268652007e+00
-1.673200145107611547e+02 2.717319592006464291e+02 -4.442970733380926518e+00
-1.673246962715325026e+02 2.717036654356116969e+02 -4.438555581399340255e+00
-1.673334625648905956e+02 2.716806513069819857e+02 -4.435458051300372517e+00
-1.673062547486184712e+02 2.716193917176277637e+02 -4.419988922074026938e+00
-1.673008231920711069e+02 2.715810177971498547e+02 -4.411941607635465168e+00
-1.672979248950378803e+02 2.715451878659070530e+02 -4.404052780664092559e+00
-1.672903433079437434e+02 2.715219418778639238e+02 -4.398766684947817751e+00
-1.673132903074313731e+02 2.715142000752976514e+02 -4.401615784735158243e+00
-1.673068900333528575e+02 2.714760823056704453e+02 -4.392570302825490103e+00
-1.673119544863004933e+02 2.714497539118085569e+02 -4.388261404687272993e+00
-1.673144822201681166e+02 2.714208637616785040e+02 -4.383793178998601547e+00
-1.673232400955870673e+02 2.713978051544184495e+02 -4.380693846323218565e+00
-1.673401620831592993e+02 2.713852834559513667e+02 -4.381229277991830706e+00
-1.673551401676908768e+02 2.713837134963843596e+02 -4.383310704426497395e+00
-1.673629234588102861e+02 2.713608839834788000e+02 -4.380212829583845391e+00
-1.673971649339165708e+02 2.713640548015032437e+02 -4.385748269838179780e+00
-1.673946381411005291e+02 2.713301346099685816e+02 -4.378964139518121357e+00
-1.674035802276022480e+02 2.713080238711887660e+02 -4.376917202153308040e+00
-1.674265394149304882e+02 2.713003428351922253e+02 -4.378768255816444466e+00
-1.674541692235121673e+02 2.712957209081459382e+02 -4.381828282327800750e+00
-1.674543535856537062e+02 2.712809645113210308e+02 -4.380067470561468390e+00
-1.674720648376757026e+02 2.712672626508512508e+02 -4.379549229479639649e+00
-1.674973559252607629e+02 2.712610945678756593e+02 -4.382504656255375330e+00
-1.675111645403272860e+02 2.712430478007841543e+02 -4.381720600945987698e+00
-1.675341264449288872e+02 2.712353832145973342e+02 -4.383572537961483384e+00
-1.675442382819678642e+02 2.712140469331689587e+02 -4.381577976198070878e+00
-1.675631139155454719e+02 2.712167975763099435e+02 -4.384925112673483838e+00
-1.675880155311794510e+02 2.712086280565616221e+02 -4.387772937352009350e+00
-1.676094162488771815e+02 2.711981787352083870e+02 -4.389464536122024363e+00
-1.676382129043058455e+02 2.711943181789735036e+02 -4.393577439811400254e+00
-1.676570881416685097e+02 2.711813617462746038e+02 -4.394111336811221236e+00
-1.677232532786291017e+02 2.711810366253759526e+02 -4.404812472452248606e+00
-1.677662719420434598e+02 2.712031276830650199e+02 -4.415422111479482048e+00
-1.677849538617926726e+02 2.711891809346881246e+02 -4.415902643605868150e+00
-1.678223251658265838e+02 2.711927308653233126e+02 -4.422491538959784307e+00
-1.678419835018395077e+02 2.711785619361197632e+02 -4.422971110950397744e+00
-1.678425559231782529e+02 2.711500971746415303e+02 -4.418504748396518522e+00
-1.678867490126441169e+02 2.711572866500905548e+02 -4.426355070251537072e+00
-1.679262609299613302e+02 2.711613646568587228e+02 -4.433995038747284845e+00
-1.678738887672338933e+02 2.711016842699585254e+02 -4.414338115901425219e+00
-1.678939294720870805e+02 2.710894846191137617e+02 -4.415924756667360285e+00
-1.679648004907643042e+02 2.711185712403831758e+02 -4.432197363062381434e+00
-1.680050945824209521e+02 2.711214344986422020e+02 -4.439782999337730018e+00
-1.680237823409740372e+02 2.711075152413607725e+02 -4.440264901643027784e+00
-1.680301995155423640e+02 2.710829040528392966e+02 -4.437060972917561408e+00
-1.680560905288389506e+02 2.710745865043498952e+02 -4.439911230034122802e+00
-1.680864642783696468e+02 2.710840657000338751e+02 -4.446730994344108900e+00
-1.680975567831004014e+02 2.710625340613208323e+02 -4.444736911027781900e+00
-1.681127422773613205e+02 2.710463279853846075e+02 -4.444062327864593875e+00
-1.681600524346367251e+02 2.710538291205058954e+02 -4.453963916702535109e+00
-1.681785466001110478e+02 2.710389181329923076e+02 -4.454392616498306978e+00
-1.683545855616242761e+02 2.710115751143960097e+02 -4.478883644205866155e+00
-1.684161180525580619e+02 2.709979237234149991e+02 -4.487844604827062156e+00
-1.684509818302671249e+02 2.709938295250639158e+02 -4.493010007984421961e+00
-1.684893656381576079e+02 2.710078190942796823e+02 -4.501147940544859338e+00
-1.685372777635686816e+02 2.710131825004124835e+02 -4.510944871658709054e+00
-1.685935820203282844e+02 2.710250159761880013e+02 -4.522165445868632894e+00
-1.676528528112392848e+02 2.736356053210801065e+02 -4.972511855310693285e+00
-1.676961638865835198e+02 2.736016165578932373e+02 -4.971211881947422917e+00
-1.677051527310213999e+02 2.735902156218392065e+02 -4.969715857295623707e+00
-1.677467225452320747e+02 2.735525167477053969e+02 -4.967204123792505754e+00
-1.678237730038184736e+02 2.734929493543299373e+02 -4.965939880411927021e+00
-1.678641729752638128e+02 2.734544755492628383e+02 -4.963375865109433960e+00
-1.679127225359977729e+02 2.734264628220428790e+02 -4.964443834737956252e+00
-1.680094911974251204e+02 2.733478023255183302e+02 -4.961399821631398588e+00
-1.680299787687963544e+02 2.733274280384197823e+02 -4.960562867769309214e+00
-1.680401803723636363e+02 2.732960850983831165e+02 -4.955044323553492447e+00
-1.675429464827421953e+02 2.726470031646649090e+02 -4.746971631569990357e+00
-1.674513505630498571e+02 2.724957504923948477e+02 -4.702129763677246999e+00
-1.674155147355799613e+02 2.723954020282559441e+02 -4.675533204047376046e+00
-1.674151821915931180e+02 2.723570524900345617e+02 -4.667539370255234132e+00
-1.673924096780453397e+02 2.722191227892602683e+02 -4.636136306545102670e+00
-1.674002255012241278e+02 2.721912268050669468e+02 -4.631774053868011443e+00
-1.673915101441782269e+02 2.721621557730769609e+02 -4.624170973622304004e+00
-1.673285156697895388e+02 2.719484522369927504e+02 -4.571404000122421429e+00
-1.673316550304730583e+02 2.719174696403713938e+02 -4.565831642502537591e+00
-1.673164061838859027e+02 2.717815473935827981e+02 -4.535617920657628588e+00
-1.673156502305283766e+02 2.717462544250850556e+02 -4.528780527348635232e+00
-1.672616699272177527e+02 2.715893286540206759e+02 -4.489060271665143986e+00
-1.672667339195128591e+02 2.715787016879330622e+02 -4.487564191104955746e+00
-1.672651909492366258e+02 2.715446010933805496e+02 -4.480780513647697916e+00
-1.672368304414627005e+02 2.714512446642298187e+02 -4.457634584087905694e+00
-1.672508342759907407e+02 2.714342004746844168e+02 -4.456904192716518054e+00
-1.672570668933161357e+02 2.714086371447926354e+02 -4.452647165403163854e+00
-1.672586291283695630e+02 2.713957247166521825e+02 -4.449994675121240917e+00
-1.672586296502907146e+02 2.713643185623732847e+02 -4.444368506183997702e+00
-1.672634936064661986e+02 2.713369604885031094e+02 -4.440004361137318334e+00
-1.672765321830289906e+02 2.713201902168414108e+02 -4.438276642378088610e+00
-1.672955851308218485e+02 2.713081470201504999e+02 -4.439861066944223111e+00
-1.673033658322433723e+02 2.712853029601848789e+02 -4.436762647767800161e+00
-1.673403269125987833e+02 2.712919778460318412e+02 -4.443509388932949555e+00
-1.673339072065954838e+02 2.712694646534356480e+02 -4.438273779598180369e+00
-1.673444090096354842e+02 2.712501335934744588e+02 -4.436387021826798893e+00
-1.673724177534925559e+02 2.712474583215689563e+02 -4.440553024734072096e+00
-1.673827238040167913e+02 2.712271194516256969e+02 -4.438612325435762784e+00
-1.674004324675598525e+02 2.712134030502870701e+02 -4.438093420977994086e+00
-1.674245502044656746e+02 2.712064432682698794e+02 -4.440995419198547012e+00
-1.674461425496076572e+02 2.711969768299152292e+02 -4.442739978973387238e+00
-1.674476917870819932e+02 2.711839969820237002e+02 -4.441085538632819407e+00
-1.674729816005392138e+02 2.711778223555801333e+02 -4.444040612046553207e+00
-1.674994424776658377e+02 2.711724301776975494e+02 -4.447048490117795794e+00
-1.683484404651871955e+02 2.710114960565604179e+02 -4.564933487351493291e+00
-1.683797965298377903e+02 2.710050845618364406e+02 -4.568940883525886676e+00
-1.684317877005422588e+02 2.710157000017301812e+02 -4.581054798554356822e+00
-1.685264618011291589e+02 2.710571557043340363e+02 -4.604223978055181909e+00
-1.685934658129468460e+02 2.710768486841670324e+02 -4.619969035982935956e+00
-1.674854372489754439e+02 2.722364598726874760e+02 -4.725142671848979070e+00
-1.674295356801713410e+02 2.721377159740060847e+02 -4.695413058000598383e+00
-1.674065037554424862e+02 2.720403293749906197e+02 -4.671110519035815756e+00
-1.674228390803607169e+02 2.720404985796983510e+02 -4.674297386943261579e+00
-1.674222890384131972e+02 2.720062643459502851e+02 -4.667516210194426307e+00
-1.673848279443743650e+02 2.719289711129030707e+02 -4.645100218231414502e+00
-1.673940301785034706e+02 2.718715541106329283e+02 -4.634221624981057275e+00
-1.673584897307591177e+02 2.717988940729301817e+02 -4.614068688825224029e+00
-1.673412229249734651e+02 2.717468285754118256e+02 -4.600181092964383822e+00
-1.673151936196916836e+02 2.717020916492232914e+02 -4.586578591646991221e+00
-1.674843166889264694e+02 2.718485760266398188e+02 -4.644009996996484091e+00
-1.673263111257006983e+02 2.716492802414890093e+02 -4.577962041204052923e+00
-1.673271104777820142e+02 2.716167430507472318e+02 -4.571283897394028628e+00
-1.673271302805691505e+02 2.715854365847425242e+02 -4.564661062958787596e+00
-1.673611631274692968e+02 2.715875365410232689e+02 -4.571140362541192381e+00
-1.673534110239850463e+02 2.715477086432891269e+02 -4.560990765936947966e+00
-1.673087001636417028e+02 2.714855152460602881e+02 -4.541281833959983416e+00
-1.673355385719024753e+02 2.714820612647183680e+02 -4.545395234130892526e+00
-1.673304919331927749e+02 2.714456653929109962e+02 -4.537454616908897620e+00
-1.673495589812369246e+02 2.714336927841830516e+02 -4.538041406351661422e+00
-1.673557920406074118e+02 2.714081342193366595e+02 -4.533784631387091757e+00
-1.673596848330450371e+02 2.713810215591124120e+02 -4.529422708562302446e+00
-1.673839989830937327e+02 2.713750679902439060e+02 -4.532378810778982192e+00
-1.673665046046364751e+02 2.713427710983578436e+02 -4.522514684989274336e+00
-1.673993803841088379e+02 2.713441611547424941e+02 -4.527943645698725206e+00
-1.674157148045426595e+02 2.713286219208173407e+02 -4.528317317425996968e+00
-1.674396482381376074e+02 2.713207137967380618e+02 -4.530167014138006820e+00
-1.674538496559266889e+02 2.713046843245113564e+02 -4.529491181032674341e+00
-1.674740776327863614e+02 2.712934426938251704e+02 -4.531129445128501132e+00
-1.674904231891744359e+02 2.712779600717155972e+02 -4.530504724501790648e+00
-1.675053940015774572e+02 2.712763545908609899e+02 -4.533585440986212411e+00
-1.675207662607943746e+02 2.712611051784814435e+02 -4.532962405406165907e+00
-1.675445066225805704e+02 2.712522042588706768e+02 -4.534758730165162177e+00
-1.675672630842956039e+02 2.712434851696102101e+02 -4.537555409913732518e+00
-1.675836100058206455e+02 2.712280095583592470e+02 -4.536931067889165448e+00
-1.676112355987989133e+02 2.712233665597545382e+02 -4.540991047878863540e+00
-1.676176535880614722e+02 2.712144633486666407e+02 -4.540600171051258904e+00
-1.676314641663245766e+02 2.711964254164261661e+02 -4.539816595330910864e+00
-1.676503388434129249e+02 2.711834686012851989e+02 -4.540350586080112549e+00
-1.676876938357537199e+02 2.711869328445583278e+02 -4.547936427993960251e+00
-1.676943053184732833e+02 2.711633195534860761e+02 -4.544786029847233344e+00
-1.677312798271644851e+02 2.711648291897874401e+02 -4.551265585324902219e+00
-1.677575537195314723e+02 2.711584779720167262e+02 -4.554221670596442451e+00
-1.677700022771422539e+02 2.711543831924193455e+02 -4.556145525367611526e+00
-1.677914078987704443e+02 2.711439615506319569e+02 -4.557838375169079193e+00
-1.678416182327542288e+02 2.711558916098086343e+02 -4.569001572339931094e+00
-1.678690569827678871e+02 2.711502890521641689e+02 -4.573009853358275478e+00
-1.678877411777453688e+02 2.711363539885516616e+02 -4.573491016488236305e+00
-1.678976599653224469e+02 2.711140287688522790e+02 -4.571443641740493113e+00
-1.679358085878594977e+02 2.711320433847955087e+02 -4.581790687365757009e+00
-1.679482672964936114e+02 2.711122938705153160e+02 -4.579903040298894723e+00
-1.679704557307441064e+02 2.711006607581440448e+02 -4.581541615518794686e+00
-1.680012056104366707e+02 2.710963659146589748e+02 -4.586653741937791295e+00
-1.680245571861608767e+02 2.710854701539005305e+02 -4.589343907193709882e+00
-1.680564798469147263e+02 2.710819690736810799e+02 -4.594509324938830019e+00
-1.680944464859803702e+02 2.710833447153410134e+02 -4.600991831974486246e+00
-1.681246147016153714e+02 2.710917689405608257e+02 -4.608756313777403690e+00
-1.681565412781997679e+02 2.710882879705184223e+02 -4.613922578764334759e+00
-1.681978197750173933e+02 2.710909750654622599e+02 -4.621509133121786128e+00
-1.682307244852574115e+02 2.710872832292978387e+02 -4.626674924641561049e+00
-1.682694669012778661e+02 2.710874118458988278e+02 -4.634102209087390456e+00
-1.684390719864048833e+02 2.711892833280919035e+02 -4.684214991189073807e+00
-1.686675002037904108e+02 2.713368721374309303e+02 -4.753331241168887722e+00
-1.686480365074728525e+02 2.712892224198901658e+02 -4.740652854900321955e+00
-1.686275937735830439e+02 2.712574802250092603e+02 -4.730787626370326571e+00
-1.686934240682470545e+02 2.712763796238559735e+02 -4.746479392866664426e+00
-1.686957607926389926e+02 2.712465122595978642e+02 -4.741959104213083087e+00
-1.687351036426404107e+02 2.712444927734781004e+02 -4.749281175704322067e+00
-1.687651049896334996e+02 2.712363556483970228e+02 -4.753184594528351070e+00
-1.687970578466809002e+02 2.712277773491381367e+02 -4.757085887184604012e+00
-1.673708232845413590e+02 2.720716977283036044e+02 -4.733436060477213658e+00
-1.673516326203961739e+02 2.720149831175610871e+02 -4.718285401844771521e+00
-1.673454584938026528e+02 2.719727944641387580e+02 -4.708029303578872060e+00
-1.673587148933583535e+02 2.719519093098245435e+02 -4.705088953042801947e+00
-1.673892511896326027e+02 2.719517480481786151e+02 -4.710412560232706269e+00
-1.673325584938021393e+02 2.718541735899523246e+02 -4.679734812379280129e+00
-1.673055952943664408e+02 2.717732305234015371e+02 -4.658244033033750675e+00
-1.673217511523783685e+02 2.717567724301676435e+02 -4.657566279128472431e+00
-1.672866063553851177e+02 2.716861437356471356e+02 -4.636521471180546250e+00
-1.672823481909592260e+02 2.716485629743348227e+02 -4.628527422906934419e+00
-1.672856823911520792e+02 2.716185791785918013e+02 -4.622008033256299164e+00
-1.672816168930562242e+02 2.715819878831248388e+02 -4.614067418365359607e+00
-1.672701568545448083e+02 2.715545200396755945e+02 -4.606519015672224882e+00
-1.672940878841170331e+02 2.715465983218910537e+02 -4.608367861404241594e+00
-1.673285109830461295e+02 2.715507024737181609e+02 -4.614954914551035792e+00
-1.673182219772446047e+02 2.715083118787435978e+02 -4.604646058958220323e+00
-1.673065753150150670e+02 2.714641812302829180e+02 -4.593231711386017935e+00
-1.672976479590034842e+02 2.714235493716389556e+02 -4.583028387162025652e+00
-1.672988188084761703e+02 2.714086256791413234e+02 -4.580268002824229079e+00
-1.673165182899178944e+02 2.713948639475042910e+02 -4.580747739331044954e+00
-1.673217763217247978e+02 2.713695297057757898e+02 -4.576492288892591631e+00
-1.673396718380533628e+02 2.713567747396264735e+02 -4.577026273625200758e+00
-1.673562115205744192e+02 2.713422890801849690e+02 -4.576455033096943126e+00
-1.673690457463602286e+02 2.713244699141365572e+02 -4.575672359952504209e+00
-1.673816937966477099e+02 2.713056940385655480e+02 -4.573836930950625046e+00
-1.673931726746311597e+02 2.713018517162641388e+02 -4.574762416303221890e+00
-1.674147548873572475e+02 2.712923338197725798e+02 -4.577505407989279185e+00
-1.674349915819289549e+02 2.712811376290980547e+02 -4.578144673941369369e+00
-1.674540486239137351e+02 2.712691154587918163e+02 -4.579730353356106676e+00
-1.674742863208048504e+02 2.712579244156047480e+02 -4.580369777907600692e+00
-1.674906211040562312e+02 2.712423870450506911e+02 -4.580743669637612925e+00
-1.675085215304899293e+02 2.712453610889107836e+02 -4.584091842074518475e+00
-1.675273836296974537e+02 2.712323377618036488e+02 -4.585623576145176905e+00
-1.675536504729191449e+02 2.712259490948347889e+02 -4.588577880315940050e+00
-1.675764072088805392e+02 2.712172314139372702e+02 -4.591374516742769529e+00
-1.675991750393539803e+02 2.712085688847314486e+02 -4.593172923205848690e+00
-1.676293274648037084e+02 2.712064424364234583e+02 -4.598391109715954883e+00
-1.676555879589887184e+02 2.712000204939802757e+02 -4.602344830189833758e+00
-1.676703761074641932e+02 2.711974750902851952e+02 -4.604373580446116776e+00
-1.676869112066884213e+02 2.711829664711494274e+02 -4.604802549562135638e+00
-1.677203831792789970e+02 2.711821878928154774e+02 -4.610125424808720673e+00
-1.677651376469252398e+02 2.711922615637231502e+02 -4.620133563113404840e+00
-1.677727248982820072e+02 2.711684252605650727e+02 -4.616981916213635628e+00
-1.678112455283499855e+02 2.711726496547572083e+02 -4.625620559479783012e+00
-1.678312965748573617e+02 2.711604975468367229e+02 -4.626208447476478192e+00
-1.678694373595586455e+02 2.711627706119822960e+02 -4.633740861945278233e+00
-1.678867580115107216e+02 2.711627658929969016e+02 -4.636928893230356508e+00
-1.679336575531066273e+02 2.711733905483668536e+02 -4.647989222401709419e+00
-1.679669332653892013e+02 2.711716071200733609e+02 -4.654259158657371387e+00
-1.680062518638739846e+02 2.711746948049723756e+02 -4.661845881321852403e+00
-1.684150019775979388e+02 2.714896718435264233e+02 -4.798595190740192251e+00
-1.686907095047518794e+02 2.715713197681567408e+02 -4.865813499745081927e+00
-1.686805980553959614e+02 2.715298428664298171e+02 -4.856556268311920554e+00
-1.686632905466381089e+02 2.714828056199255570e+02 -4.843931575725672900e+00
-1.686559004459242601e+02 2.714448392445406739e+02 -4.835885879575806179e+00
-1.686557089658818995e+02 2.714281520776632419e+02 -4.833020068620585974e+00
-1.686385930431260931e+02 2.713820962540337405e+02 -4.820448499429394573e+00
-1.686430792403083387e+02 2.713528018867687024e+02 -4.815980379602256889e+00
-1.686407524335570827e+02 2.713199100000667841e+02 -4.809251777570414887e+00
-1.686358951255301122e+02 2.712844877112478343e+02 -4.801364449792923317e+00
-1.686598486693899872e+02 2.712714542215009033e+02 -4.803949957324751274e+00
-1.686933521754466199e+02 2.712656058695853289e+02 -4.809010081567361539e+00
-1.686836082747419994e+02 2.712417209391398956e+02 -4.803669091459666696e+00
-1.687338584171170339e+02 2.712486262163255901e+02 -4.814571365416780324e+00
-1.674345112132877773e+02 2.720901057151291411e+02 -4.814174506512888030e+00
-1.673669641382433610e+02 2.719786428664134519e+02 -4.777656165763471741e+00
-1.673819666248544706e+02 2.719614926071290029e+02 -4.775928675010488789e+00
-1.673542015616481535e+02 2.719130750797431233e+02 -4.761115646529424872e+00
-1.673536571004410121e+02 2.718788689284120323e+02 -4.753334894904392982e+00
-1.673954689449418254e+02 2.718895249091198139e+02 -4.762341497083589559e+00
-1.673240048506347080e+02 2.717788762569158507e+02 -4.725824675867235314e+00
-1.673584284968375471e+02 2.717829832192776394e+02 -4.732411761412718576e+00
-1.674221828176665667e+02 2.718173814810678550e+02 -4.751890544684953532e+00
-1.673382628777044090e+02 2.717107901800681589e+02 -4.713448563739005337e+00
-1.673095279738978434e+02 2.716469179947596899e+02 -4.694823807347931144e+00
-1.672955607416427881e+02 2.716013338284067231e+02 -4.682307696924119966e+00
-1.673091879173426548e+02 2.715823546746760826e+02 -4.680471841118219345e+00
-1.673191205004530957e+02 2.715600972301735965e+02 -4.677425965579557143e+00
-1.673331288488712971e+02 2.715430749747977188e+02 -4.676696522436873948e+00
-1.673673577721004904e+02 2.715461831566901196e+02 -4.683229907854840057e+00
-1.673836920036902143e+02 2.715463467465198164e+02 -4.686416591922739627e+00
-1.674080081063728471e+02 2.715404044529772705e+02 -4.689373061792190711e+00
-1.674266863987573686e+02 2.715264365808849334e+02 -4.689852458164788018e+00
-1.678812305241966669e+02 2.719143823523237984e+02 -4.854910278010598823e+00
-1.675439673875822848e+02 2.715479228953819870e+02 -4.715242180990839138e+00
-1.675173513771406419e+02 2.714897014536802544e+02 -4.697934338913419161e+00
-1.675224182897727303e+02 2.714633856917462253e+02 -4.693625884174723595e+00
-1.675274823186342417e+02 2.714527601610178067e+02 -4.692130117392979471e+00
-1.676816888970683976e+02 2.715697312039990834e+02 -4.744870682374028092e+00
-1.677089265936924676e+02 2.715630986024778508e+02 -4.748823453106785664e+00
-1.679627124299560421e+02 2.717728932468310177e+02 -4.839457592411275044e+00
-1.681095623113932334e+02 2.718782484964936543e+02 -4.888514594705243965e+00
-1.680414192733475716e+02 2.716642662861468693e+02 -4.831681409627018198e+00
-1.676681814228666667e+02 2.712595439717442218e+02 -4.678650812001365900e+00
-1.676956138920313322e+02 2.712539091579589581e+02 -4.682657470492014085e+00
-1.677514489705598351e+02 2.712895045614874903e+02 -4.700108673397513037e+00
-1.674197454987602214e+02 2.720457090369948787e+02 -4.862794859535880754e+00
-1.673432688141716653e+02 2.719250115911108310e+02 -4.821699122021338546e+00
-1.673371009573872641e+02 2.718828533114885886e+02 -4.810443575106279290e+00
-1.673404442125831793e+02 2.718529172661098983e+02 -4.803926164713059777e+00
-1.673395063128085383e+02 2.718166905543711209e+02 -4.796036895160802338e+00
-1.672965900033209437e+02 2.717532474915786338e+02 -4.774278802603800997e+00
-1.673076968910820312e+02 2.717317878925298373e+02 -4.771286207547181135e+00
-1.673085101508337686e+02 2.716993227954448002e+02 -4.763610266197231269e+00
-1.673147522782078624e+02 2.716738095528702388e+02 -4.759355344342008465e+00
-1.672885500748600691e+02 2.716124809805459108e+02 -4.740889050125336013e+00
-1.672753595681781746e+02 2.715656515879657036e+02 -4.728317085966645905e+00
-1.672804233264502045e+02 2.715550246674478672e+02 -4.726821005380134721e+00
-1.673031849695217090e+02 2.715463303618741975e+02 -4.728617576471322970e+00
-1.673133124966283560e+02 2.715250740803637655e+02 -4.725625527234569745e+00
-1.673461749039225026e+02 2.715263972879100152e+02 -4.732052324988535119e+00
-1.673743704225564954e+02 2.715246805557107450e+02 -4.737271065697974848e+00
-1.673930475708266101e+02 2.715107080552824641e+02 -4.737750209642820565e+00
-1.677221164577022705e+02 2.718141295657643468e+02 -4.866067689759032255e+00
-1.673324755819921563e+02 2.718486879826750169e+02 -4.877725632596476402e+00
-1.673216365826843344e+02 2.718034716594019073e+02 -4.865261282276684973e+00
-1.673144889504230832e+02 2.717615158142978657e+02 -4.854006111632715559e+00
-1.673322058121017051e+02 2.717478415152580737e+02 -4.853488764534800382e+00
-1.673190050207261663e+02 2.717166649236549461e+02 -4.844728558406400154e+00
-1.673314764587878472e+02 2.716969814517188411e+02 -4.841842309509078568e+00
-1.673579252012976610e+02 2.716915275331067505e+02 -4.845848064208392536e+00
-1.673744618147676420e+02 2.716770254428251405e+02 -4.846276791501892056e+00
-1.674123866579379012e+02 2.716834174847976442e+02 -4.854020380518489830e+00
-1.674477677414847676e+02 2.716872121912622902e+02 -4.862604170145051086e+00
