-1.688301545650021467e+02 2.762834080490735573e+02 -3.657798124047864086e+00
-1.688390072588162241e+02 2.762450388804670638e+02 -3.654886812878668678e+00
-1.688657456587322088e+02 2.762305766763707311e+02 -3.655416393493539307e+00
-1.688675477098637430e+02 2.762083719980166165e+02 -3.653274557469385453e+00
-1.688902079276890049e+02 2.761886463826385807e+02 -3.652484655336135866e+00
-1.689126749970671426e+02 2.761679260734579771e+02 -3.651640778505440998e+00
-1.689258066257966107e+02 2.761358533497523808e+02 -3.649103808204254840e+00
-1.689498292822750614e+02 2.761178984441349940e+02 -3.648420856639440935e+00
-1.689684001564739049e+02 2.760928552604456740e+02 -3.647310020390939211e+00
-1.690003970088476706e+02 2.760844857065461611e+02 -3.648213445202236116e+00
-1.690181547703524245e+02 2.760814911010975266e+02 -3.648245221788465553e+00
-1.690382826076956917e+02 2.760592179058997431e+02 -3.647295535670147526e+00
-1.690621127655027465e+02 2.760402691512155116e+02 -3.646558645512494756e+00
-1.691329366614199614e+02 2.754395112945887263e+02 -3.651000407832548422e+00
-1.692140107465779977e+02 2.754845149466618750e+02 -3.658213479372432797e+00
-1.692858961990258422e+02 2.755399166928726231e+02 -3.666873122041061972e+00
-1.684626816150532420e+02 2.768152415074937949e+02 -3.808863233441445395e+00
-1.684663160241946684e+02 2.767657400219126771e+02 -3.804312618762455411e+00
-1.683510257463573225e+02 2.759409839154823203e+02 -3.718953083963258521e+00
-1.683303163078589364e+02 2.758657984544390160e+02 -3.710801793647825697e+00
-1.691610710179535033e+02 2.750964217054090000e+02 -3.678460957671931819e+00
-1.692222591214137140e+02 2.751387055599237215e+02 -3.685320836231479991e+00
-1.685021336606845637e+02 2.770237449089230495e+02 -3.884266956131701587e+00
-1.683448939753966442e+02 2.761193614249256143e+02 -3.784282119847095949e+00
-1.682900494177572739e+02 2.755587141126022743e+02 -3.725386458121987765e+00
-1.683624192941492765e+02 2.751337826800674407e+02 -3.686955408697070169e+00
-1.683836565819696887e+02 2.751382141766374048e+02 -3.688413801838692052e+00
-1.683905187690799039e+02 2.751053362264192401e+02 -3.685769879249356951e+00
-1.684160681741278438e+02 2.750952439133973257e+02 -3.685514897101223042e+00
-1.684515337312821828e+02 2.750942472337918048e+02 -3.687842646605309582e+00
-1.684661870999637756e+02 2.750700138105464134e+02 -3.685732596097327729e+00
-1.684851149008266589e+02 2.750520519638807286e+02 -3.684996607383892009e+00
-1.685756916468826887e+02 2.750935229045028905e+02 -3.694130982231852656e+00
-1.686033789716676381e+02 2.750839500642284747e+02 -3.694926985241539619e+00
-1.686297141096910366e+02 2.750726559868119807e+02 -3.694617427939287602e+00
-1.686480618300163314e+02 2.750517067875333623e+02 -3.693719322068945043e+00
-1.686835342746804827e+02 2.750507480791051762e+02 -3.696048776231539712e+00
-1.686979954166757807e+02 2.750255222075115853e+02 -3.693884893255400037e+00
-1.687321057852822435e+02 2.750227946566874948e+02 -3.696107543309105292e+00
-1.687414744352471416e+02 2.750133219528543691e+02 -3.695712815020691266e+00
-1.687779357275844347e+02 2.750122066768863078e+02 -3.697043020538911762e+00
-1.688157521403001340e+02 2.750128227427700836e+02 -3.699479287007579664e+00
-1.688241701722240009e+02 2.749827140248643218e+02 -3.696996523008945434e+00
-1.688590757857731717e+02 2.749788328732238938e+02 -3.698165867085816849e+00
-1.688838469139007259e+02 2.749647308377843729e+02 -3.698694420799815141e+00
-1.689099925214707696e+02 2.749524632002418230e+02 -3.698331870519258047e+00
-1.689281236150108043e+02 2.749513920371010727e+02 -3.699469732032786506e+00
-1.689645804803369629e+02 2.749502547843666207e+02 -3.701799885532202961e+00
-1.689994898034138089e+02 2.749463952377313944e+02 -3.702970162383596442e+00
-1.690408233657512369e+02 2.749493846353043978e+02 -3.705567170953926404e+00
-1.690628791898371617e+02 2.749317946627265314e+02 -3.704883461843049286e+00
-1.691116137559656920e+02 2.749414200352643434e+02 -3.708906345011608874e+00
-1.691385455506405719e+02 2.749279529720208188e+02 -3.708489317091862247e+00
-1.691705126428956873e+02 2.749404262994680153e+02 -3.711481516070300302e+00
-1.692089289958966845e+02 2.749388837882145822e+02 -3.713810922540616843e+00
-1.684822218222391257e+02 2.771206611794249284e+02 -3.963225546702947355e+00
-1.692401209241980098e+02 2.755981639147518081e+02 -3.843674807409280803e+00
-1.692824379094057576e+02 2.756009696294485138e+02 -3.846272175792313508e+00
-1.693130732922207926e+02 2.755908393596389487e+02 -3.847069258839485251e+00
-1.684983238493631177e+02 2.773033521930722145e+02 -4.034030515216917578e+00
-1.684996583378983530e+02 2.772472524938854122e+02 -4.028108445554138939e+00
-1.682924459925744429e+02 2.761431869054774779e+02 -3.893122687196241216e+00
-1.683091357036682325e+02 2.760927050999573567e+02 -3.887659333005307083e+00
-1.683333323848021621e+02 2.760756447235672795e+02 -3.888026752572830702e+00
-1.683553953095483564e+02 2.760580888165675333e+02 -3.887344247031812028e+00
-1.683867895490706701e+02 2.760518628257812566e+02 -3.888353925639120412e+00
-1.682074803552970934e+02 2.753644005960691743e+02 -3.802491274172808300e+00
-1.682098836043548999e+02 2.753242983818348080e+02 -3.798421055554908499e+00
-1.682072322413053200e+02 2.752791524513291961e+02 -3.793032567529677213e+00
-1.681975815292904315e+02 2.752241920707505187e+02 -3.786056159284792777e+00
-1.692214046802749294e+02 2.756592328522514208e+02 -3.894731981403085186e+00
-1.692440614315524670e+02 2.756394918863065300e+02 -3.893941551660013545e+00
-1.693467167613636946e+02 2.757064487793934404e+02 -3.907535949933016006e+00
-1.694030484004609605e+02 2.757237173604627856e+02 -3.913039176316674528e+00
-1.693856049857011783e+02 2.756601083714932088e+02 -3.905528875102741271e+00
-1.693675371042681661e+02 2.756195177878066147e+02 -3.900214852587693848e+00
-1.693874779301177398e+02 2.755962831831462836e+02 -3.898211884394775506e+00
-1.691431372102087209e+02 2.749097118934255377e+02 -3.811733699027375355e+00
-1.691803819735055754e+02 2.749073865272463877e+02 -3.814009926212161172e+00
-1.692059165227043707e+02 2.749129639658302722e+02 -3.816574230568294812e+00
-1.692090819178042693e+02 2.748767867228071395e+02 -3.812717935735252528e+00
-1.682713652478331312e+02 2.761448582975069144e+02 -3.951068416680864281e+00
-1.692764182225536445e+02 2.756172890154527408e+02 -3.955213204153675832e+00
-1.683689781011164257e+02 2.772249834530276758e+02 -4.141724566499848770e+00
-1.684312281615835047e+02 2.772045104666726161e+02 -4.143317123241136102e+00
-1.681233958474782639e+02 2.752619956247988284e+02 -3.888382888529085868e+00
-1.681256023674179403e+02 2.752208790261312856e+02 -3.884257879101628674e+00
-1.681244745000213641e+02 2.751993243713848756e+02 -3.881118174280407729e+00
-1.681286231237305060e+02 2.751629649464672411e+02 -3.877262166751168415e+00
-1.681327707101702629e+02 2.751265989290075140e+02 -3.873405862409573963e+00
-1.693278832353937844e+02 2.761238364155603335e+02 -4.071327082821825982e+00
-1.692322758955446318e+02 2.755631409538046910e+02 -3.999987714155723850e+00
-1.685571887731051675e+02 2.780738394386975756e+02 -4.393383590776966052e+00
-1.685233107244783923e+02 2.779518182797722829e+02 -4.374628154619307985e+00
-1.684946552693106980e+02 2.778409528780100572e+02 -4.357512848284288864e+00
-1.684793684178798685e+02 2.777517167350106888e+02 -4.344674390119906526e+00
-1.684588373097650447e+02 2.776564589755503221e+02 -4.330464381067598012e+00
-1.684396637889320800e+02 2.775629456912485580e+02 -4.316360150102294568e+00
-1.684134986253694990e+02 2.774596601442549400e+02 -4.300669754111442700e+00
-1.683206655708829089e+02 2.769919775392492625e+02 -4.231180265293265741e+00
-1.683150139468351654e+02 2.769261307336639675e+02 -4.222672290642845994e+00
-1.682908154170751516e+02 2.768067337957719474e+02 -4.205161109201197789e+00
-1.682673075920810675e+02 2.767171315803667540e+02 -4.191217293731070548e+00
-1.682581508198771303e+02 2.766489736780369526e+02 -4.181550550247848719e+00
-1.682579119775273568e+02 2.765952633296811882e+02 -4.174736228909853075e+00
-1.682547653855982333e+02 2.765370702179399132e+02 -4.166655595761894482e+00
-1.682276680322884204e+02 2.764709645976731736e+02 -4.155904599266843746e+00
-1.682320768791962564e+02 2.764254493112276805e+02 -4.150569473688356936e+00
-1.682128088082387762e+02 2.763471907912712595e+02 -4.138265597765763637e+00
-1.682158518410178658e+02 2.762998899134856288e+02 -4.132822989704143524e+00
-1.681967611918572629e+02 2.762225446683884229e+02 -4.121570443554975149e+00
-1.680527781152458431e+02 2.752656950474086557e+02 -3.986964787177547098e+00
-1.680489681927554955e+02 2.752198287919181894e+02 -3.980524940180866444e+00
-1.680461314299961089e+02 2.751737260000143124e+02 -3.974083231303596531e+00
-1.680516425070918558e+02 2.751391348591682231e+02 -3.970334002502912352e+00
-1.680462708215263206e+02 2.750904713948191329e+02 -3.963731886181420361e+00
-1.680478948136447173e+02 2.750516022232664568e+02 -3.958716833632604182e+00
-1.680467642214718467e+02 2.750300335363588715e+02 -3.955576543721809113e+00
-1.682303496990464851e+02 2.750887653113177294e+02 -3.977618712964300585e+00
-1.682623024274822683e+02 2.750854163012549520e+02 -3.979786627798222565e+00
-1.682547543299577057e+02 2.750570308472806573e+02 -3.975221065036472989e+00
-1.683117909539633956e+02 2.750831761237155320e+02 -3.983200286347264196e+00
-1.683464720503818057e+02 2.750833877602804023e+02 -3.985582818575650332e+00
-1.683782342250586908e+02 2.750790561679581288e+02 -3.987697346178601610e+00
-1.684072804609594698e+02 2.750712333696335463e+02 -3.988599373252363467e+00
-1.684419552507047513e+02 2.750714083464878854e+02 -3.991981272826482297e+00
-1.684684806170604645e+02 2.750610964262315292e+02 -3.991725136782596106e+00
-1.685274407521467879e+02 2.751076518853213315e+02 -4.002791849082318443e+00
-1.685459820752024882e+02 2.750876997193192892e+02 -4.001947800544435552e+00
-1.685855323531718284e+02 2.750920001244361970e+02 -4.005596508435206538e+00
-1.686196405701311960e+02 2.750892564899491504e+02 -4.007818471728767484e+00
-1.686473292569964428e+02 2.750796906641944588e+02 -4.008614797043068556e+00
-1.686876644513702956e+02 2.750827850996389543e+02 -4.012208670925332399e+00
-1.687025148724416965e+02 2.750595664749999401e+02 -4.010153585518304808e+00
-1.687258932579812551e+02 2.750645338104894222e+02 -4.012663735701732293e+00
-1.687648672702844976e+02 2.750658665089555939e+02 -4.016151127705103185e+00
-1.687884680038391423e+02 2.750509852717873969e+02 -4.016626616568316877e+00
-1.688223875081474432e+02 2.750472722886957513e+02 -4.018795726698652260e+00
-1.688434656464037857e+02 2.750298930422482044e+02 -4.018112687839453301e+00
-1.688551994157943739e+02 2.750011204053431584e+02 -4.015734776602139178e+00
-1.688636286990947042e+02 2.749710663072109469e+02 -4.012253578705069046e+00
-1.688803950837964294e+02 2.749682127431831873e+02 -4.013283957435776372e+00
-1.688746049495568116e+02 2.749226445914939063e+02 -4.007841333318834742e+00
-1.689133999569765479e+02 2.749230546117561289e+02 -4.010277065046027545e+00
-1.689944242101121858e+02 2.749678057446665207e+02 -4.022483451923983822e+00
-1.690217320487122379e+02 2.749562785909463969e+02 -4.023173087302025941e+00
-1.690412537814503082e+02 2.749361297262925063e+02 -4.022329042881521488e+00
-1.690582405777262238e+02 2.749134226203456706e+02 -4.021324658697279730e+00
-1.690674162466548580e+02 2.749029585863739271e+02 -4.020876118941548505e+00
-1.690694108835089082e+02 2.748660002687943233e+02 -4.016966716957570682e+00
-1.690838727370391439e+02 2.748407805630826033e+02 -4.014803194581007872e+00
-1.691137164060884288e+02 2.748318187560729484e+02 -4.015653491952784648e+00
-1.691210548406891974e+02 2.747226762555061441e+02 -4.004030521186507485e+00
-1.691440540129524663e+02 2.747256906829513241e+02 -4.006434320583489139e+00
-1.691612434688731526e+02 2.747040264304829407e+02 -4.004485254673545214e+00
-1.691671220497373440e+02 2.746713312189228304e+02 -4.001841099920568467e+00
-1.685947082352929556e+02 2.782304189747615624e+02 -4.485085835224706052e+00
-1.685540770257190104e+02 2.780946038589520413e+02 -4.462533056442815393e+00
-1.685229223785028125e+02 2.779761127665255458e+02 -4.443990880855297476e+00
-1.682025503877812866e+02 2.763888642812269723e+02 -4.200418715594057772e+00
-1.681856081307938382e+02 2.763120903679796356e+02 -4.189218597697086821e+00
-1.681805013381157323e+02 2.762542963410712105e+02 -4.181138499777788731e+00
-1.681638831093231659e+02 2.762054317347746633e+02 -4.172401174107360333e+00
-1.681601343195021343e+02 2.761493830724290319e+02 -4.164426905222279984e+00
-1.681441475790876723e+02 2.760775312184836139e+02 -4.153494589846353335e+00
-1.681376700302991480e+02 2.760179248989869620e+02 -4.145305796627626549e+00
-1.681358458537517606e+02 2.759665416571522201e+02 -4.138597428904519759e+00
-1.681146067749357655e+02 2.758886265670540183e+02 -4.126291654267932429e+00
-1.681082550039021157e+02 2.758559081572010996e+02 -4.121511505966518385e+00
-1.680972982538550582e+02 2.757942201750776121e+02 -4.112165424045926443e+00
-1.680902212313352493e+02 2.757367723340159387e+02 -4.104083639699305230e+00
-1.680918846261083672e+02 2.756928583046426411e+02 -4.097802922269534243e+00
-1.680840218320589372e+02 2.756366107786861335e+02 -4.089775666509313012e+00
-1.680786872788090704e+02 2.755828907646096013e+02 -4.081907367972393175e+00
-1.680587737402232733e+02 2.755118028877702159e+02 -4.070974741036891942e+00
-1.680502699452127899e+02 2.754784944427627238e+02 -4.066141265324539233e+00
-1.680383216122382066e+02 2.754169456190015808e+02 -4.056792941122383311e+00
-1.680432692438592710e+02 2.753794532226534102e+02 -4.051884420238756057e+00
-1.680361681821237880e+02 2.753271297878692394e+02 -4.044070858757216946e+00
-1.680344944299503993e+02 2.752817702435806382e+02 -4.038681399026081031e+00
-1.680369063731731387e+02 2.752417119814030571e+02 -4.033612309770385984e+00
-1.680111008190587540e+02 2.751875055161510772e+02 -4.024500249599160639e+00
-1.680191537740242325e+02 2.751555125451724848e+02 -4.019912230920795970e+00
-1.680219387786824825e+02 2.751173763316079430e+02 -4.015948986548494304e+00
-1.680179296372678550e+02 2.750704816187569008e+02 -4.009453674410509372e+00
-1.680115909438121378e+02 2.750220855502525410e+02 -4.001853925872657314e+00
-1.680289538421718589e+02 2.750013115778455699e+02 -4.000954942518142765e+00
-1.682152197936121638e+02 2.749636357054656628e+02 -4.010985966534999392e+00
-1.682541713258117397e+02 2.749700983377950934e+02 -4.014741708378522844e+00
-1.682660678917652888e+02 2.749631527238643116e+02 -4.014505911821149908e+00
-1.682902392993825060e+02 2.749512116481435555e+02 -4.015141452770947694e+00
-1.683606986804635994e+02 2.749940185400515134e+02 -4.026135224125906298e+00
-1.684097652197130515e+02 2.750106033887692547e+02 -4.032529150222631031e+00
-1.682606574026557382e+02 2.747988290283108199e+02 -3.992857940951361595e+00
-1.682756808487438889e+02 2.747764997849637894e+02 -3.991853065711516546e+00
-1.683089961440738591e+02 2.747749233959145272e+02 -3.994128107295939145e+00
-1.683238038859071821e+02 2.747724744380618631e+02 -3.995159267269683845e+00
-1.683481685850998701e+02 2.747615275424877836e+02 -3.995848772379198000e+00
-1.683814863322975270e+02 2.747599637801983476e+02 -3.998124382207995708e+00
-1.683848393232569549e+02 2.747247551374051113e+02 -3.994320800199560040e+00
-1.683909194900972750e+02 2.746930947484181615e+02 -3.990731412022016755e+00
-1.684189872074788070e+02 2.746854808896112559e+02 -3.991634156252170662e+00
-1.684456921363441779e+02 2.746760920178439846e+02 -3.992429825053340764e+00
-1.684694447632551828e+02 2.746829874784914978e+02 -3.996046151034529537e+00
-1.684846728527625714e+02 2.746617138062806021e+02 -3.994097162238739784e+00
-1.685179849162126402e+02 2.746601190936620469e+02 -3.997372266239104022e+00
-1.685406096506694382e+02 2.746454589490164153e+02 -3.996848138522673732e+00
-1.685595311705214385e+02 2.746274672576593048e+02 -3.996110907495494580e+00
-1.685798066153128048e+02 2.746112032533960701e+02 -3.996479652743844646e+00
-1.686216981997018820e+02 2.746170697288338829e+02 -4.000234778426862370e+00
-1.688939694184100233e+02 2.745920889366693132e+02 -4.020849330759094009e+00
-1.689304143951625008e+02 2.745908937828104399e+02 -4.024177918531250953e+00
-1.689655067325632842e+02 2.745879750609203143e+02 -4.026400699677402883e+00
-1.689980650541853038e+02 2.745825003377285611e+02 -4.028463387448500299e+00
-1.690290647925613712e+02 2.745742447812154410e+02 -4.030364399219807048e+00
-1.690448566399487618e+02 2.745716231608683984e+02 -4.031396563765937024e+00
-1.690820881811349636e+02 2.745692280229841913e+02 -4.034670648518571490e+00
-1.691232208845342484e+02 2.745711863420788745e+02 -4.038213004873595580e+00
-1.691542237866207756e+02 2.745629495797682580e+02 -4.040114915729026812e+00
-1.691916533661795654e+02 2.745615768195779651e+02 -4.043444194228253963e+00
-1.692360965771195254e+02 2.745648426064768159e+02 -4.048091024790920756e+00
-1.681914443517295012e+02 2.763684453166553112e+02 -4.258317915897814387e+00
-1.682059509296878446e+02 2.763382069085336639e+02 -4.254889677997638842e+00
-1.680547946710144060e+02 2.749402816252434150e+02 -4.048116812187235958e+00
-1.680721667182841657e+02 2.749195539467084473e+02 -4.046218996190200201e+00
-1.680996318609121829e+02 2.749140821672875177e+02 -4.048228734931933914e+00
-1.681078606026856335e+02 2.748829940512470102e+02 -4.044691706877181048e+00
-1.681417540339485868e+02 2.748843937495641399e+02 -4.047128284496816164e+00
-1.681777819474059186e+02 2.748862927163423819e+02 -4.050615020624430684e+00
-1.681885082235146740e+02 2.748785659385181361e+02 -4.050326087230912364e+00
-1.682010102931025415e+02 2.748537462132868541e+02 -4.048163031990911875e+00
-1.682175917265641942e+02 2.748341959852474474e+02 -4.047319611854433674e+00
-1.682378744667331034e+02 2.748179674785971542e+02 -4.046688939033692201e+00
-1.682711786688562938e+02 2.748163335319902103e+02 -4.049962202379113307e+00
-1.682852380127434628e+02 2.747942866483803641e+02 -4.047960390442040257e+00
-1.683068851518271458e+02 2.747798376957307482e+02 -4.047436988192067098e+00
-1.685830490593542663e+02 2.746961799792542820e+02 -4.061030507832257719e+00
-1.693989541375350996e+02 2.746795635610442901e+02 -4.133908423971403678e+00
-1.685374716228369891e+02 2.779776996594665661e+02 -4.582424008181491537e+00
-1.680322534731525366e+02 2.755484767042213434e+02 -4.181761556748669229e+00
-1.679990923852816991e+02 2.749892786730766261e+02 -4.099149409524338594e+00
-1.680047915630372870e+02 2.749556574814866394e+02 -4.095453118749560417e+00
-1.680400344842131517e+02 2.749587595256020336e+02 -4.098994476710937640e+00
-1.680566262471365064e+02 2.749392616711012920e+02 -4.097152495326650268e+00
-1.680714664594336227e+02 2.749159892219884114e+02 -4.095094958794771145e+00
-1.680691642529662886e+02 2.748936338012744613e+02 -4.091901345590416739e+00
-1.680696125063029740e+02 2.748539554046277544e+02 -4.086831926506651946e+00
-1.680821231802150066e+02 2.748291791687093450e+02 -4.083669885894422258e+00
-1.681148358865197849e+02 2.748297472870765432e+02 -4.087052049190563530e+00
-1.681285052643862628e+02 2.748056908695110110e+02 -4.084941223092831919e+00
-1.681581146734688161e+02 2.748007679244088877e+02 -4.087002465884682856e+00
-1.681705817169205659e+02 2.747967610305254880e+02 -4.087927521611808501e+00
-1.681910574238540903e+02 2.747815262820442399e+02 -4.087350787458523094e+00
-1.682113391267536144e+02 2.747652911828518540e+02 -4.086719817825427370e+00
-1.682331684493186401e+02 2.747517812776999335e+02 -4.087248788215962492e+00
-1.682680301968026981e+02 2.747529215687505371e+02 -4.090683490268474998e+00
-1.682894819178698071e+02 2.747374662342937768e+02 -4.090105521587015680e+00
-1.683270630413647382e+02 2.747421179340723256e+02 -4.094753580578386121e+00
-1.683235967351396880e+02 2.747190136566246679e+02 -4.090507412768481288e+00
-1.683477664695216731e+02 2.747070627132544018e+02 -4.091142538240920778e+00
-1.683760172774119326e+02 2.747003925730887772e+02 -4.093097969180750972e+00
-1.684015521893411176e+02 2.746902239428294479e+02 -4.093840517990974703e+00
-1.684255283067209916e+02 2.746772783942130900e+02 -4.094421713331092505e+00
-1.684496999477691190e+02 2.746653372699217357e+02 -4.095057313837854096e+00
-1.684688148882072483e+02 2.746483416738662982e+02 -4.094374148752887521e+00
-1.684939321331922599e+02 2.746570190679742609e+02 -4.098097932061946835e+00
-1.685245263642403586e+02 2.746519208960005471e+02 -4.100160052337969319e+00
-1.685576447211553841e+02 2.746493311169529079e+02 -4.103381081711752643e+00
-1.685802707405841545e+02 2.746346750882482297e+02 -4.102857183164500654e+00
-1.686095024138253962e+02 2.746278105959286790e+02 -4.104812566937501295e+00
-1.686295847252109184e+02 2.746105494737346362e+02 -4.105127135888699819e+00
-1.686547352329481555e+02 2.745984037045403738e+02 -4.105762307778666909e+00
-1.686606004079921206e+02 2.745866297716123086e+02 -4.104209226134809541e+00
-1.687110427312061347e+02 2.745998066735444922e+02 -4.111440473282114816e+00
-1.687375599607152026e+02 2.745894511699556801e+02 -4.112183382204729121e+00
-1.687652368628113493e+02 2.745798254762290753e+02 -4.113978159085892372e+00
-1.687970085583943955e+02 2.745755454166969685e+02 -4.116095010501629403e+00
-1.688320857384750298e+02 2.745725519600837856e+02 -4.119315428581585614e+00
-1.688737832117986954e+02 2.745774171045934509e+02 -4.124017263476967621e+00
-1.688829544308134984e+02 2.745669301542347966e+02 -4.123567714507243132e+00
-1.689242743797475441e+02 2.745698527680183929e+02 -4.127162703466066063e+00
-1.689605261317142038e+02 2.745676600256803681e+02 -4.130437149005775410e+00
-1.689882090428361607e+02 2.745580627759264871e+02 -4.132233062076000607e+00
-1.690180380220428447e+02 2.745490261401742487e+02 -4.134081055975854291e+00
-1.690642179905775038e+02 2.745559936629118170e+02 -4.139941061400413069e+00
-1.690954144182861398e+02 2.745487510352990057e+02 -4.141896936452869049e+00
-1.691184133039848234e+02 2.745517664884950477e+02 -4.144300786685136018e+00
-1.691644133736488698e+02 2.745578042276112001e+02 -4.149108809603520243e+00
-1.691891764274585910e+02 2.745436639338876148e+02 -4.150636658379420751e+00
-1.692550433641407039e+02 2.745680726129678533e+02 -4.159617197594164040e+00
-1.693082459689201471e+02 2.745797225549645759e+02 -4.166796671764963378e+00
-1.685430333663925637e+02 2.780851197042449030e+02 -4.662204688853103463e+00
-1.685930807643684659e+02 2.781015039126280044e+02 -4.668597939456901713e+00
-1.686311185462159301e+02 2.780980117996551257e+02 -4.670820518609229310e+00
-1.685574219477176428e+02 2.779440677094301009e+02 -4.640962065576048623e+00
-1.680830857371431364e+02 2.758208621216491565e+02 -4.276636610568496089e+00
-1.680619123342330852e+02 2.757222903985380640e+02 -4.259247747797601846e+00
-1.680462093505857979e+02 2.756099113636315678e+02 -4.241196605623755111e+00
-1.680338910452406367e+02 2.755464563993680827e+02 -4.230743004408273222e+00
-1.680388433089198372e+02 2.755089878573817259e+02 -4.225835484128887209e+00
-1.680313711844107161e+02 2.754547526667333841e+02 -4.216916459213917889e+00
-1.680024835473693372e+02 2.753951660682258762e+02 -4.205487384849028842e+00
-1.680130638723578613e+02 2.753656944448911759e+02 -4.202058928599330834e+00
-1.680123771373762338e+02 2.753201714078799682e+02 -4.195669927604416038e+00
-1.679866292000451438e+02 2.752452676279831962e+02 -4.182473857881165991e+00
-1.680001240624196441e+02 2.752203129025726867e+02 -4.179312338009484762e+00
-1.680134139941946216e+02 2.751943036286551774e+02 -4.177095042048689422e+00
-1.679839284264151615e+02 2.751368834548337077e+02 -4.165773409290078000e+00
-1.679948887679027507e+02 2.751093713775343872e+02 -4.162451600601871249e+00
-1.679949680478919447e+02 2.750677919851989941e+02 -4.156277124989591343e+00
-1.679954992512678302e+02 2.749865543472500917e+02 -4.145034205779833059e+00
-1.680130656668601432e+02 2.749668288953758406e+02 -4.143190608043103573e+00
-1.680109956834323839e+02 2.749246749352885217e+02 -4.136963704515623341e+00
-1.680364880697244416e+02 2.749352817658512436e+02 -4.140792744497145961e+00
-1.680464585390019465e+02 2.749079172277149041e+02 -4.138469909239955946e+00
-1.680601391403172329e+02 2.748839202891055606e+02 -4.135360844124412516e+00
-1.681282245541223404e+02 2.749249970570044752e+02 -4.148242742045514575e+00
-1.681434537871664645e+02 2.749037280229752582e+02 -4.146293829277581722e+00
-1.681295199422955307e+02 2.748476961401095195e+02 -4.137214025839160314e+00
-1.680446356657772355e+02 2.747095861418825962e+02 -4.109077829290763262e+00
-1.681515768947039930e+02 2.748143652920726367e+02 -4.134708722110218559e+00
-1.681732219073466013e+02 2.747999041377625531e+02 -4.134184717588476055e+00
-1.682069125863534111e+02 2.748002605058094332e+02 -4.137566130037826362e+00
-1.682326386867759709e+02 2.747910777266735067e+02 -4.138362303783335250e+00
-1.682449446116170861e+02 2.747652478771011033e+02 -4.136144537991892633e+00
-1.682809760148271607e+02 2.747671660663029911e+02 -4.139632079656582420e+00
-1.682989206654204963e+02 2.747493893063540895e+02 -4.138895777735470460e+00
-1.683123642281139780e+02 2.747451631770823042e+02 -4.139819794375894979e+00
-1.683365335851670750e+02 2.747332127920363973e+02 -4.140454945228667860e+00
-1.683750911240991286e+02 2.747376472232740525e+02 -4.145101947839215484e+00
-1.683852629680494317e+02 2.747113214226752689e+02 -4.141834201687143668e+00
-1.684144905829773791e+02 2.747044310276139072e+02 -4.143788423665677456e+00
-1.684398316056115448e+02 2.746932663898289206e+02 -4.144476965978726390e+00
-1.684573879479163452e+02 2.746734923853608734e+02 -4.143632311613762553e+00
-1.684811413152135060e+02 2.746803891573900955e+02 -4.147248714034422967e+00
-1.685130993480725294e+02 2.746770687151598622e+02 -4.149418003024100798e+00
-1.685318265390796455e+02 2.746580762511139255e+02 -4.148626511024851027e+00
-1.685596929582810048e+02 2.746494265502264511e+02 -4.150474318804977081e+00
-1.685875610391675821e+02 2.746407804038338440e+02 -4.152322389893602583e+00
-1.686142697683249594e+02 2.746314136044983343e+02 -4.153119016924246232e+00
-1.686446724724127932e+02 2.746253315905757972e+02 -4.155127554453208916e+00
-1.686653227097446575e+02 2.746267406620192446e+02 -4.157423214479620377e+00
-1.686918282334400203e+02 2.746163281984025843e+02 -4.159164489545569054e+00
-1.687208688602387667e+02 2.746084773358406323e+02 -4.161066342004951402e+00
-1.687586726591898696e+02 2.746090317658703270e+02 -4.164500749827267256e+00
-1.687738935064533905e+02 2.745877216188662828e+02 -4.163551068708320813e+00
-1.688255214434735478e+02 2.746017577791767508e+02 -4.169838053387663557e+00
-1.688475298890173804e+02 2.746049140943392786e+02 -4.173240461273901580e+00
-1.688647124431565487e+02 2.745832142987241582e+02 -4.171289817905588393e+00
-1.689025111788228344e+02 2.745837434753191815e+02 -4.175724084803922764e+00
-1.689362379886594852e+02 2.745790381363380561e+02 -4.177839332631656077e+00
-1.689648953022850719e+02 2.745692157533248405e+02 -4.179633935071233708e+00
-1.689910185248706398e+02 2.745568344797965210e+02 -4.181268172441357400e+00
-1.690296129596089827e+02 2.745562123942686412e+02 -4.184649230877787396e+00
-1.690601956812784010e+02 2.745668037091998599e+02 -4.189531468612795351e+00
-1.691200093941399700e+02 2.745862674515398112e+02 -4.198190272967009307e+00
-1.691859063170133197e+02 2.745740939814862713e+02 -4.203260936212441123e+00
-1.692416409246380340e+02 2.745882920600662374e+02 -4.210600249508470228e+00
-1.693156820896658985e+02 2.746180713548196195e+02 -4.221950098015957664e+00
-1.693118271315925085e+02 2.745772209486092379e+02 -4.216774873370145116e+00
-1.693506003138278402e+02 2.745932656510854599e+02 -4.223029216123647345e+00
-1.685431848429039405e+02 2.780964443128236212e+02 -4.719879504532283221e+00
-1.679664180840873655e+02 2.752041705882344331e+02 -4.216164945398688246e+00
-1.679565964800609947e+02 2.751483272370252280e+02 -4.207137628383440742e+00
-1.679566773425211181e+02 2.751067572449128420e+02 -4.200963542793568095e+00
-1.679567568941875493e+02 2.750651792517352874e+02 -4.194789203065797167e+00
-1.679586988918081261e+02 2.749649673150069020e+02 -4.179566940945607101e+00
-1.679453691808026861e+02 2.749067988803409435e+02 -4.169380269970673680e+00
-1.679850764898913553e+02 2.749171532543557532e+02 -4.174349064379936358e+00
-1.680041882141010490e+02 2.749001398443997459e+02 -4.173665051083439437e+00
-1.680151322456444518e+02 2.748725420935280681e+02 -4.171340413053701290e+00
-1.680628760039541874e+02 2.748508193161692361e+02 -4.172718435733304254e+00
-1.680646621800286482e+02 2.748337777651206579e+02 -4.169845642246764683e+00
-1.680942700461179697e+02 2.748288468737674748e+02 -4.171906452304443569e+00
-1.681054067183836764e+02 2.748022424528437568e+02 -4.169635846489210707e+00
-1.681169418332150371e+02 2.747776891462769981e+02 -4.166475048640601031e+00
-1.681335208667113079e+02 2.747581253080540478e+02 -4.165631068906809453e+00
-1.681590498616103844e+02 2.747479287074919512e+02 -4.166372387943612310e+00
-1.681810725658995125e+02 2.747354134467914832e+02 -4.166955407468469375e+00
-1.682009325305013476e+02 2.747380009034985733e+02 -4.169304518700572615e+00
-1.682268521422743390e+02 2.747298146870908795e+02 -4.170154783843244672e+00
-1.682484870965167545e+02 2.747153025552782424e+02 -4.170629535973473523e+00
-1.682691469318440909e+02 2.747010181211020949e+02 -4.171105725822563670e+00
-1.682958483196700570e+02 2.746916110134566793e+02 -4.171900520919943567e+00
-1.683122331915784002e+02 2.746710497654285064e+02 -4.171002458324122308e+00
-1.683459287360742564e+02 2.746714299392664884e+02 -4.174384930934678550e+00
-1.683749399971255798e+02 2.746844189857443439e+02 -4.178375137142282369e+00
-1.683872441300394769e+02 2.746585836602785662e+02 -4.176157125299153172e+00
-1.684118037928115541e+02 2.746486408062572195e+02 -4.176901129085051068e+00
-1.684423852425302641e+02 2.746434776339850146e+02 -4.179961242364508500e+00
-1.684611106170198411e+02 2.746244758151649989e+02 -4.179169360305542646e+00
-1.684920928704075891e+02 2.746213759165830766e+02 -4.181339824341048228e+00
-1.685092309383457234e+02 2.746204398053139357e+02 -4.183476031409638196e+00
-1.685398250649735417e+02 2.746153435970659302e+02 -4.185538193911193972e+00
-1.685663276966356818e+02 2.746049137384045480e+02 -4.187278705777526255e+00
-1.685930356076828787e+02 2.745955427259867747e+02 -4.188075222752917881e+00
-1.686181851170127572e+02 2.745833918151006969e+02 -4.188710114638421800e+00
-1.686487724688741991e+02 2.745782590380399597e+02 -4.191771644411093511e+00
-1.686791755223632947e+02 2.745721813249757588e+02 -4.193780351440345555e+00
-1.687037149711135839e+02 2.745778806287862039e+02 -4.197342437486658362e+00
-1.687327556899080321e+02 2.745700302398943222e+02 -4.199244196361682668e+00
-1.687631615713623319e+02 2.745639645890220777e+02 -4.201253565294285508e+00
-1.687968731343459297e+02 2.745591840541348461e+02 -4.204366305561562100e+00
-1.688247464683691135e+02 2.745505674621202274e+02 -4.206215682639226294e+00
-1.688535956732435750e+02 2.745417307970054708e+02 -4.208063850606360567e+00
-1.688914043746986522e+02 2.745423104743113072e+02 -4.211499513956736607e+00
-1.689132296246977489e+02 2.745445250314365353e+02 -4.213849336878486618e+00
-1.689508358616926671e+02 2.745440603589646571e+02 -4.218229665183983457e+00
-1.689859180362730058e+02 2.745410926232976294e+02 -4.221451245207640923e+00
-1.690157469253310580e+02 2.745320555232406150e+02 -4.223299154132888589e+00
-1.691466977015859072e+02 2.745453482867907269e+02 -4.239400243534227286e+00
-1.692867005800703168e+02 2.746577503503893354e+02 -4.269777417996433400e+00
-1.692291278168920599e+02 2.745658577344402715e+02 -4.250355869034635248e+00
-1.692523862765781359e+02 2.745124789281509834e+02 -4.245816112379153573e+00
-1.692062810217035178e+02 2.744324238807987513e+02 -4.230138062266588506e+00
-1.685893748253560318e+02 2.781927360846999022e+02 -4.816532486092787835e+00
-1.685419899419855199e+02 2.780483696815251164e+02 -4.788454084247716125e+00
-1.685350896148603681e+02 2.779708411221253641e+02 -4.774313242014406100e+00
-1.685091880807794666e+02 2.778636629952540034e+02 -4.754415571951136066e+00
-1.685130007544916282e+02 2.778360690488341334e+02 -4.750008923322658561e+00
-1.684682977804508255e+02 2.777002668098033382e+02 -4.723409040023766714e+00
-1.681267555802293714e+02 2.760459060714773045e+02 -4.423042672513920692e+00
-1.681237849753330522e+02 2.759938666578792663e+02 -4.414284961351064851e+00
-1.681151818728695844e+02 2.759338049780902793e+02 -4.404047109264045190e+00
-1.681065868295287373e+02 2.758737839799332505e+02 -4.392810178594742432e+00
-1.680952548390871186e+02 2.758101627278381329e+02 -4.382357700391579236e+00
-1.680794089962654141e+02 2.757652750051084922e+02 -4.372835592763939516e+00
-1.680688466920760220e+02 2.757056175549659542e+02 -4.362598496390388547e+00
-1.680693513452640673e+02 2.756609822626329560e+02 -4.355266428598920214e+00
-1.680614985176191283e+02 2.756047852405090453e+02 -4.346240509771084781e+00
-1.680466696721905748e+02 2.755388935278524514e+02 -4.333630184190146117e+00
-1.680498824780891027e+02 2.754977130967469066e+02 -4.327509047967324385e+00
-1.680322613564320307e+02 2.754541751073567752e+02 -4.319040365617944133e+00
-1.680259556695733920e+02 2.754006999915938536e+02 -4.310173510662585805e+00
-1.680244995768109106e+02 2.753564609764127908e+02 -4.302841884889724078e+00
-1.680212920248021931e+02 2.753084478371678188e+02 -4.295294669904567542e+00
-1.680153676387989208e+02 2.752569363802595035e+02 -4.286534751199535087e+00
-1.680195297329369737e+02 2.752206442535676274e+02 -4.281680758939616638e+00
-1.680168979396391364e+02 2.751755974610210274e+02 -4.274294842959352358e+00
-1.680031602843444318e+02 2.751363192962144240e+02 -4.266090412650509478e+00
-1.680321467885072764e+02 2.750494613108090221e+02 -4.255858267435836950e+00
-1.680258181664920301e+02 2.750011137855332777e+02 -4.247259754085183303e+00
-1.680445439577882212e+02 2.749821128623609638e+02 -4.246467803934119267e+00
-1.680568165816308124e+02 2.749771047283622352e+02 -4.247338573234223702e+00
-1.679842268753322401e+02 2.748498434086304201e+02 -4.219897901706414878e+00
-1.681109820754311102e+02 2.749622192518755810e+02 -4.250142750741327191e+00
-1.681497250439960851e+02 2.749676086261497403e+02 -4.254841936376303480e+00
-1.681688405827694339e+02 2.749506148605950102e+02 -4.254158754109140794e+00
-1.681879557967318704e+02 2.749336206730626486e+02 -4.253475546349718250e+00
-1.683005854577615992e+02 2.750047253655982331e+02 -4.276408718214648630e+00
-1.681842313800823661e+02 2.748304608306496561e+02 -4.238040233251975764e+00
-1.682124898606790850e+02 2.748238256297726139e+02 -4.238996220742380139e+00
-1.682380115225699910e+02 2.748135920869908091e+02 -4.240736822001075268e+00
-1.682857003506454134e+02 2.748283271456979833e+02 -4.248021250120274317e+00
-1.682863498490285679e+02 2.747896855683121089e+02 -4.242006877878786497e+00
-1.683146003081332651e+02 2.747830111304098750e+02 -4.243962079798672349e+00
-1.683278499056547730e+02 2.747777861012772860e+02 -4.244831877767177630e+00
-1.683498867014513110e+02 2.747653438388186942e+02 -4.244417217946153897e+00
-1.683738632875401038e+02 2.747523982024263205e+02 -4.244998353841234362e+00
-1.683980347470595973e+02 2.747404561432818468e+02 -4.245633903438092993e+00
-1.684274463328274010e+02 2.747345190034315578e+02 -4.248641202036784748e+00
-1.684514242809964628e+02 2.747215803815588515e+02 -4.249222660236480209e+00
-1.684781302859932453e+02 2.747121995531839502e+02 -4.250018642657894752e+00
-1.684966324416911903e+02 2.747130401427855872e+02 -4.252262027124508847e+00
-1.685233292070136315e+02 2.747036125531121229e+02 -4.254056816733493562e+00
-1.685486729538083921e+02 2.746924619443665279e+02 -4.254746003655770714e+00
-1.685804283264069454e+02 2.746880986455360016e+02 -4.257860033890805695e+00
-1.686092721873804976e+02 2.746792319586168105e+02 -4.259706870413948465e+00
-1.686346177500770978e+02 2.746680907015235675e+02 -4.260396506915597570e+00
-1.686650214531880181e+02 2.746620138324145728e+02 -4.262405264929369331e+00
-1.686881954527138703e+02 2.746659294239562428e+02 -4.265859791753389807e+00
-1.687147020661966224e+02 2.746555225725796845e+02 -4.267601312759098597e+00
-1.687400499899966064e+02 2.746443934748197080e+02 -4.268291492050170888e+00
-1.687712374277289484e+02 2.746371045501281856e+02 -4.270245263700032545e+00
-1.687989160704657081e+02 2.746274853188403995e+02 -4.272040218466168326e+00
-1.688302894136317036e+02 2.746211546092560525e+02 -4.275047346889886413e+00
-1.688692567140052745e+02 2.746224560655186906e+02 -4.279534326499947028e+00
-1.688864112870721783e+02 2.746216041315227585e+02 -4.280673346139487023e+00
-1.689109842572116520e+02 2.746064841054628118e+02 -4.281146964812046818e+00
-1.689448955065970210e+02 2.746027319339166866e+02 -4.284315229814899872e+00
-1.689836726687868804e+02 2.746030516973239628e+02 -4.288748873141201123e+00
-1.690173913150806015e+02 2.745983076404365875e+02 -4.291863241776749049e+00
-1.690733015668466805e+02 2.746134110899517964e+02 -4.300253511594377187e+00
-1.690813050380330083e+02 2.746021560667642802e+02 -4.299751479007488442e+00
-1.691918255394257642e+02 2.745941780794549913e+02 -4.310520895876725156e+00
-1.691258749799982013e+02 2.744958673169671783e+02 -4.289674524318026982e+00
-1.693058012168408482e+02 2.746249933075390572e+02 -4.328356394075552949e+00
-1.692968958927582719e+02 2.745791202300924851e+02 -4.320862841611656791e+00
-1.693491527587901260e+02 2.745701584641112731e+02 -4.324954608164933489e+00
-1.685259617229396838e+02 2.780131020570595410e+02 -4.854537141442354375e+00
-1.685056987086404376e+02 2.779139751375336687e+02 -4.835120075943459383e+00
-1.684854219677381195e+02 2.778147770988371690e+02 -4.816700613051285274e+00
-1.684819961725828534e+02 2.777446489212902634e+02 -4.803985210549751805e+00
-1.680047494482141985e+02 2.750290877422451103e+02 -4.304574352524777936e+00
-1.680036567890980166e+02 2.749867211941256642e+02 -4.298346528126677057e+00
-1.680241331851310633e+02 2.749714887435716264e+02 -4.297769802246147464e+00
-1.680498570158302130e+02 2.749622942756507200e+02 -4.298565399137528331e+00
-1.680850913326819125e+02 2.749653528304532415e+02 -4.303105742471133865e+00
-1.680841999711301753e+02 2.749240221212926372e+02 -4.295932914042717599e+00
-1.681376640178601747e+02 2.749685059774971023e+02 -4.308836889799239067e+00
-1.682045733005189163e+02 2.750087735720794058e+02 -4.322665297673544238e+00
-1.681636570444945562e+02 2.749187114150275306e+02 -4.303511458203272078e+00
-1.681739023175779266e+02 2.748507748403364417e+02 -4.294067888112421905e+00
-1.681996176729635408e+02 2.748415387982576590e+02 -4.295862572158528181e+00
-1.682199008293233646e+02 2.748253111841332839e+02 -4.295231890765343508e+00
-1.682150737566029761e+02 2.748004460591114935e+02 -4.290879292023757507e+00
-1.682392422196689381e+02 2.747884885686480061e+02 -4.291514120646533925e+00
-1.682729352597791319e+02 2.747888570960281527e+02 -4.294896075885308306e+00
-1.682932084503501926e+02 2.747725789811929644e+02 -4.295263998040082853e+00
-1.683429122648952045e+02 2.747504576256332598e+02 -4.296641629947977492e+00
-1.686430255140574275e+02 2.746537172546958914e+02 -4.314813999834695935e+00
-1.686835346351426494e+02 2.746577115398183082e+02 -4.320459579788950677e+00
-1.686417905411281879e+02 2.745581379037867009e+02 -4.300803860465456374e+00
-1.687344425403063610e+02 2.746155567804080420e+02 -4.319803190718557673e+00
-1.685031214659915690e+02 2.778954909737066146e+02 -4.880191777677124421e+00
-1.684996977991244762e+02 2.778253750071853574e+02 -4.867476798888397127e+00
-1.684608139853534396e+02 2.776985550767466862e+02 -4.842409460060215665e+00
-1.684521431023637490e+02 2.776224035039304567e+02 -4.828322404776333343e+00
-1.683791374717638973e+02 2.772935762368603037e+02 -4.763293973720604590e+00
-1.683599695911537708e+02 2.772053364877521631e+02 -4.746461849180093395e+00
-1.680967351352765036e+02 2.758913484989828930e+02 -4.494765923489659087e+00
-1.680885148630055994e+02 2.758332608554517265e+02 -4.484635508067619902e+00
-1.680803030278019321e+02 2.757752133383498858e+02 -4.473505929163309247e+00
-1.680521544777364511e+02 2.756669501574864398e+02 -4.452532718821970548e+00
-1.679713331504846394e+02 2.752716056868989654e+02 -4.377960569778046818e+00
-1.679659897535855464e+02 2.752230862615514866e+02 -4.369362933499951751e+00
-1.679697737529264714e+02 2.751848449144500819e+02 -4.363401917605047586e+00
-1.679859817637424726e+02 2.751633707774567483e+02 -4.361452372206405137e+00
-1.679835426260542874e+02 2.751193148899493508e+02 -4.354120301720852737e+00
-1.679861537792624233e+02 2.750802817159203641e+02 -4.348105622970960482e+00
-1.679811511149186458e+02 2.750545102396612833e+02 -4.342702016835181311e+00
-1.679735466525141874e+02 2.749628519801982520e+02 -4.326822966921800351e+00
-1.679845026861388533e+02 2.749353164673930792e+02 -4.323500242641266311e+00
-1.680022521533778956e+02 2.749165332833098887e+02 -4.322709314806322034e+00
-1.680254425529775517e+02 2.749047870757402166e+02 -4.323344868820937492e+00
-1.680431920202165941e+02 2.748860038916570261e+02 -4.322553940985993215e+00
-1.680741170204939579e+02 2.749036031805478615e+02 -4.328808456873673549e+00
-1.680854605312567287e+02 2.748780631334535087e+02 -4.325593983142567822e+00
-1.681243968815458345e+02 2.748844471521791206e+02 -4.330347217911866053e+00
-1.681314563713595760e+02 2.748525844679089687e+02 -4.326757290313667070e+00
-1.681387195198411746e+02 2.748217697819309251e+02 -4.322222901474574996e+00
-1.681803742853643939e+02 2.748316615122994335e+02 -4.328189349025466370e+00
-1.682150297796463008e+02 2.748317416942953173e+02 -4.332567909972484976e+00
-1.682024318218363987e+02 2.747983349227937424e+02 -4.325684155314468704e+00
-1.682332129878800231e+02 2.747941981955008259e+02 -4.327798755501891748e+00
-1.682546543263517265e+02 2.747786914646856076e+02 -4.328219458460489832e+00
-1.682858152209500417e+02 2.747765123714797824e+02 -4.331441540472022567e+00
-1.682969627678789948e+02 2.747499631317755870e+02 -4.328172466619033543e+00
-1.683366781018910672e+02 2.747551127008573530e+02 -4.333870548233875297e+00
-1.683462354365793487e+02 2.747466142048115785e+02 -4.333528867989310029e+00
-1.683690421723732129e+02 2.747328921696888528e+02 -4.334057121523141376e+00
-1.684048836046565327e+02 2.747338320289188687e+02 -4.337491505014112292e+00
-1.684381830683058183e+02 2.747321732508548848e+02 -4.341764652927812662e+00
-1.684557508298597099e+02 2.747124572321656046e+02 -4.339921683254800655e+00
-1.684787543606377938e+02 2.746997461684609902e+02 -4.340504638804937976e+00
-1.685015633667707107e+02 2.746860358252450283e+02 -4.341033409673241472e+00
-1.685161787635336168e+02 2.746825988123612206e+02 -4.342010876844673462e+00
-1.685541593865620769e+02 2.746840646898710929e+02 -4.346496572102956257e+00
-1.685845508665854027e+02 2.746779231938705834e+02 -4.349503408169385743e+00
-1.685958829568677118e+02 2.746523251547539530e+02 -4.347287368785638151e+00
-1.686212279749784670e+02 2.746411810931015225e+02 -4.347976852557579264e+00
-1.686578483378510498e+02 2.746408874798678994e+02 -4.352356193286342823e+00
-1.686919461072724289e+02 2.746380958667201071e+02 -4.355576827733729672e+00
-1.687075389172641735e+02 2.746344467238655511e+02 -4.356553578048457886e+00
-1.687453320236963066e+02 2.746349469106503989e+02 -4.360986445298777880e+00
-1.687693058168393634e+02 2.746219877127300606e+02 -4.362567957604349900e+00
-1.687942649772978712e+02 2.746088590270748568e+02 -4.363149776216124209e+00
-1.688258329222173870e+02 2.746035304955805714e+02 -4.366211182457112372e+00
-1.688572069921135324e+02 2.745972035285302013e+02 -4.369218455000786427e+00
-1.688870327031894192e+02 2.745881500623011675e+02 -4.371065592042048920e+00
-1.689154661781763025e+02 2.745981643939369405e+02 -4.375895036583098197e+00
-1.689452933414811469e+02 2.745891184065322932e+02 -4.377742580903580816e+00
-1.689877653862445470e+02 2.745927276296178547e+02 -4.383388389277714126e+00
-1.690127191228237962e+02 2.745795718333088189e+02 -4.384969727067082879e+00
-1.690425495703781280e+02 2.745705402577157770e+02 -4.386817822487053320e+00
-1.690799646291983436e+02 2.745690960410316848e+02 -4.391144797065433814e+00
-1.691084314415830079e+02 2.745582900954570391e+02 -4.392885961401447048e+00
-1.691238355538110341e+02 2.745536691790890700e+02 -4.393809671833155406e+00
-1.691487921040838103e+02 2.745405278730024179e+02 -4.395391798726013377e+00
-1.691883573463886705e+02 2.745396604609398423e+02 -4.399771507127931969e+00
-1.692143014733264010e+02 2.745263560417810140e+02 -4.400354058766925647e+00
-1.692612605688663336e+02 2.745320886019992486e+02 -4.407158885619386623e+00
-1.693082214796924063e+02 2.745378305107480514e+02 -4.413964221570872759e+00
-1.693425364329285117e+02 2.745309091656143892e+02 -4.416970979848463763e+00
-1.684984458524909030e+02 2.778872166571441653e+02 -4.955817691136077840e+00
-1.684494505561862923e+02 2.776138441463658069e+02 -4.900950293121882240e+00
-1.684394161968122887e+02 2.775359152689055122e+02 -4.886756035096951223e+00
-1.680695324263257930e+02 2.756253131275710757e+02 -4.509627369929336105e+00
-1.681181675073252393e+02 2.756449196085226276e+02 -4.518178204229466033e+00
-1.681458523581149223e+02 2.756353302750946455e+02 -4.518973256908129343e+00
-1.681834298498061742e+02 2.756399632715684902e+02 -4.523620416740758543e+00
-1.681977071474100853e+02 2.756137918712092301e+02 -4.521404472924151818e+00
-1.679518391461940894e+02 2.751817324425795164e+02 -4.420129270619087336e+00
-1.679560097144143356e+02 2.751454818838018923e+02 -4.414276310243754331e+00
-1.679626995047661353e+02 2.751117144644308041e+02 -4.409581122477429282e+00
-1.679693986255565505e+02 2.750779942737847250e+02 -4.403887152978486874e+00
-1.679694873643793187e+02 2.750364640222077242e+02 -4.396714056935739023e+00
-1.679874326521698720e+02 2.750186905436097504e+02 -4.395977754640322033e+00
-1.679702322842074977e+02 2.749563253569317567e+02 -4.383527979352770387e+00
-1.679741635837086733e+02 2.749398383041344687e+02 -4.380706816779490254e+00
-1.679893813073551030e+02 2.749185108200216519e+02 -4.379756134344999552e+00
-1.680112193762952018e+02 2.749050438850636056e+02 -4.379286212984973226e+00
-1.680316945003965543e+02 2.748898048842946764e+02 -4.378709249774434653e+00
-1.680508066796591606e+02 2.748727938177148644e+02 -4.378025244713384723e+00
-1.680751565080963417e+02 2.748617711616668657e+02 -4.379712335921417399e+00
-1.680833598264652551e+02 2.748515445079788719e+02 -4.378264713466026414e+00
-1.681053823874721047e+02 2.748390297601538350e+02 -4.378847758408525692e+00
-1.681297433640968393e+02 2.748280636938485486e+02 -4.379536338904346238e+00
-1.681461291973975847e+02 2.748075061460272082e+02 -4.378638360946135677e+00
-1.681722322096028392e+02 2.748002664951471274e+02 -4.380541525010537285e+00
-1.682016487439165076e+02 2.747943502655459724e+02 -4.382548735550574115e+00
-1.682258169346895613e+02 2.747823913728029197e+02 -4.383183487808496537e+00
-1.682445091132165658e+02 2.747842093089526543e+02 -4.385480039095889460e+00
-1.682676927237781968e+02 2.747724289606007915e+02 -4.387115087581759276e+00
-1.682906926090966238e+02 2.747597016247436841e+02 -4.387697211653638796e+00
-1.683070900036973967e+02 2.747392015435821691e+02 -4.385801012009045152e+00
-1.683314543398328738e+02 2.747282527783020214e+02 -4.386490415298753831e+00
-1.683686373713947830e+02 2.747308576708253440e+02 -4.392028716784480480e+00
-1.683825020215327868e+02 2.747078081354553660e+02 -4.389972720614496282e+00
-1.684023661637555165e+02 2.747104171062699152e+02 -4.392322764695738790e+00
-1.684354808870197928e+02 2.747078086145523343e+02 -4.395543073469744044e+00
-1.684520634627868105e+02 2.746882630184510390e+02 -4.394699848400432707e+00
-1.684762355433848029e+02 2.746763266593227968e+02 -4.395335703382088788e+00
-1.685066248438333787e+02 2.746701739388420265e+02 -4.398342047568997160e+00
-1.685397432144044103e+02 2.746675817286421761e+02 -4.401563009262295267e+00
-1.685664407966056046e+02 2.746581583458074647e+02 -4.403358027965841082e+00
-1.685810565427697441e+02 2.746547256337820500e+02 -4.404335664637562431e+00
-1.686128127316313794e+02 2.746503665386685498e+02 -4.407449983486813494e+00
-1.686315415570117295e+02 2.746313824914219595e+02 -4.406658890157032715e+00
-1.686644589924598279e+02 2.746277563088476654e+02 -4.410825017220108002e+00
-1.686971926871616745e+02 2.746231855605551004e+02 -4.413938466108641379e+00
-1.687237096288747580e+02 2.746128310764736966e+02 -4.414681544905850963e+00
-1.687667457815160788e+02 2.746193487184146989e+02 -4.421486729476995947e+00
-1.687786354682830279e+02 2.746123684993968936e+02 -4.422250342416271351e+00
-1.687950370262330182e+02 2.745918923603732651e+02 -4.420355202820957174e+00
-1.688223266476070705e+02 2.745802697108801453e+02 -4.422041593342800780e+00
-1.688387179662439905e+02 2.745597416626226277e+02 -4.421145099969901793e+00
-1.688790400090513515e+02 2.745627750159396783e+02 -4.426738225430399964e+00
-1.688989424974432154e+02 2.745445870024594228e+02 -4.426001024050167487e+00
-1.689291482631161330e+02 2.745374915985385087e+02 -4.428955549368489564e+00
-1.689558388676778691e+02 2.745437777172102187e+02 -4.432570665564464107e+00
-1.689747565943297047e+02 2.745257673132680907e+02 -4.432833709502276065e+00
-1.689983548617449571e+02 2.745108758773706086e+02 -4.433308757321253957e+00
-1.690242940837159722e+02 2.744975461984486742e+02 -4.433890291510807380e+00
-1.690692948988290425e+02 2.745036852314264024e+02 -4.440696060945766632e+00
-1.691014559447811223e+02 2.744961679046965060e+02 -4.443649279825435450e+00
-1.691297009035329211e+02 2.745052113976719284e+02 -4.448425735393368718e+00
-1.691655592845419278e+02 2.745009961605018134e+02 -4.452591628045589722e+00
-1.692016136281533534e+02 2.744977901096980304e+02 -4.456812239859004876e+00
-1.692349497153160200e+02 2.744910734125889462e+02 -4.459819367233734511e+00
-1.692710064212622001e+02 2.744878795273619403e+02 -4.464040402797263773e+00
-1.693066853572221362e+02 2.744827368437030941e+02 -4.467154440218066291e+00
-1.685076449568880435e+02 2.779189711523205233e+02 -5.095771467909846919e+00
-1.685024870601708642e+02 2.778451689690556918e+02 -5.081844094678348078e+00
-1.685011932094698182e+02 2.777807743738319459e+02 -5.069450869505562451e+00
-1.684654244131547500e+02 2.776595029703157707e+02 -5.043705293450176264e+00
-1.684652935473663717e+02 2.775958506690388390e+02 -5.031363628066782390e+00
-1.684789709718015160e+02 2.775875823760337084e+02 -5.031076223541509407e+00
-1.685115568941071444e+02 2.775769990856296090e+02 -5.032870839754627568e+00
-1.685439612682816062e+02 2.775654800197135046e+02 -5.033613261511896475e+00
-1.685779089029720410e+02 2.775566636988774007e+02 -5.035514639533754000e+00
-1.688641172573766482e+02 2.779393471204935508e+02 -5.134655973756512282e+00
-1.689697764208175954e+02 2.780375170565345684e+02 -5.163938109390895370e+00
-1.683644870323699649e+02 2.770503381689236448e+02 -4.919666412165452307e+00
-1.683530689851483544e+02 2.769757765346797669e+02 -4.904633332745036434e+00
-1.682925085778811365e+02 2.768002721945492226e+02 -4.866780372513082931e+00
-1.682804920960446964e+02 2.767278756406477100e+02 -4.851854420218162822e+00
-1.682612899655975411e+02 2.766447064639779683e+02 -4.835288245976848920e+00
-1.682440246338809402e+02 2.765662658901038640e+02 -4.818989758997651585e+00
-1.682409096280564995e+02 2.765082317263576215e+02 -4.807913484443725238e+00
-1.682039681627813366e+02 2.764281516572552277e+02 -4.789317984993549437e+00
-1.681819970510446183e+02 2.762939793341673180e+02 -4.763049002012013311e+00
-1.681680100664578106e+02 2.762219275607112081e+02 -4.748121346444571067e+00
-1.681617630504052840e+02 2.761635072442905425e+02 -4.736992300596326366e+00
-1.681528013046717263e+02 2.761015969454732613e+02 -4.724650771213326550e+00
-1.681494566924505421e+02 2.760476293612683207e+02 -4.714786884290018243e+00
-1.681245107894270063e+02 2.759873540598867407e+02 -4.701359871484394048e+00
-1.681215486987062491e+02 2.759353576712967424e+02 -4.691603089974703877e+00
-1.681147028967905896e+02 2.758790981249948686e+02 -4.680581180310630529e+00
-1.681117368624955191e+02 2.758270801768485398e+02 -4.670823465989109025e+00
-1.680940112036077778e+02 2.757567632709361760e+02 -4.656949364323358154e+00
-1.680745537854675149e+02 2.756827733003174217e+02 -4.640862228233466169e+00
-1.681099251762066729e+02 2.757075318059161759e+02 -4.649541062950282466e+00
-1.681310040961739105e+02 2.756901553341876934e+02 -4.648857879259825410e+00
-1.680668968640164564e+02 2.755593552928365284e+02 -4.618314926772193019e+00
-1.680511015176529668e+02 2.754937323359771426e+02 -4.604706985857402124e+00
-1.680492721825420972e+02 2.754475703404517049e+02 -4.596269404771589073e+00
-1.680365735175682289e+02 2.753874018750422010e+02 -4.583980815587089808e+00
-1.680238618878892964e+02 2.753271674651159628e+02 -4.572690347055085702e+00
-1.680056750265922290e+02 2.752807155840137057e+02 -4.562060987372581700e+00
-1.679962545756361010e+02 2.752269398073531761e+02 -4.552144190613670816e+00
-1.680056724352401716e+02 2.751967277440841144e+02 -4.547663578427892261e+00
-1.679799488049033300e+02 2.751219479273598836e+02 -4.531470315220638589e+00
-1.679582994656008736e+02 2.750524089820590348e+02 -4.516595551077080550e+00
-1.679694521904052067e+02 2.750258864075193515e+02 -4.513327511518730795e+00
-1.679790576968475762e+02 2.749966419563738214e+02 -4.508899710084100398e+00
-1.679738489213525838e+02 2.749698098519410792e+02 -4.504440056464494191e+00
-1.679770374312455772e+02 2.749337500030464980e+02 -4.498586820502453065e+00
-1.679854719736310074e+02 2.749037196651715362e+02 -4.494105687239128066e+00
-1.679888519424632136e+02 2.748686470603147427e+02 -4.488306331136190153e+00
-1.680027156874209027e+02 2.748455928631664733e+02 -4.486249842338073890e+00
-1.680270743017108543e+02 2.748346146312843530e+02 -4.486937999083780326e+00
-1.680319989462730348e+02 2.748022508088470772e+02 -4.482297811157796019e+00
-1.680493345127150064e+02 2.748023284703484705e+02 -4.483487936927286199e+00
-1.680723304544591201e+02 2.747895795749350896e+02 -4.484069128187334385e+00
-1.680943519250629095e+02 2.747770592117481669e+02 -4.484651986709728533e+00
-1.681148159404544060e+02 2.747617650752085865e+02 -4.485073491499637299e+00
-1.681300419041363909e+02 2.747404792044589499e+02 -4.483123840912422331e+00
-1.681532329903727998e+02 2.747287352823295805e+02 -4.483759641278412644e+00
-1.681840015960933385e+02 2.747245359435632395e+02 -4.486872242667407917e+00
-1.681848108886374575e+02 2.747077117519533545e+02 -4.484000505487073518e+00
-1.682103414401857435e+02 2.746975206664900497e+02 -4.484742189577564098e+00
-1.682387729404664185e+02 2.746917806441473999e+02 -4.487749569070792255e+00
-1.682615771485156415e+02 2.746780430899295879e+02 -4.488277042185503163e+00
-1.682845756699066726e+02 2.746653087301875757e+02 -4.488859022511731744e+00
-1.683194290872065721e+02 2.746664069435701094e+02 -4.493292607742363387e+00
-1.683449517462734377e+02 2.746561785362366663e+02 -4.495033608044831652e+00
-1.683776445509427901e+02 2.746723916718090663e+02 -4.501233827734822945e+00
-1.684290245376439827e+02 2.746903940817639977e+02 -4.510730279715494007e+00
-1.684014847479147647e+02 2.746220004237069361e+02 -4.495855010031490906e+00
-1.684437270084470128e+02 2.746296753102111552e+02 -4.502712798008410289e+00
-1.684257107448366071e+02 2.745736035086077891e+02 -4.490584425808535229e+00
-1.684753512206234518e+02 2.745878950066238531e+02 -4.498867372238018802e+00
-1.684681776894296661e+02 2.745614410312408609e+02 -4.494407346378267221e+00
-1.685001246660968377e+02 2.745580644729379287e+02 -4.497575052495798253e+00
-1.685178750779938923e+02 2.745392874046050338e+02 -4.496784574577221250e+00
-1.685509930712360074e+02 2.745366957527295426e+02 -4.500005561650853636e+00
-1.685926587154694971e+02 2.745413986254811789e+02 -4.506701983279394419e+00
-1.686868453844954558e+02 2.746014743267174367e+02 -4.527859187488828319e+00
-1.686485894380282105e+02 2.745251158042427164e+02 -4.510452606315367596e+00
-1.686896578042429269e+02 2.745477338982327637e+02 -4.519078110061974130e+00
-1.686932103651665216e+02 2.745135521976855557e+02 -4.514329337977420309e+00
-1.687261393883520384e+02 2.745099873700170861e+02 -4.517497208803179731e+00
-1.687563398847695737e+02 2.745028648303833734e+02 -4.520450733891564710e+00
-1.687927704594754346e+02 2.745015938282745083e+02 -4.524776848317204170e+00
-1.688231676470726086e+02 2.744954842269063420e+02 -4.527785058127774320e+00
-1.688455922632852548e+02 2.744797943167250196e+02 -4.528206324875682753e+00
-1.689413833691169486e+02 2.745166501488633912e+02 -4.547167000028714767e+00
-1.689513610632882035e+02 2.744893244979419364e+02 -4.543845281893093890e+00
-1.689763233134273150e+02 2.744762117235192136e+02 -4.544427608855283296e+00
-1.690086772633073338e+02 2.744696828283491072e+02 -4.547434546066833505e+00
-1.690449212147882747e+02 2.744674532378110143e+02 -4.551708214234162497e+00
-1.690819375866775829e+02 2.744639516453075885e+02 -4.556925109600441282e+00
-1.691111576877034395e+02 2.744727713132837152e+02 -4.561700390496851831e+00
-1.691573314888942434e+02 2.744797103983769944e+02 -4.568560136257808324e+00
-1.691881305644403142e+02 2.744704222717689959e+02 -4.571406389763746247e+00
-1.692352838980608283e+02 2.744771551372494400e+02 -4.578265452133325475e+00
-1.692769878760578877e+02 2.744768114000905257e+02 -4.583696464067108955e+00
-1.693264757419474620e+02 2.744850737702008701e+02 -4.591661251980394987e+00
-1.684863956380025627e+02 2.777466242342725877e+02 -5.166649551947072538e+00
-1.685100891924971620e+02 2.777217233873697637e+02 -5.163595819527750486e+00
-1.685541126805166527e+02 2.777280716703850203e+02 -5.169400860001280407e+00
-1.685837972869312864e+02 2.777130412506400603e+02 -5.169930741788187234e+00
-1.686148431674121753e+02 2.776997730415434944e+02 -5.170567011869628082e+00
-1.687385719157163635e+02 2.776128706537090807e+02 -5.167333728681374083e+00
-1.687942772150452697e+02 2.775744295636833385e+02 -5.165913822531995159e+00
-1.688520392139500075e+02 2.775098482875589525e+02 -5.159143757518952711e+00
-1.688429654332024086e+02 2.774368667165917373e+02 -5.144217561978356557e+00
-1.682314865745435384e+02 2.764755151432648290e+02 -4.893227761578327950e+00
-1.682217740081741795e+02 2.764097373759798302e+02 -4.879674265245744103e+00
-1.682004246805256571e+02 2.763260034505520935e+02 -4.862055142558782350e+00
-1.681848054081694386e+02 2.762770322629901329e+02 -4.851319969038206281e+00
-1.681624851296721204e+02 2.761935441769726367e+02 -4.832702221803399922e+00
-1.681436368099739127e+02 2.761174452938615786e+02 -4.816510417948308920e+00
-1.681430168191927237e+02 2.760670153097940442e+02 -4.806860020278087120e+00
-1.681210732626263109e+02 2.759854660510890199e+02 -4.788348098297115385e+00
-1.681208247346908990e+02 2.759369511340768213e+02 -4.779803461246984853e+00
-1.681105026148266006e+02 2.758732799359079308e+02 -4.766354624444152144e+00
-1.680863249445949918e+02 2.758169609514108629e+02 -4.753142705228229126e+00
-1.680903395739460109e+02 2.757746620484625169e+02 -4.745969666195545500e+00
-1.680807739415822368e+02 2.757148887531782862e+02 -4.733734331837512244e+00
-1.681129119950822712e+02 2.757124937184220244e+02 -4.736955136309418890e+00
-1.680688120932451852e+02 2.756060320135061374e+02 -4.711901089342090287e+00
-1.680431381048761637e+02 2.755262592481951174e+02 -4.693443515031466617e+00
-1.680517898192674124e+02 2.754921016188517342e+02 -4.688748394719865153e+00
-1.679977222636744045e+02 2.753972710146714462e+02 -4.664195906428709293e+00
-1.680053110987068408e+02 2.753208998058850057e+02 -4.651277865849515081e+00
-1.679803766537753802e+02 2.752449360041439945e+02 -4.635030667418191364e+00
-1.679733028584727208e+02 2.751927505223663957e+02 -4.624220438059877480e+00
-1.679770965525408712e+02 2.751545582799396925e+02 -4.617260623212850135e+00
-1.679729170870595567e+02 2.751067872736546178e+02 -4.608714818081549147e+00
-1.679568517636466538e+02 2.750660137027581413e+02 -4.599406103840167681e+00
-1.679311321944930739e+02 2.749912539790462347e+02 -4.582213058670359551e+00
-1.679395682298165013e+02 2.749612325802112309e+02 -4.577732170935180811e+00
-1.679643051717188484e+02 2.749522035170462573e+02 -4.579527470392491750e+00
-1.679537220130084734e+02 2.748976839798099832e+02 -4.567557403505036362e+00
-1.679637021757818616e+02 2.748703685401048347e+02 -4.564235888335033131e+00
-1.679746559915854505e+02 2.748428203550909075e+02 -4.560912595847432804e+00
-1.679816898758503783e+02 2.748318181951984798e+02 -4.559412082458347726e+00
-1.680103103474190220e+02 2.748270513548923191e+02 -4.562472459160139771e+00
-1.680164142616319793e+02 2.747955116179717265e+02 -4.556886575876703205e+00
-1.680432944721971751e+02 2.747870262505554138e+02 -4.558733039860013214e+00
-1.680680314535772197e+02 2.747779986413624442e+02 -4.560528296605559362e+00
-1.680871422689124302e+02 2.747609805508976137e+02 -4.559844147798859382e+00
-1.680926182941987861e+02 2.747472012877308885e+02 -4.558182340608558647e+00
-1.681134706042228402e+02 2.747339068268626079e+02 -4.558712265522803619e+00
-1.681389994694955874e+02 2.747237083080237312e+02 -4.559453542296765249e+00
-1.681518864216872373e+02 2.747008719377407147e+02 -4.557398135259806082e+00
-1.681696337475978282e+02 2.746820789769058138e+02 -4.556606791872885864e+00
-1.682058467489943325e+02 2.746849319488306946e+02 -4.561146715199449808e+00
-1.682263116337825863e+02 2.746696410388278764e+02 -4.561568398211326425e+00
-1.682399480588204028e+02 2.746664106314509013e+02 -4.562546395744739414e+00
-1.682680018285925030e+02 2.746587232646483585e+02 -4.564446734383476922e+00
-1.682861391724261466e+02 2.746419388543454261e+02 -4.563764413804276110e+00
-1.683167166130122610e+02 2.746367575370928762e+02 -4.566823653305325692e+00
-1.683463206488864614e+02 2.746318064916696926e+02 -4.569884542961141882e+00
-1.683612135419749904e+02 2.745720683747343287e+02 -4.561920584781153032e+00
-1.683643592508594793e+02 2.745567825687734853e+02 -4.559154061223830823e+00
-1.683885180191982158e+02 2.745447759736353532e+02 -4.560787688798729533e+00
-1.684181231312037994e+02 2.745398329716045396e+02 -4.563848892074790164e+00
-1.684642546168104502e+02 2.745517956593234885e+02 -4.571973038391128341e+00
-1.684934832164898069e+02 2.745449128371062102e+02 -4.573927608054610516e+00
-1.685277600032192993e+02 2.745430414647666453e+02 -4.578199954137001093e+00
-1.686285257786475142e+02 2.746107711289470785e+02 -4.603832078988606469e+00
-1.686252504399095358e+02 2.745886503137978707e+02 -4.599639527915848625e+00
-1.686467076080664640e+02 2.745732230311763828e+02 -4.599062967492157483e+00
-1.686644609268841464e+02 2.745544609329795094e+02 -4.598273066053402580e+00
-1.686882369254041691e+02 2.745404856157057338e+02 -4.599799715377513643e+00
-1.687186313888407483e+02 2.745343619852981760e+02 -4.602807280578854687e+00
-1.687412490619665846e+02 2.745196662975907316e+02 -4.603282570968825205e+00
-1.687615374696159734e+02 2.745034682284790506e+02 -4.602653374123644170e+00
-1.687847038644564179e+02 2.745073454786432308e+02 -4.607107047285047940e+00
-1.688176358828640673e+02 2.745037960760502642e+02 -4.610275758124198653e+00
-1.688301366267708659e+02 2.744789707746625140e+02 -4.608112635466092399e+00
-1.688663749626736603e+02 2.744767097631620913e+02 -4.612384836304920910e+00
-1.688926900616207547e+02 2.744653166324409312e+02 -4.614072825922394649e+00
-1.689390399899334909e+02 2.744731585726628964e+02 -4.621983341559774416e+00
-1.689704165894213475e+02 2.744668471340729070e+02 -4.624991215963603963e+00
-1.690023531471128990e+02 2.744791656780367362e+02 -4.630979225960225598e+00
-1.690372330511862629e+02 2.744751520900493915e+02 -4.635145573207732461e+00
-1.690756131049631392e+02 2.744734326128020712e+02 -4.640469925752647384e+00
-1.691157501868464692e+02 2.744755109353064881e+02 -4.646010808743678666e+00
-1.691566587529517562e+02 2.744763174376412849e+02 -4.652494918784427114e+00
-1.691936892694821211e+02 2.744728878661995282e+02 -4.656714024412577757e+00
-1.692413908685329318e+02 2.744981913199319479e+02 -4.667551580357452323e+00
-1.692897060698183509e+02 2.745056627979678296e+02 -4.675462756325654112e+00
-1.687637113763245225e+02 2.769027289322243632e+02 -5.123477504747617317e+00
-1.682248556730686175e+02 2.761002822415489391e+02 -4.902598823301747011e+00
-1.681617913658864438e+02 2.759643580269277550e+02 -4.868793477240330958e+00
-1.681360708901917747e+02 2.759053386407267681e+02 -4.854422609995265425e+00
-1.681208997633395938e+02 2.758376829991905765e+02 -4.838711445106939735e+00
-1.681125050185401335e+02 2.757786926951787905e+02 -4.826529289922510735e+00
-1.680977048636973166e+02 2.757129483420802671e+02 -4.811923563012664218e+00
-1.681267421859660658e+02 2.757050792106782069e+02 -4.813824303726946141e+00
-1.680580701633769536e+02 2.755455120249990841e+02 -4.774720969400902071e+00
-1.680572285864596722e+02 2.754991878512544758e+02 -4.765283863971126799e+00
-1.680409721854018130e+02 2.753892016203948288e+02 -4.742345601109869691e+00
-1.680205152196361382e+02 2.753205579957380564e+02 -4.726528058335051519e+00
-1.680377022404235845e+02 2.752988787009663838e+02 -4.724578058901973243e+00
-1.680455662396041419e+02 2.752659101261643286e+02 -4.719936796775596299e+00
-1.679874005464828599e+02 2.751709615480519346e+02 -4.694334253593864581e+00
-1.679793486482361686e+02 2.751189858951961469e+02 -4.683524792339154530e+00
-1.679889574771743810e+02 2.750897573035907726e+02 -4.679097618331558017e+00
-1.679892408566126392e+02 2.750492306809540537e+02 -4.671978816913970434e+00
-1.679732323086623182e+02 2.749877546411489107e+02 -4.657585055629949622e+00
-1.679830209587471188e+02 2.749594529314644547e+02 -4.654209830512746393e+00
-1.679939874514598159e+02 2.749319717104746701e+02 -4.649888587247245297e+00
-1.679887876050999012e+02 2.749051835173323752e+02 -4.644429973747670637e+00
-1.679987678993466886e+02 2.748778700052693011e+02 -4.641108322281544574e+00
-1.680072110843026110e+02 2.748478846044357056e+02 -4.635628279973536436e+00
-1.680290383693437661e+02 2.748343629556845826e+02 -4.636156852106217308e+00
-1.680454339498897696e+02 2.748138535322360099e+02 -4.634260024323289429e+00
-1.680610380453838673e+02 2.747945183233808848e+02 -4.633417592737915314e+00
-1.680815125341350722e+02 2.747792760506262653e+02 -4.632840451342717714e+00
-1.680988387701383999e+02 2.747793064834025927e+02 -4.635029358844825254e+00
-1.681194973866677174e+02 2.747650145218312900e+02 -4.635505200971659079e+00
-1.681477432149456774e+02 2.747583162358108098e+02 -4.637459283247993724e+00
-1.681616061417932144e+02 2.747352578255802200e+02 -4.635402684394625439e+00
-1.681836288843286695e+02 2.747227440126083025e+02 -4.635985780247027677e+00
-1.682011831138483728e+02 2.747029553753275195e+02 -4.635140455929810166e+00
-1.682309781035536389e+02 2.746989902233549969e+02 -4.638255030003257673e+00
-1.682391805907721505e+02 2.746887617908587345e+02 -4.636807305653444011e+00
-1.682699415893445121e+02 2.746845240982278824e+02 -4.640919291458441620e+00
-1.682892485882884728e+02 2.746685175829544505e+02 -4.640289870011072182e+00
-1.683198266784964119e+02 2.746633371096571068e+02 -4.643349160496642369e+00
-1.683453495215546809e+02 2.746531096496637474e+02 -4.645089973630394553e+00
-1.683658167674463186e+02 2.746378308989941956e+02 -4.645512199431694356e+00
-1.683925097169737057e+02 2.746283836586759435e+02 -4.647306277050653911e+00
-1.684071233885990750e+02 2.746249377615663434e+02 -4.648283320097666760e+00
-1.684342068278367890e+02 2.746174989996127351e+02 -4.650186063481034360e+00
-1.684581729775808014e+02 2.746045029409203835e+02 -4.651766040928076329e+00
-1.685066346387697820e+02 2.746179726967958459e+02 -4.660994690950459152e+00
-1.685101995278169227e+02 2.745838536625362281e+02 -4.655247739068060220e+00
-1.685536166325280476e+02 2.745923306655951706e+02 -4.662159630869586735e+00
-1.685759979430913518e+02 2.745974105194264894e+02 -4.666668019449110361e+00
-1.685846202613257105e+02 2.745683497088301124e+02 -4.662239798719431505e+00
-1.686303699897927117e+02 2.745783463880748627e+02 -4.670257119589306782e+00
-1.686667857857387105e+02 2.745770000991620918e+02 -4.675580726529105391e+00
-1.686946561233083912e+02 2.745683680758284027e+02 -4.677429382632688259e+00
-1.687184335907917614e+02 2.745543978218356642e+02 -4.678956073957261985e+00
-1.687513532823072637e+02 2.745507857591986181e+02 -4.683122845554948732e+00
-1.687745291748432805e+02 2.745547136009714109e+02 -4.686577915093774749e+00
-1.687870311129577487e+02 2.745298919480981112e+02 -4.684414996149897092e+00
-1.688147091962212869e+02 2.745202723371598950e+02 -4.686209984906117398e+00
-1.688585307172416208e+02 2.745255863371958753e+02 -4.692960641302477143e+00
-1.688848356701026887e+02 2.745141417771543502e+02 -4.695647064518697178e+00
-1.689397445778916165e+02 2.745293357603557070e+02 -4.706034673947986136e+00
-1.689499176005465415e+02 2.745030160300582907e+02 -4.702767377749591304e+00
-1.689765986023767255e+02 2.745092535177253694e+02 -4.707381199313330100e+00
-1.690190619532830283e+02 2.745128187903149524e+02 -4.714025848565430721e+00
-1.690477110256416609e+02 2.745029547876950460e+02 -4.716819538197041695e+00
-1.690835673321118975e+02 2.744987263654408025e+02 -4.720984837224555086e+00
-1.691336204080913888e+02 2.745099003292510247e+02 -4.730109298633439430e+00
-1.691731749572616081e+02 2.745089786708218753e+02 -4.735487525983017143e+00
-1.692175864400460057e+02 2.745120860288446352e+02 -4.743129904329985713e+00
-1.692962297092014410e+02 2.745655739215958988e+02 -4.762774667758383096e+00
-1.693418158391330621e+02 2.745694848831074069e+02 -4.770471345259504226e+00
-1.685251921517075573e+02 2.763038999584294402e+02 -5.048608587603935050e+00
-1.681107270944148979e+02 2.756908637561655269e+02 -4.873998354385057574e+00
-1.680483434710326947e+02 2.755164535978405524e+02 -4.831182757009179873e+00
-1.680696118148780727e+02 2.755000526390376763e+02 -4.830552816841352737e+00
-1.680235695168127847e+02 2.753940788155940709e+02 -4.803501555254650057e+00
-1.680368196990135630e+02 2.753888580481143435e+02 -4.804371403721443556e+00
-1.680280120763957257e+02 2.753329896732712427e+02 -4.792348839028399254e+00
-1.680005779265664785e+02 2.752546428503846982e+02 -4.772946490905626504e+00
-1.679867127482135629e+02 2.751937143492102678e+02 -4.759604855198747764e+00
-1.679758557628450433e+02 2.750957953136286278e+02 -4.739358188155060603e+00
-1.679769308458787975e+02 2.750540968527365067e+02 -4.731185236816675577e+00
-1.679878508537286166e+02 2.750473690233438333e+02 -4.730950462538114465e+00
-1.679693108344785912e+02 2.749833500857886293e+02 -4.716397023019400336e+00
-1.679657171089999679e+02 2.749385935051257093e+02 -4.707013667105583110e+00
-1.679821139984925935e+02 2.749180920733770677e+02 -4.705117272019517571e+00
-1.679983167931869446e+02 2.748965898234906717e+02 -4.703166615998691569e+00
-1.680057757239736986e+02 2.748667833952694082e+02 -4.698686776371580720e+00
-1.680194559227540481e+02 2.748427831329819355e+02 -4.695577652147995273e+00
-1.680237639161100560e+02 2.748282368352241747e+02 -4.693863174097197444e+00
-1.680485011303053398e+02 2.748192091743387664e+02 -4.695658549919361491e+00
-1.680635438213342923e+02 2.747969786469731162e+02 -4.692656221232223146e+00
-1.680892561802664034e+02 2.747877271735753766e+02 -4.694450184304246321e+00
-1.680992340727007104e+02 2.747604000419634644e+02 -4.691128151799770940e+00
-1.681265046141909068e+02 2.747539260875742002e+02 -4.693083553204580483e+00
-1.681308115159124554e+02 2.747393741682110999e+02 -4.691369007772985711e+00
-1.681563310125002602e+02 2.747291269729186070e+02 -4.693108989952020416e+00
-1.681797169221121919e+02 2.747183876208261495e+02 -4.693799016813763103e+00
-1.682064061633432459e+02 2.747089187817462062e+02 -4.695592042618890183e+00
-1.682245434546588569e+02 2.746921353517452076e+02 -4.694909772912283508e+00
-1.682422919605054688e+02 2.746733484674552415e+02 -4.694118760439730309e+00
-1.682693713128866193e+02 2.746658886588207906e+02 -4.696020596428908789e+00
-1.682878589484616612e+02 2.746666577950502983e+02 -4.699261617455021245e+00
-1.683197904202545203e+02 2.746632022105312103e+02 -4.703426612447103139e+00
-1.683404622330727705e+02 2.746489761355408632e+02 -4.702904572037367892e+00
-1.683568481176601495e+02 2.746284176011740215e+02 -4.702006662245872270e+00
-1.683864524892796055e+02 2.746234732877614420e+02 -4.705067789082462149e+00
-1.684143160301037199e+02 2.746148037606770913e+02 -4.706914765982488369e+00
-1.684487741691641247e+02 2.746138696570268962e+02 -4.712239382810964550e+00
-1.684622188067576474e+02 2.746096515649040271e+02 -4.713163832110943474e+00
-1.685003822628892749e+02 2.746120573338668578e+02 -4.718701950994255157e+00
-1.685183285478558162e+02 2.745942889907172457e+02 -4.717966047742610414e+00
-1.685448201084387279e+02 2.745838054408919220e+02 -4.720705163456591080e+00
-1.685831813436903133e+02 2.745872297509951068e+02 -4.726298391560811218e+00
-1.685982154686414276e+02 2.745649571820450774e+02 -4.724295124573446358e+00
-1.686400771532013607e+02 2.745706721428634864e+02 -4.731046298978961673e+00
-1.686622657699087142e+02 2.745747596439271092e+02 -4.735500765736228246e+00
-1.686771061106007608e+02 2.745514891068474981e+02 -4.733443390506500315e+00
-1.687074997416555107e+02 2.745453636913881610e+02 -4.736450972852729535e+00
-1.687516961530534445e+02 2.745526066574155948e+02 -4.744307915551024379e+00
-1.687743153859069594e+02 2.745379165004156334e+02 -4.744783273396407708e+00
-1.688122847789224465e+02 2.745393286899682721e+02 -4.751268508547452640e+00
-1.688512417641059642e+02 2.745405753446617609e+02 -4.756753922205183116e+00
-1.688782996543599211e+02 2.745487520879473777e+02 -4.762474471040476942e+00
-1.688982013880939803e+02 2.745305651911158975e+02 -4.761737320420913022e+00
-1.689583549018197743e+02 2.745517821601808919e+02 -4.774497314626440669e+00
-1.690509941487732419e+02 2.746038929482140247e+02 -4.797223828874779272e+00
-1.690809997029749354e+02 2.745957672988438958e+02 -4.801123961281106745e+00
-1.691044068195274406e+02 2.745798914564296638e+02 -4.801545520011999635e+00
-1.691604852253400679e+02 2.745958633472324664e+02 -4.812986786059269662e+00
-1.692060362908892728e+02 2.746205856923633064e+02 -4.823771498199972640e+00
-1.692704857045288520e+02 2.746429415920442807e+02 -4.837637021795742953e+00
-1.693012878387493743e+02 2.746336742202428240e+02 -4.840484276130992747e+00
-1.693743035756592690e+02 2.746634224837000602e+02 -4.856828487373316960e+00
-1.694498584105334373e+02 2.746957529212228906e+02 -4.873334276987622005e+00
-1.684331329088006157e+02 2.761393911367954956e+02 -5.086106595769909866e+00
-1.680739549729880196e+02 2.756117153754784681e+02 -4.929560215152235081e+00
-1.680605104586674940e+02 2.755477042213659047e+02 -4.915059893526491308e+00
-1.680420216101068434e+02 2.754787027095054555e+02 -4.898242702838718543e+00
-1.680592128610331883e+02 2.754570439485391944e+02 -4.896293585382187175e+00
-1.680356679614843642e+02 2.753829888088699249e+02 -4.878157680087205961e+00
-1.679821963684727280e+02 2.752912269550892006e+02 -4.851769360069876136e+00
-1.680158736839336768e+02 2.752915140736716353e+02 -4.856148476945753245e+00
-1.680010457272138069e+02 2.752308734990256198e+02 -4.841810150518716327e+00
-1.679831128376670790e+02 2.751647334378674259e+02 -4.826150623957229158e+00
-1.679993212121560191e+02 2.751432611737019442e+02 -4.824201120858737646e+00
-1.680168919856665184e+02 2.751235581645446473e+02 -4.822358625920360353e+00
-1.680305791412091310e+02 2.750995924775890558e+02 -4.819250790203930990e+00
-1.680576471125874889e+02 2.750920761309042746e+02 -4.822151017828703701e+00
-1.680654651327774047e+02 2.750798652328639378e+02 -4.820595696223060500e+00
-1.680535345853892011e+02 2.750236516694874354e+02 -4.807521366777257832e+00
-1.680580982249621798e+02 2.749894270655668151e+02 -4.800777018285526054e+00
-1.680876974861116366e+02 2.749844526817790324e+02 -4.803836873235088234e+00
-1.680988496650987543e+02 2.749579272964367078e+02 -4.800568799986340451e+00
-1.681270869415704965e+02 2.749511845408013642e+02 -4.803521816762311047e+00
-1.681366445479360436e+02 2.749426874439134281e+02 -4.803180272402253870e+00
-1.681476120928054740e+02 2.749152103905570357e+02 -4.798859139229312731e+00
-1.681797352205692277e+02 2.749127405631418242e+02 -4.803077818750951522e+00
-1.682079739887476251e+02 2.749060067403029279e+02 -4.806031200094377454e+00
-1.682243736024008456e+02 2.748855193375936778e+02 -4.804135449617541909e+00
-1.682524295135014256e+02 2.748778417475429023e+02 -4.806036203808254470e+00
-1.682818389339661280e+02 2.748718909551818683e+02 -4.809042883327285800e+00
-1.682822625795456872e+02 2.748530782214830310e+02 -4.806063217976754842e+00
-1.683116725470590040e+02 2.748471302461681489e+02 -4.809069812146874234e+00
-1.683449697391378379e+02 2.748454597699539477e+02 -4.813342561765412420e+00
-1.683547666162178871e+02 2.748172021079066667e+02 -4.808968376656315158e+00
-1.683944739812559419e+02 2.748223114596612504e+02 -4.815665621828044252e+00
-1.684211594193249653e+02 2.748128263578789756e+02 -4.818458633160719096e+00
-1.684293645387083700e+02 2.748026114807521481e+02 -4.817011647004492580e+00
-1.684661631032417120e+02 2.748032339077313964e+02 -4.822442351234388802e+00
-1.685058749181935696e+02 2.748083661758729477e+02 -4.829140605620112048e+00
-1.685284812497943676e+02 2.747936154040871770e+02 -4.830614244933912005e+00
-1.686051188849893663e+02 2.748367669952586994e+02 -4.849701743551016797e+00
-1.686496978704057312e+02 2.748459801765990846e+02 -4.857665740790335640e+00
-1.687479033549379039e+02 2.749110176683163900e+02 -4.885133486953660231e+00
-1.691583527286270510e+02 2.753249610885658285e+02 -5.025244148023267243e+00
-1.694081752261226939e+02 2.751423762458784950e+02 -5.028376940241398252e+00
-1.693783277219804404e+02 2.750725920495468699e+02 -5.010400561615586668e+00
-1.693786069595813615e+02 2.750320453480443348e+02 -5.003281141755023143e+00
-1.693524027852359097e+02 2.749862754021935984e+02 -4.990601784966917087e+00
-1.693414005925565391e+02 2.749348469128424881e+02 -4.979791219305377936e+00
-1.693508186039144903e+02 2.749046406342439468e+02 -4.975311031469088263e+00
-1.693390320543038001e+02 2.748544184942157926e+02 -4.964555265825970842e+00
-1.693523377334712734e+02 2.748284944986115192e+02 -4.961341130795066334e+00
-1.693790598976269166e+02 2.748139495046932552e+02 -4.962868257922201209e+00
-1.694034515101027125e+02 2.747978980071863475e+02 -4.963290787684314864e+00
-1.694511325434571631e+02 2.748230971937549043e+02 -4.976125253501141543e+00
-1.681213257059694683e+02 2.756301459815311432e+02 -5.041182225228826752e+00
-1.679499219724362717e+02 2.751197983132958029e+02 -4.908572612569335192e+00
-1.679429975384355203e+02 2.750893739883865692e+02 -4.900902856547459940e+00
-1.679658024750619632e+02 2.750756401860680285e+02 -4.901430295223161870e+00
-1.679959821801141118e+02 2.750736550261601678e+02 -4.904652339389609317e+00
-1.680269329680846226e+02 2.750703947286480684e+02 -4.908817432458422836e+00
-1.680551696092062457e+02 2.750636487010270343e+02 -4.911770271049733516e+00
-1.682632813776133389e+02 2.752802357295163347e+02 -4.987374376486676475e+00
-1.685588241848991515e+02 2.753593944674279896e+02 -5.047720742638567515e+00
-1.680313278082243755e+02 2.753030470578412405e+02 -5.038171444425929124e+00
-1.680178093571808802e+02 2.752648973777583592e+02 -5.028025102250568423e+00
-1.680202640723264551e+02 2.752250560979252327e+02 -5.018961996723891872e+00
-1.680391892783472088e+02 2.752070821389360731e+02 -5.018225435423897096e+00
-1.680660755738151408e+02 2.751986281078277443e+02 -5.020073247771014380e+00
-1.680927685413083452e+02 2.751891784582095397e+02 -5.021866841071905618e+00
-1.681289595223168192e+02 2.751919196716590932e+02 -5.028403505069819701e+00
