-1.694427909430985437e+02 2.798072575096555283e+02 -3.826935031944153742e+00
-1.694548550361905654e+02 2.797641198747447788e+02 -3.823802399531025742e+00
-1.694695139252152671e+02 2.797556135458868312e+02 -3.823518456532756904e+00
-1.694837014178797574e+02 2.797182135148867701e+02 -3.820710716424323472e+00
-1.695000318957010563e+02 2.796813607339744863e+02 -3.817955544815530011e+00
-1.695124752961569357e+02 2.796401924477617058e+02 -3.814930686642396207e+00
-1.695505106384672729e+02 2.796367201814066448e+02 -3.816171924458064968e+00
-1.695683797749245230e+02 2.796025702061525067e+02 -3.814577243079165569e+00
-1.695938098274348818e+02 2.795812411990112309e+02 -3.813739604076439527e+00
-1.696166244135522447e+02 2.795833493541499024e+02 -3.814103427790238587e+00
-1.696280895443754275e+02 2.795423889317847284e+02 -3.811078721935320157e+00
-1.696698211220351880e+02 2.795422438477093010e+02 -3.812535524179716084e+00
-1.697100032345031764e+02 2.795393384820890788e+02 -3.813830153400018297e+00
-1.697282647556354505e+02 2.795072245993785600e+02 -3.811345307783132075e+00
-1.697699991446957029e+02 2.795070915901613944e+02 -3.812802612690192827e+00
-1.698133786925144761e+02 2.795366619299016406e+02 -3.816838914924416848e+00
-1.692133085116184930e+02 2.802872252221327471e+02 -3.925703293822853102e+00
-1.691932702124980210e+02 2.801884482640743386e+02 -3.915285483388506460e+00
-1.691768797589778899e+02 2.800980403381516908e+02 -3.907350797162997935e+00
-1.691649542758030407e+02 2.800149471627702837e+02 -3.898848609895736228e+00
-1.691430055462301709e+02 2.799485685373372803e+02 -3.892114487021962610e+00
-1.691314465457942333e+02 2.798673817998032405e+02 -3.884718172428424321e+00
-1.691161916700620225e+02 2.797828697494263110e+02 -3.877106410748551113e+00
-1.691119929199296053e+02 2.797134583521125819e+02 -3.870410606331500691e+00
-1.691029318136607174e+02 2.796399523201783950e+02 -3.863445881080929567e+00
-1.691012248552494270e+02 2.795781923568725347e+02 -3.858181222064851035e+00
-1.690846096758290855e+02 2.794919022540113929e+02 -3.849460129179168355e+00
-1.690738702592308300e+02 2.794467090380092600e+02 -3.844965115396282052e+00
-1.690828067710032769e+02 2.794031953895137121e+02 -3.841778500783912254e+00
-1.690983441987299614e+02 2.793675146473215136e+02 -3.839076568544334656e+00
-1.691072777193176648e+02 2.793239879904255076e+02 -3.835889370278642296e+00
-1.691301828946091064e+02 2.793001189910789890e+02 -3.833889500180807097e+00
-1.691472577197356486e+02 2.792671345064201773e+02 -3.832347744190416794e+00
-1.691524077618212232e+02 2.792462740429568271e+02 -3.830308476243156512e+00
-1.691617218325980900e+02 2.792047194055719501e+02 -3.827229191528191521e+00
-1.691945110355493114e+02 2.791951562467567669e+02 -3.827091655041930274e+00
-1.692020798973930198e+02 2.791498325986673308e+02 -3.823795215248868118e+00
-1.692241872546052548e+02 2.791271158155948342e+02 -3.822848503764769923e+00
-1.692544504167616992e+02 2.791150115553127762e+02 -3.822549471740461335e+00
-1.692746229469545938e+02 2.790875362296640674e+02 -3.821331492322335599e+00
-1.692882991331721314e+02 2.790792172698817808e+02 -3.821046812295440187e+00
-1.693131252842204617e+02 2.790600373113876458e+02 -3.820315950111148773e+00
-1.693334999323439263e+02 2.790336076999337820e+02 -3.818153671796180149e+00
-1.693513367960149196e+02 2.790045796883927096e+02 -3.816828274005865662e+00
-1.693936329366571272e+02 2.790073632727172708e+02 -3.818445667166400437e+00
-1.694277728398845682e+02 2.789995295677141485e+02 -3.819415139920740110e+00
-1.694508556922172602e+02 2.789765879946857012e+02 -3.818467428682701392e+00
-1.694662760789796607e+02 2.789720353312622478e+02 -3.818399734829303949e+00
-1.694918858736132279e+02 2.789516395399570001e+02 -3.817613686008345830e+00
-1.695273874264738367e+02 2.789455859427873179e+02 -3.818691597327836806e+00
-1.694743878718012695e+02 2.788237380791215969e+02 -3.805699870533315377e+00
-1.695819039611059225e+02 2.789113329227373583e+02 -3.817499161877008440e+00
-1.696226548541891930e+02 2.789113806434855860e+02 -3.818955430985208288e+00
-1.696624307936049831e+02 2.789116559650094587e+02 -3.820412749383988782e+00
-1.696933818806807892e+02 2.789242913274618445e+02 -3.823422160353544541e+00
-1.697323916374675150e+02 2.789205886604887041e+02 -3.824662091027018818e+00
-1.697743137709615553e+02 2.789214329341548932e+02 -3.826172887751881024e+00
-1.698232195034466940e+02 2.789320968785016248e+02 -3.829277842417203370e+00
-1.698847680554031569e+02 2.789555192204551304e+02 -3.833192437753647042e+00
-1.699637871801214715e+02 2.790009143257121309e+02 -3.840456617130976191e+00
-1.700251380118875772e+02 2.790233163065495887e+02 -3.845316611567396237e+00
-1.691375374682665154e+02 2.803329883904702342e+02 -3.990356349517992118e+00
-1.690440036929924190e+02 2.795880345748194031e+02 -3.916145394828440374e+00
-1.690087706977500375e+02 2.793309963532914821e+02 -3.890241111218625036e+00
-1.689890283696421704e+02 2.792443350041668850e+02 -3.881466262200464978e+00
-1.691193477620012970e+02 2.787256619419366643e+02 -3.838667680021591089e+00
-1.693113340934087603e+02 2.785484169955611264e+02 -3.830500088930645308e+00
-1.693433241989569922e+02 2.785399956291516332e+02 -3.831415192648158996e+00
-1.693665049800159466e+02 2.785440112490175579e+02 -3.832884910176943549e+00
-1.693957865940423062e+02 2.785321028734147717e+02 -3.832585423319867068e+00
-1.694167171259003908e+02 2.785085605411621827e+02 -3.831582744842870980e+00
-1.694508521639676246e+02 2.785007015772020509e+02 -3.832551042665040431e+00
-1.694880927637692878e+02 2.784983900411777427e+02 -3.833844845885685526e+00
-1.695171840033612227e+02 2.784854932492163471e+02 -3.833491296742391086e+00
-1.695540416923596183e+02 2.784811936560141135e+02 -3.834676420132655750e+00
-1.695731458502228008e+02 2.784799071350244617e+02 -3.835822476724824792e+00
-1.698031015630860452e+02 2.785104461553669921e+02 -3.848989628805437047e+00
-1.698988288988568343e+02 2.785738508301230354e+02 -3.859386571908123287e+00
-1.691462985350061672e+02 2.805109811417008245e+02 -4.077915774703782859e+00
-1.689893882746335407e+02 2.796114314227822888e+02 -3.981860247542203801e+00
-1.689153876612166982e+02 2.788991320007124841e+02 -3.907591600559234379e+00
-1.689107398137160203e+02 2.788379641725013585e+02 -3.901325196533028450e+00
-1.689053060528441392e+02 2.787780029138467626e+02 -3.895113511137823448e+00
-1.688968691108724443e+02 2.787394757938025691e+02 -3.890994783368499910e+00
-1.689024747107870610e+02 2.786945342317975474e+02 -3.887697235226514447e+00
-1.689152694268434516e+02 2.786604732917635374e+02 -3.884049370395915801e+00
-1.689418149512818559e+02 2.786449369258479010e+02 -3.884530998143460145e+00
-1.689701145635503110e+02 2.786332157777459884e+02 -3.884230893791131400e+00
-1.689953120920692129e+02 2.786159639980031670e+02 -3.883606027814814343e+00
-1.690138175929023134e+02 2.786168575352863286e+02 -3.884860253771749150e+00
-1.690337692779173722e+02 2.785935251128003074e+02 -3.883857918691901112e+00
-1.690642132630026424e+02 2.785823596798005610e+02 -3.883610769357973780e+00
-1.690911548843764365e+02 2.785688761584067947e+02 -3.883202961927792352e+00
-1.691328383362956060e+02 2.785737693626018654e+02 -3.885926242960514365e+00
-1.691582290148921288e+02 2.785575229308145708e+02 -3.885356182548654669e+00
-1.691904078726161629e+02 2.785500815584977090e+02 -3.886325006507132418e+00
-1.692001920434060196e+02 2.785374189350050642e+02 -3.885769386018636418e+00
-1.692347063878677318e+02 2.785315293150384264e+02 -3.886845547358645625e+00
-1.692750344981114949e+02 2.785346751606489875e+02 -3.889461796053700571e+00
-1.691688269874279342e+02 2.807234138450676255e+02 -4.160428097338535025e+00
-1.690161217157715043e+02 2.796922836922487932e+02 -4.046489314373222790e+00
-1.690206942655883324e+02 2.795784922646718087e+02 -4.034556461189320764e+00
-1.690577425599038293e+02 2.795751810270458577e+02 -4.035795944624037013e+00
-1.689006216471802304e+02 2.788913971555360263e+02 -3.958094637224519818e+00
-1.688961654355116480e+02 2.788312242925923670e+02 -3.951882594585597541e+00
-1.689089530939325812e+02 2.787971303824892289e+02 -3.949234140240649005e+00
-1.699348235333589514e+02 2.791791001522981901e+02 -4.038759384260823815e+00
-1.699682091489587776e+02 2.791673502145021644e+02 -4.039514121458245732e+00
-1.700336282842413027e+02 2.791950148140809915e+02 -4.045696947734429116e+00
-1.700402297924753441e+02 2.791499545523604979e+02 -4.041402107005093391e+00
-1.701588531841614724e+02 2.792423464675995319e+02 -4.056578665866791944e+00
-1.698542158203842973e+02 2.784695161917293262e+02 -3.963575817286386194e+00
-1.698658295026425549e+02 2.784346165666322577e+02 -3.960872158673306220e+00
-1.698970610678191804e+02 2.784222594093364478e+02 -3.961571658959154529e+00
-1.691633991676528126e+02 2.808171788540064995e+02 -4.250416442041000664e+00
-1.691361173476020099e+02 2.807336740141751079e+02 -4.239717823167200805e+00
-1.688392038631638172e+02 2.788106980577009040e+02 -4.013261765608865161e+00
-1.688432722997925168e+02 2.787630601930619036e+02 -4.008804041383108085e+00
-1.688278605703642370e+02 2.787147553681717795e+02 -4.003093059831171807e+00
-1.688361947972320536e+02 2.786734005316270668e+02 -3.999012708661222604e+00
-1.698425388018297326e+02 2.791867336432978277e+02 -4.108237560882785466e+00
-1.698505006973298919e+02 2.791434469357973853e+02 -4.104050948895380024e+00
-1.698810718646255680e+02 2.791541072486882626e+02 -4.106952278567518988e+00
-1.698837956225924870e+02 2.791047737134227873e+02 -4.101388838553139848e+00
-1.699171797239468162e+02 2.790930133929387580e+02 -4.102143131573388501e+00
-1.698357501560508638e+02 2.783368292496361391e+02 -4.018498912591572214e+00
-1.690926459587802810e+02 2.808043392161216047e+02 -4.302032905226514714e+00
-1.691469220146259715e+02 2.807899930861089501e+02 -4.302883095390706458e+00
-1.689637402602893985e+02 2.796375583491034718e+02 -4.161203163465752475e+00
-1.689868420628355352e+02 2.796147114900869610e+02 -4.159258917105066011e+00
-1.690149734510873145e+02 2.795968310808545425e+02 -4.159634274263735776e+00
-1.688478250662796256e+02 2.788662253815862755e+02 -4.067345454833190210e+00
-1.688393034344278192e+02 2.788008048695079424e+02 -4.059811251260105003e+00
-1.688433823529934443e+02 2.787532177530121089e+02 -4.054354881629862462e+00
-1.688306883543601487e+02 2.787084480154294397e+02 -4.048859691057656640e+00
-1.688477418023739176e+02 2.786806371302843104e+02 -4.046588669287079831e+00
-1.690132610905820343e+02 2.787044856699359343e+02 -4.058695438964836200e+00
-1.690339098832647267e+02 2.787059293100908803e+02 -4.060002342311199719e+00
-1.690356494228865358e+02 2.786567727549402775e+02 -4.054437840128147563e+00
-1.690525108214932004e+02 2.786279660176543302e+02 -4.052112346054932424e+00
-1.690933990314888149e+02 2.786340235525937601e+02 -4.055889392356126777e+00
-1.699344777785777580e+02 2.797067494120520337e+02 -4.222679334750480962e+00
-1.700140414031029366e+02 2.797549763657586368e+02 -4.232101637130157634e+00
-1.698898973932237482e+02 2.791472262267058113e+02 -4.157762313588651004e+00
-1.699636436186328581e+02 2.791864025228401260e+02 -4.166644704180096248e+00
-1.698626466696454429e+02 2.783550259158278095e+02 -4.070825141980673578e+00
-1.699121365598862212e+02 2.783634394568369999e+02 -4.074819585939255973e+00
-1.699202533131635846e+02 2.783262462880127828e+02 -4.070955576217582639e+00
-1.699382723355171834e+02 2.782981665591725573e+02 -4.069682305267037670e+00
-1.699535017004793929e+02 2.782926246391859308e+02 -4.069560408287370201e+00
-1.690112575144281379e+02 2.807363233235715825e+02 -4.363650794829002422e+00
-1.690425384255592292e+02 2.807189266511205119e+02 -4.363084167837946836e+00
-1.691058991964538336e+02 2.807570584014854944e+02 -4.371799646325150057e+00
-1.698787811487779038e+02 2.791532187018725040e+02 -4.227052830431750508e+00
-1.699055688151730976e+02 2.791336463283315652e+02 -4.226322468577742519e+00
-1.698173549531203719e+02 2.785114789694987394e+02 -4.150634387406030967e+00
-1.698429625866273511e+02 2.784910719576532188e+02 -4.149847708928924739e+00
-1.692551255911834858e+02 2.815482411592571452e+02 -4.545216474355161296e+00
-1.692087892318206741e+02 2.813869257913981414e+02 -4.522204808924180419e+00
-1.691780909507195645e+02 2.812539311095095513e+02 -4.503859604127031346e+00
-1.691487224794205702e+02 2.811278432680570063e+02 -4.485892317791101647e+00
-1.691052446963277873e+02 2.810131162924715795e+02 -4.469367034147161633e+00
-1.690810758358246062e+02 2.808981635130372752e+02 -4.453044402133345514e+00
-1.690723586990712306e+02 2.808105626126815650e+02 -4.441334917139349692e+00
-1.690576445772355498e+02 2.807129762385380900e+02 -4.428032936435847944e+00
-1.690301427210586951e+02 2.805965858771965031e+02 -4.412599794659754160e+00
-1.690235366751398089e+02 2.805146599373899221e+02 -4.401212453766349064e+00
-1.690012360507248843e+02 2.804094130540598826e+02 -4.387424427394750026e+00
-1.689838142321633825e+02 2.803453726403503197e+02 -4.377858190732512256e+00
-1.689692420173792300e+02 2.802538149787110342e+02 -4.365876808431136347e+00
-1.689494360442296852e+02 2.801562319642897592e+02 -4.352519538515588593e+00
-1.689503277294851102e+02 2.800920882476706311e+02 -4.344153153238094589e+00
-1.689442459610989715e+02 2.800181762722150438e+02 -4.334194936883068117e+00
-1.689302344706129304e+02 2.799295286101079796e+02 -4.322373343899516662e+00
-1.689083124715802171e+02 2.798632814201747010e+02 -4.313643272027975151e+00
-1.688969917191306820e+02 2.797833169611911899e+02 -4.302307920423136700e+00
-1.688930119837057191e+02 2.797150328095536906e+02 -4.293670579957808542e+00
-1.688878622344796838e+02 2.796459635153502177e+02 -4.284979162314613177e+00
-1.687383254572756925e+02 2.787369953773094835e+02 -4.163493164422616744e+00
-1.687398773263351188e+02 2.786868644434329099e+02 -4.157875160109008483e+00
-1.687373618448058323e+02 2.786314745783149647e+02 -4.150934677842965215e+00
-1.687350359642443891e+02 2.785770703740297449e+02 -4.144048014725751017e+00
-1.687381331888758496e+02 2.785296733433074223e+02 -4.138591032332557873e+00
-1.689002162459414649e+02 2.785779994711717222e+02 -4.154949299400824358e+00
-1.689434448193187563e+02 2.785856266236217493e+02 -4.157833602188546251e+00
-1.689676659520189048e+02 2.785685949574989877e+02 -4.157209494688931528e+00
-1.690137866405714249e+02 2.785806674189999512e+02 -4.162361954833259325e+00
-1.690386940031918073e+02 2.785883640546769016e+02 -4.165045854437524397e+00
-1.690733970995062236e+02 2.785834544272346989e+02 -4.166175765777779816e+00
-1.690989803503904625e+02 2.785682027803122196e+02 -4.165660067414866496e+00
-1.691389094806887954e+02 2.785692808133623544e+02 -4.169165050622763324e+00
-1.691997890418829513e+02 2.785998173284870632e+02 -4.176451564647663872e+00
-1.692387570516885660e+02 2.786011885882931551e+02 -4.178959652737371577e+00
-1.692566893937078589e+02 2.785991075689293552e+02 -4.180051209115761779e+00
-1.692939148258734861e+02 2.785967209577789276e+02 -4.182342593558662003e+00
-1.693338612133249228e+02 2.785978823933153308e+02 -4.184850427198234968e+00
-1.693644927333267560e+02 2.785876968269257077e+02 -4.185657754969010824e+00
-1.694013365154405051e+02 2.785833287043698760e+02 -4.187840818201159721e+00
-1.694292491693504417e+02 2.785696034170853750e+02 -4.188432158188474475e+00
-1.694690073465637568e+02 2.785697876717010217e+02 -4.190886276484801165e+00
-1.694838489339468310e+02 2.785622324277387065e+02 -4.190654673538992014e+00
-1.695169996173768538e+02 2.785545559286413209e+02 -4.192622943685201164e+00
-1.695206676054200443e+02 2.785101222783423509e+02 -4.187328015928629021e+00
-1.695573231045551950e+02 2.785047740761970090e+02 -4.189457269972800546e+00
-1.694973333276912228e+02 2.783836303099384395e+02 -4.170418026285142687e+00
-1.693777387782581911e+02 2.781909581834070195e+02 -4.139954513483263376e+00
-1.696587551465433137e+02 2.784814357032358885e+02 -4.193364495753955090e+00
-1.696924182218597537e+02 2.784975787500563342e+02 -4.197589385983279797e+00
-1.697184088735368732e+02 2.784791578318303209e+02 -4.196911344723195825e+00
-1.697420632103569176e+02 2.784591833828029621e+02 -4.196125833528717486e+00
-1.697497975937992862e+02 2.784200049652682196e+02 -4.192153238152227068e+00
-1.697680198148891293e+02 2.783929765620690091e+02 -4.189935960813452986e+00
-1.697978881088202172e+02 2.783788308778101168e+02 -4.190526620970332239e+00
-1.698592155619302844e+02 2.784011163041213877e+02 -4.197383205881672019e+00
-1.698744339039872955e+02 2.783955208275241944e+02 -4.198259860130925780e+00
-1.698483434421127356e+02 2.782705849078711822e+02 -4.181401940129017447e+00
-1.698768510959299078e+02 2.782546618356130352e+02 -4.181884226467859733e+00
-1.698667047676422897e+02 2.781966707522410047e+02 -4.174723936490797982e+00
-1.692139050847883368e+02 2.816520972056920868e+02 -4.706442480378370874e+00
-1.691477269519705828e+02 2.814511999759462242e+02 -4.675121538447582381e+00
-1.691251582223800654e+02 2.813339735527695780e+02 -4.657694798465759511e+00
-1.691085781344036718e+02 2.812266905465605191e+02 -4.641858665246066273e+00
-1.690892890672974147e+02 2.811159167393433904e+02 -4.624807855728823469e+00
-1.690657315620253200e+02 2.809988448955972444e+02 -4.607378883378459022e+00
-1.690489261779320884e+02 2.808956804236035509e+02 -4.591757270961665860e+00
-1.690124021652362671e+02 2.807959066218144244e+02 -4.576095092662543884e+00
-1.689915161389940863e+02 2.806874204042027259e+02 -4.560148981359084530e+00
-1.689746674588863016e+02 2.805893243377433919e+02 -4.545795233519079659e+00
-1.689603400619414799e+02 2.804937421510196032e+02 -4.531601748791955764e+00
-1.689349759543987943e+02 2.803831552870580595e+02 -4.514494708273952384e+00
-1.689260302236510825e+02 2.802996570597331356e+02 -4.502999051539744890e+00
-1.689114692118794494e+02 2.802081538898148665e+02 -4.490019169240822450e+00
-1.688750955323120024e+02 2.801144463543813004e+02 -4.474678465105167646e+00
-1.688700035246915832e+02 2.800403799814873764e+02 -4.463721545533835489e+00
-1.688579268077029951e+02 2.799564918445197463e+02 -4.452171226911348256e+00
-1.688189796566145162e+02 2.798282563711086368e+02 -4.431984615255333715e+00
-1.688090185169951383e+02 2.797500627061147611e+02 -4.420757338532882663e+00
-1.688358031163954251e+02 2.797304744106069734e+02 -4.420026581893997886e+00
-1.688217734934754333e+02 2.796470171933295887e+02 -4.407476392341126648e+00
-1.687956018556312756e+02 2.795745622261476342e+02 -4.396370549643803471e+00
-1.687834879279557470e+02 2.794957678952673064e+02 -4.385088245832999831e+00
-1.687729205632433604e+02 2.794197149966612415e+02 -4.373967314109637350e+00
-1.687596336660162422e+02 2.793401176565076867e+02 -4.362630138611351072e+00
-1.687567986745887367e+02 2.792777745582930606e+02 -4.353316859011349571e+00
-1.687452466252421459e+02 2.792018987394122291e+02 -4.342194686232791589e+00
-1.687425874355878648e+02 2.791404708106865087e+02 -4.333933093250865731e+00
-1.687188967232012260e+02 2.790756121228745315e+02 -4.324255908805008097e+00
-1.687137180819982518e+02 2.790116761521682633e+02 -4.314833424348194058e+00
-1.687005770027627136e+02 2.789381290897032954e+02 -4.304817787334003221e+00
-1.687000332831107983e+02 2.788823975965096906e+02 -4.296879278865469054e+00
-1.687021938032061144e+02 2.788301335591204975e+02 -4.290154403818933204e+00
-1.686981451243068761e+02 2.787720679810463480e+02 -4.282054545207281571e+00
-1.686906978887712114e+02 2.787333874422066629e+02 -4.276937195046894402e+00
-1.686736812517437727e+02 2.786555748173088318e+02 -4.264652373329840707e+00
-1.686794998652624713e+02 2.786117306052991580e+02 -4.259411976922240939e+00
-1.686889901957183326e+02 2.785234733636555688e+02 -4.248877720164355054e+00
-1.686990732837487599e+02 2.784859066094742275e+02 -4.244014478536739077e+00
-1.687234702175758798e+02 2.784697901097039789e+02 -4.244442117173765183e+00
-1.687307361985378691e+02 2.784546259947078397e+02 -4.242725874552164100e+00
-1.687413820895459651e+02 2.784199849643517268e+02 -4.239024050204913685e+00
-1.687683158347099379e+02 2.784064592912320677e+02 -4.238614443436034662e+00
-1.687818603051694879e+02 2.783762947195804145e+02 -4.236181174053727183e+00
-1.687990976395525990e+02 2.783494385664346282e+02 -4.233962757110508512e+00
-1.688343576467237881e+02 2.783474228114192783e+02 -4.236252582104026665e+00
-1.688603166183276301e+02 2.783341256741856000e+02 -4.235844075857104762e+00
-1.688745486341116475e+02 2.783286949730315882e+02 -4.236719061613781534e+00
-1.689071024197085080e+02 2.783232014728615127e+02 -4.237794749158734220e+00
-1.689313183807171868e+02 2.783061416957818324e+02 -4.237169342957521678e+00
-1.689541750884641260e+02 2.782873129917967958e+02 -4.236436023855235433e+00
-1.689896206283752633e+02 2.782862629273206494e+02 -4.239779825812606262e+00
-1.690099608409702796e+02 2.782649440511987109e+02 -4.237886350226482968e+00
-1.690407732915909094e+02 2.782556953501011776e+02 -4.238745488315001531e+00
-1.690551990514580325e+02 2.782512718204545763e+02 -4.239675412023585110e+00
-1.690914406267857260e+02 2.782490640659124779e+02 -4.241965717723435780e+00
-1.691117707176585157e+02 2.782276963118681010e+02 -4.241070990004550012e+00
-1.691519015337401015e+02 2.782298152941439184e+02 -4.243631403609916752e+00
-1.691668032209814783e+02 2.782014103371218994e+02 -4.241305653686636923e+00
-1.691964507040379999e+02 2.781914026922302696e+02 -4.242111851482988527e+00
-1.692193087472156208e+02 2.781725834420956289e+02 -4.241378806289373138e+00
-1.692411164227810332e+02 2.781747606286280075e+02 -4.243738440174445792e+00
-1.693017640718052235e+02 2.781564850859275566e+02 -4.246458274636113472e+00
-1.693775721529183329e+02 2.781534714782562787e+02 -4.251148562980940682e+00
-1.694213861695609182e+02 2.781588573125516177e+02 -4.255923684254229400e+00
-1.694562770898817234e+02 2.781549265311124373e+02 -4.258107932520799110e+00
-1.694701402268784989e+02 2.781475782127510001e+02 -4.257876490180393603e+00
-1.695135830760524129e+02 2.781510332869203808e+02 -4.261544585319883005e+00
-1.695378063732719625e+02 2.781340128578036683e+02 -4.260920795003958261e+00
-1.695748328244958145e+02 2.781305993397646716e+02 -4.264157219927205311e+00
-1.696155684435455555e+02 2.781305739536496731e+02 -4.266611023593170238e+00
-1.696526083677294707e+02 2.781272241913702601e+02 -4.268849401644894570e+00
-1.696728706162749063e+02 2.781266645823523049e+02 -4.271047800727693300e+00
-1.697124409075458402e+02 2.781258783822224814e+02 -4.273448561638740095e+00
-1.697374392763081232e+02 2.781075987667534264e+02 -4.273768565874267011e+00
-1.697585586340518660e+02 2.780850393319668115e+02 -4.272819612205121409e+00
-1.698031796797679078e+02 2.780893245524280246e+02 -4.276543707630605873e+00
-1.698437189486843408e+02 2.780882833968201453e+02 -4.279943047847130089e+00
-1.698970881021452044e+02 2.781009805877897634e+02 -4.285206654305056873e+00
-1.699664943037752209e+02 2.781546537514395823e+02 -4.297804465119492434e+00
-1.699293546150964005e+02 2.780675480880579471e+02 -4.283810852139800396e+00
-1.691843746240210749e+02 2.814831056352161340e+02 -4.755317251762297914e+00
-1.692177972145888702e+02 2.815032882512687706e+02 -4.760754307421056986e+00
-1.690786328529266314e+02 2.811719277085522890e+02 -4.704743761727446127e+00
-1.690749863172829635e+02 2.810894989672299857e+02 -4.692360328064441255e+00
-1.690531789339249258e+02 2.809762217516197893e+02 -4.674148823876040026e+00
-1.690299983920361626e+02 2.808611070875915061e+02 -4.656827197832041243e+00
-1.690178240185539096e+02 2.807661255279261354e+02 -4.642688621321558351e+00
-1.689894155882474251e+02 2.806450148356493628e+02 -4.622991402643558345e+00
-1.689604277353183761e+02 2.805579295815791738e+02 -4.609081348766362218e+00
-1.689391404310787834e+02 2.804526457935836561e+02 -4.592298020416350823e+00
-1.689205547704044079e+02 2.803508134617695760e+02 -4.576727692960036009e+00
-1.689085211680305179e+02 2.802618559778845793e+02 -4.563909577566512610e+00
-1.688939699164739068e+02 2.801703998093954056e+02 -4.549930963974729181e+00
-1.688769010697411375e+02 2.800764439760908999e+02 -4.534791801118727150e+00
-1.688627139582354744e+02 2.799868820827416585e+02 -4.521918513229911341e+00
-1.688327108231817988e+02 2.799051033094602872e+02 -4.508276882143244180e+00
-1.688202687886457056e+02 2.798193098517477893e+02 -4.494619806493563630e+00
-1.688099251517980690e+02 2.797391290164493967e+02 -4.483283960856088157e+00
-1.688001626522859340e+02 2.796619642701394923e+02 -4.471111626582667142e+00
-1.687884545917775938e+02 2.795799864032515529e+02 -4.459666450305392438e+00
-1.687821569272749684e+02 2.795102380932196411e+02 -4.448923920997652992e+00
-1.687515455846549628e+02 2.794305897938393173e+02 -4.435388190402068886e+00
-1.687510375620907155e+02 2.793697541150067423e+02 -4.427181163426115340e+00
-1.687346602704420775e+02 2.792846844204753438e+02 -4.414520931066380882e+00
-1.687434354559268854e+02 2.792403234128498752e+02 -4.408283911327385951e+00
-1.687276264042483831e+02 2.791582039977876661e+02 -4.395785194920703631e+00
-1.687137364705001801e+02 2.790807652393557987e+02 -4.384555278133664302e+00
-1.687097250321824617e+02 2.790176023387094233e+02 -4.375186323553129419e+00
-1.686891314659677903e+02 2.789582461264808444e+02 -4.365832602195077072e+00
-1.686839486263505421e+02 2.788942896190382044e+02 -4.356409169038273355e+00
-1.686851347871069891e+02 2.788422550075446225e+02 -4.349685445910484560e+00
-1.686789720555984218e+02 2.787784979416836677e+02 -4.340261823026642318e+00
-1.686774473087583033e+02 2.787229612564842682e+02 -4.332322928027339870e+00
-1.686716631635379429e+02 2.786611697957434899e+02 -4.323006933976552446e+00
-1.686900737022327803e+02 2.786351166099066177e+02 -4.320843329367667351e+00
-1.686847746019855947e+02 2.784964874733361171e+02 -4.301492339504219942e+00
-1.686909718017925002e+02 2.784546088664466765e+02 -4.296359571929675880e+00
-1.687376570709303962e+02 2.784696138697389074e+02 -4.301672872058320607e+00
-1.687481112730692132e+02 2.784339788590307876e+02 -4.297916648111900884e+00
-1.687585648621455050e+02 2.783983381443229064e+02 -4.294160176626621528e+00
-1.688061316014445481e+02 2.784390851278668038e+02 -4.302836661558969489e+00
-1.688053487337671470e+02 2.783874026640284001e+02 -4.296110473391413720e+00
-1.689117149090379257e+02 2.784849212697939720e+02 -4.317433292726428284e+00
-1.688388482166907352e+02 2.783339180130221848e+02 -4.291674510074450666e+00
-1.688591884099055846e+02 2.783125952548841155e+02 -4.289780949096199336e+00
-1.688822361594791630e+02 2.782947596926147185e+02 -4.289101858993747740e+00
-1.689203987624699721e+02 2.782972399885208006e+02 -4.292661314976514042e+00
-1.689251358918829453e+02 2.782795227003358036e+02 -4.290783014635637826e+00
-1.689656343961557923e+02 2.782835556401699364e+02 -4.294449829637444260e+00
-1.689846153374014364e+02 2.782604639613992958e+02 -4.292448236720993293e+00
-1.690047519903992850e+02 2.782380918862792782e+02 -4.291498724578911350e+00
-1.690345887662768121e+02 2.782290670423795405e+02 -4.292358766551072513e+00
-1.690710219777597274e+02 2.782278542546731046e+02 -4.294703403878926018e+00
-1.690967805075366073e+02 2.782135188445154768e+02 -4.295239502387780739e+00
-1.691069449586443909e+02 2.782028331423732652e+02 -4.294792035900171001e+00
-1.691393113077928092e+02 2.781963652183765703e+02 -4.295814221479982820e+00
-1.691675983308427647e+02 2.781845811205960786e+02 -4.296512096689672155e+00
-1.692009304858599137e+02 2.781778442952582395e+02 -4.298532271329186472e+00
-1.692305785092384838e+02 2.781678394556976741e+02 -4.299338622819665723e+00
-1.692668132801016725e+02 2.781656025664337903e+02 -4.302628454321991924e+00
-1.696963874850586365e+02 2.780691554985028802e+02 -4.324372665049725839e+00
-1.697994710285380222e+02 2.780702723811997430e+02 -4.333586558962320368e+00
-1.698336115467667469e+02 2.780624443896055027e+02 -4.334556100699828107e+00
-1.698859943993591628e+02 2.780753088985648560e+02 -4.340818949719291275e+00
-1.699290549221902324e+02 2.780767851423138382e+02 -4.345379574687333601e+00
-1.699797056777870523e+02 2.780859425221871675e+02 -4.350427193692630645e+00
-1.700164901598829488e+02 2.781024294154679524e+02 -4.355705468815906478e+00
-1.692654442601746041e+02 2.817510730584161820e+02 -4.880458090789941750e+00
-1.692444774397507672e+02 2.816315798125995116e+02 -4.860926606025498309e+00
-1.692773466844534482e+02 2.816118531795650028e+02 -4.860254268435815206e+00
-1.691692650438535850e+02 2.813784506901154714e+02 -4.817747674813944059e+00
-1.691372434612164284e+02 2.812438627191919522e+02 -4.796299604093838376e+00
-1.690808857231527327e+02 2.810675125422951623e+02 -4.766378503762934038e+00
-1.690776176457577265e+02 2.809870474813626515e+02 -4.754102775191340058e+00
-1.690474889399088170e+02 2.808622885131147200e+02 -4.733192959221034002e+00
-1.690295222762382821e+02 2.807583793122472571e+02 -4.716518120360735367e+00
-1.689885714367518119e+02 2.806514741057629863e+02 -4.697427964182226745e+00
-1.689426794366414413e+02 2.803654761076539330e+02 -4.652851837562960391e+00
-1.688341016939971269e+02 2.797009464356150374e+02 -4.547642765642086360e+00
-1.686835328896367514e+02 2.785431619326269015e+02 -4.369021159017332678e+00
-1.687257571286177722e+02 2.785508702309409728e+02 -4.373901878631063944e+00
-1.687263493479377985e+02 2.785010364882183467e+02 -4.366286307893071594e+00
-1.687881347914342598e+02 2.785362860710791892e+02 -4.376835731774302296e+00
-1.687761313013851350e+02 2.784686416554571906e+02 -4.366142471934396418e+00
-1.687784523198232023e+02 2.784224991806360663e+02 -4.359741438667459335e+00
-1.687942355299398400e+02 2.784198352173820581e+02 -4.360778941519049212e+00
-1.688130255561058561e+02 2.783957523153534908e+02 -4.358723162381535232e+00
-1.689874101398556832e+02 2.785820620224287723e+02 -4.398480883608939074e+00
-1.688519634916426071e+02 2.783493508465785453e+02 -4.354719379556996728e+00
-1.688759874556351122e+02 2.783312942293060814e+02 -4.354039598783593590e+00
-1.688949573206152195e+02 2.783081499772721941e+02 -4.353036548643460790e+00
-1.689064814385597515e+02 2.782992340889085767e+02 -4.352697105972278102e+00
-1.689403848232776966e+02 2.782954605443836158e+02 -4.354879514134935903e+00
-1.689618923461248130e+02 2.782749127747632087e+02 -4.353039525811736254e+00
-1.689957968848735845e+02 2.782711477427055797e+02 -4.355222275688815259e+00
-1.690296915900205761e+02 2.782673328074137657e+02 -4.358403722532587565e+00
-1.690391753202948166e+02 2.782319462546482214e+02 -4.353648500977081781e+00
-1.690781257480052773e+02 2.782332273826564801e+02 -4.357153440195710381e+00
-1.690950792787773196e+02 2.782313514155365510e+02 -4.358245114235316464e+00
-1.691258826896123253e+02 2.782220594534513793e+02 -4.360103188542198360e+00
-1.691516526758958037e+02 2.782077823719302501e+02 -4.359640872611050710e+00
-1.691892463197796133e+02 2.782073086541983571e+02 -4.363038488678134819e+00
-1.692132727538533743e+02 2.781892661212273765e+02 -4.362359238135696593e+00
-1.692372991885734166e+02 2.781712235913927884e+02 -4.361679928074694956e+00
-1.692762552755833667e+02 2.781725366221727427e+02 -4.365186251717882548e+00
-1.692887562223017994e+02 2.781634053890786049e+02 -4.364846246877480240e+00
-1.693275209266506067e+02 2.781637272899384357e+02 -4.368298324450210046e+00
-1.693610498714267862e+02 2.781580096666497184e+02 -4.370373924990070158e+00
-1.693932185010311002e+02 2.781505213846733113e+02 -4.372341450151296272e+00
-1.694211250280600041e+02 2.781367642879548043e+02 -4.372931345864657260e+00
-1.694567992652468149e+02 2.781316109357679807e+02 -4.375060272731206013e+00
-1.694784923408602992e+02 2.781120327418392435e+02 -4.374274287245423665e+00
-1.695133110917536499e+02 2.781288876408233364e+02 -4.379550849390607681e+00
-1.695280203150435341e+02 2.780994859400826726e+02 -4.377170605527179958e+00
-1.695718504014745349e+02 2.781049515328967345e+02 -4.380948252938683396e+00
-1.696073247565365705e+02 2.780987665951332701e+02 -4.384022023647265343e+00
-1.696482429719559093e+02 2.780996929148662957e+02 -4.387529095159595549e+00
-1.696901386631918172e+02 2.781004047285051684e+02 -4.391035775102040795e+00
-1.697230981799869483e+02 2.780917331786434943e+02 -4.392949594913951650e+00
-1.697486120037530100e+02 2.780972890122410490e+02 -4.395526971128853155e+00
-1.699146497114033991e+02 2.780974126251205121e+02 -4.410393750982004590e+00
-1.692301821024441608e+02 2.817004445371572956e+02 -4.946505705277964182e+00
-1.692439544632579214e+02 2.816450071532294714e+02 -4.938737481945311814e+00
-1.691726219745178525e+02 2.814331901956013553e+02 -4.900776974978940714e+00
-1.691545173147358980e+02 2.813232738474141001e+02 -4.882782477798485843e+00
-1.691163309253910825e+02 2.812148530960724884e+02 -4.862641102381929592e+00
-1.690534301681662441e+02 2.810256713290979746e+02 -4.828968913288434806e+00
-1.690484321570025656e+02 2.809415103698127609e+02 -4.815478390923490615e+00
-1.690204463834348019e+02 2.808172996373522210e+02 -4.794621090361299132e+00
-1.690015027836234935e+02 2.807136077447736966e+02 -4.777946856283576516e+00
-1.689928138481636495e+02 2.806261422443156448e+02 -4.763240750985616501e+00
-1.689769602558621671e+02 2.805279182870749537e+02 -4.746888679289604340e+00
-1.689423680187135801e+02 2.804328797317006092e+02 -4.730495746321436101e+00
-1.689241738416928058e+02 2.803330788145261181e+02 -4.714035043109179313e+00
-1.689032707929090407e+02 2.802297851327850822e+02 -4.696359620986016559e+00
-1.688887295369738695e+02 2.801383759268969129e+02 -4.681382157229661445e+00
-1.688699300353968056e+02 2.800407204516619686e+02 -4.665028055173371158e+00
-1.688574932259125205e+02 2.799549541215590693e+02 -4.651372286677894152e+00
-1.688379014509386877e+02 2.798584734562518292e+02 -4.635071369535389785e+00
-1.688169893293690791e+02 2.797921677062673211e+02 -4.623345055934297676e+00
-1.687993122204171641e+02 2.797003433239386254e+02 -4.608311904153901573e+00
-1.687907155896521374e+02 2.796239422001110029e+02 -4.596192706810962925e+00
-1.687823077647463492e+02 2.795485200885967743e+02 -4.584127208402310139e+00
-1.687700237051114414e+02 2.794688350924982956e+02 -4.570793435848660380e+00
-1.687534698912601812e+02 2.793828464880366482e+02 -4.557081311945347935e+00
-1.687562514969070548e+02 2.793285139042495757e+02 -4.549252446426602425e+00
-1.687260279611144824e+02 2.792508754092237382e+02 -4.534825400158522868e+00
-1.687172036368918384e+02 2.791785816339787516e+02 -4.522920287232250480e+00
-1.687205420460286405e+02 2.791271448861768931e+02 -4.516251377980124104e+00
-1.686960353307603384e+02 2.790315848379851786e+02 -4.499946203511830056e+00
-1.686823426496209208e+02 2.789551665340069917e+02 -4.487770827775418248e+00
-1.686831695663506139e+02 2.789012593945500385e+02 -4.478941783441786839e+00
-1.686783682500382042e+02 2.788392824800550329e+02 -4.469626628716961925e+00
-1.686653189716785164e+02 2.787926607963458991e+02 -4.462027065473486154e+00
-1.686692301546562192e+02 2.787441941955600555e+02 -4.454519752764475982e+00
-1.686578313227405488e+02 2.786743996173460118e+02 -4.443719635777140908e+00
-1.686580839045811331e+02 2.785169854476469595e+02 -4.420440117885165776e+00
-1.686610928279121708e+02 2.784955787104078127e+02 -4.417347501738527527e+00
-1.686837575392891893e+02 2.784757531693664419e+02 -4.416559748545488162e+00
-1.687000217763773264e+02 2.784491329941615163e+02 -4.414342723103519717e+00
-1.687399229393474513e+02 2.784553515625345312e+02 -4.418117925745916885e+00
-1.687348935693627254e+02 2.783974801264014332e+02 -4.409016752975007059e+00
-1.687995802939207977e+02 2.784372201946222276e+02 -4.420835500291816267e+00
-1.688334821291205969e+02 2.784334411265001563e+02 -4.423017660253952599e+00
-1.689691851786174652e+02 2.785457979298224700e+02 -4.450452802076870107e+00
-1.689569853683295833e+02 2.784771342282226669e+02 -4.439703997630322974e+00
-1.688628234185464407e+02 2.783001507944717901e+02 -4.405335227170779966e+00
-1.688911062952498980e+02 2.782883451703349351e+02 -4.406032281170210396e+00
-1.689195710472473309e+02 2.782774875084683686e+02 -4.407782457609068061e+00
-1.689412701522431348e+02 2.782579356858946653e+02 -4.405996851979830709e+00
-1.689539507382881709e+02 2.782497382856686272e+02 -4.406709439513305959e+00
-1.689851464599267672e+02 2.782424795119697478e+02 -4.407677359894956126e+00
-1.690163317723689431e+02 2.782351728887964555e+02 -4.409644019525822856e+00
-1.690420895823626779e+02 2.782208337413337063e+02 -4.410179853590611820e+00
-1.690705668708645533e+02 2.782100400156294313e+02 -4.410931982496284931e+00
-1.690973112698472391e+02 2.781955325248652002e+02 -4.410468523098992399e+00
-1.691271390059391138e+02 2.781864644199779377e+02 -4.412327501289516896e+00
-1.691520492522158179e+02 2.781941760268297230e+02 -4.415012042040101115e+00
-1.692097812800154486e+02 2.781713366989580436e+02 -4.417460326359874401e+00
-1.695330543430267483e+02 2.780940958371157308e+02 -4.435027055771501026e+00
-1.695663945013238845e+02 2.780874030835296935e+02 -4.437049042769203311e+00
-1.696005193458977942e+02 2.780794923476828444e+02 -4.439015905336032297e+00
-1.696427876467536748e+02 2.780821424086031470e+02 -4.443629902226154726e+00
-1.696734202493383066e+02 2.780719624622847732e+02 -4.444437358829493867e+00
-1.697088971278419365e+02 2.780657906254753584e+02 -4.447511668221644676e+00
-1.698510008187962512e+02 2.781108865020665348e+02 -4.466475083663047130e+00
-1.699781373196385630e+02 2.782052076277317951e+02 -4.490858220392988542e+00
-1.699528210299139062e+02 2.780842838327685058e+02 -4.472217318713646250e+00
-1.699659906220984453e+02 2.780521717560694697e+02 -4.468676160220509175e+00
-1.692548155543571511e+02 2.816910952434709543e+02 -5.016388251750568017e+00
-1.691807808089893967e+02 2.814758211256615255e+02 -4.977214496351641593e+00
-1.691812161762461244e+02 2.813987206757296917e+02 -4.965155920194932015e+00
-1.690747115171363646e+02 2.811682052689743614e+02 -4.919814463511395175e+00
-1.691193218216051548e+02 2.811724358761498479e+02 -4.924537654450893420e+00
-1.690631848755334943e+02 2.809972197613271874e+02 -4.891674470534945307e+00
-1.690653130379661491e+02 2.809289119113678339e+02 -4.881098856346563153e+00
-1.690425334883907169e+02 2.808158718359017030e+02 -4.861887859140527013e+00
-1.690261250770113577e+02 2.807147623445715112e+02 -4.844376097130209224e+00
-1.689981072631556458e+02 2.805956735228825778e+02 -4.823788229118427751e+00
-1.689640999455968711e+02 2.805036706938144562e+02 -4.806559883373203057e+00
-1.689459191354617928e+02 2.804039355022306381e+02 -4.789101056865653128e+00
-1.689186534472993060e+02 2.802887516888739015e+02 -4.768727369152845341e+00
-1.688923270598550062e+02 2.801784508818068957e+02 -4.749622206621681109e+00
-1.688808827146853844e+02 2.800925441903301021e+02 -4.734968324824841979e+00
-1.688728935710572898e+02 2.800140088521599182e+02 -4.722743022065317042e+00
-1.688639365844343558e+02 2.799357330999189344e+02 -4.709519396322608742e+00
-1.688403205312643820e+02 2.798659627539709049e+02 -4.696579424272539605e+00
-1.688222745975317878e+02 2.797722197742237427e+02 -4.680439793329101761e+00
-1.688078867578688005e+02 2.796868966229924922e+02 -4.665784581506036588e+00
-1.688085653026245154e+02 2.796269296182414337e+02 -4.656634600680504832e+00
-1.687976316365730156e+02 2.795489712231709518e+02 -4.644407728477667696e+00
-1.687824503141834214e+02 2.794648153433385005e+02 -4.629805529957053523e+00
-1.687595753097949114e+02 2.793988974293230285e+02 -4.618078340500840540e+00
-1.687494094777178475e+02 2.793249219246101234e+02 -4.605068191309566572e+00
-1.687462024176386706e+02 2.792606433875815242e+02 -4.594647688937450347e+00
-1.687394923801392395e+02 2.791940410550226943e+02 -4.584066340448785581e+00
-1.687196276151322252e+02 2.791067219756022837e+02 -4.569246723362477169e+00
-1.686842839093711177e+02 2.789971917763826355e+02 -4.549083302459150602e+00
-1.686920754187715659e+02 2.789530105636122244e+02 -4.542845195689919180e+00
-1.686674260312152569e+02 2.788884566474474695e+02 -4.531170675784159663e+00
-1.686626355570544433e+02 2.788265323513163594e+02 -4.520856978117600455e+00
-1.686582151697182326e+02 2.787665332046489652e+02 -4.511649999196586158e+00
-1.686706396188426424e+02 2.787305461800409034e+02 -4.506895364389066572e+00
-1.686605989035993218e+02 2.786625158888719511e+02 -4.496203082536201379e+00
-1.686621716631458412e+02 2.786124835494766216e+02 -4.488587753087454502e+00
-1.686772087561995761e+02 2.785054169943903730e+02 -4.474123874194112283e+00
-1.686931007985352551e+02 2.784768594650500972e+02 -4.470799523682694954e+00
-1.687049256357631748e+02 2.784430488018059577e+02 -4.466152882908303923e+00
-1.687320403550381229e+02 2.784304664122684017e+02 -4.466796201940536726e+00
-1.687359120814933249e+02 2.783870868898051185e+02 -4.460557481008425640e+00
-1.688085511963947454e+02 2.784363920768035996e+02 -4.473968103557452558e+00
-1.688117397063382725e+02 2.784159201589162649e+02 -4.471928011813525394e+00
-1.688326664789538825e+02 2.783447356373000048e+02 -4.462417581064849870e+00
-1.689341691908957159e+02 2.784328754686424077e+02 -4.485196781195983640e+00
-1.688721684255056630e+02 2.783012674246064648e+02 -4.459575506169139558e+00
-1.689058786792030560e+02 2.782964924125740254e+02 -4.461703223918749295e+00
-1.689506259751109383e+02 2.783067274707576075e+02 -4.467745562042063412e+00
-1.689472274688295670e+02 2.782784925099015254e+02 -4.463222126578959781e+00
-1.689811324030656294e+02 2.782747244889737885e+02 -4.465404782942139050e+00
-1.690039890034457244e+02 2.782558977485472269e+02 -4.464671506453209204e+00
-1.690295546369621604e+02 2.782405608289176939e+02 -4.465152855195869464e+00
-1.690591999574380395e+02 2.782305419564290787e+02 -4.465958557252839967e+00
-1.690890375258391600e+02 2.782215237485032731e+02 -4.466818957513798871e+00
-1.691044394293234632e+02 2.782168762745938011e+02 -4.467747918151008690e+00
-1.691288384730171970e+02 2.782007719889042505e+02 -4.468175984556247649e+00
-1.691677913155099020e+02 2.782020681751523625e+02 -4.471681624108928332e+00
-1.691918173900152453e+02 2.781840237750969891e+02 -4.471002211585174635e+00
-1.692267021821624837e+02 2.781800611779510746e+02 -4.473185134614917402e+00
-1.692563404446797790e+02 2.781700093338251918e+02 -4.474990276916820164e+00
-1.692790073199299741e+02 2.781501950266534777e+02 -4.474202900426034191e+00
-1.693103156685592126e+02 2.781646926245826421e+02 -4.479317188093427937e+00
-1.693409418901225081e+02 2.781544770287783876e+02 -4.480123174383832563e+00
-1.695216640669180492e+02 2.782784988986118719e+02 -4.515675679000183074e+00
-1.694370640736698022e+02 2.781300174802884726e+02 -4.485916890304022075e+00
-1.694597331121468926e+02 2.781102144038501933e+02 -4.485129950034052904e+00
-1.695008283354380865e+02 2.781120634159193514e+02 -4.489689177368612505e+00
-1.695251692623930637e+02 2.781168191389124900e+02 -4.492211775740763358e+00
-1.695542465242986623e+02 2.781038509283376357e+02 -4.492855894038931375e+00
-1.695955373486916926e+02 2.781067154922158124e+02 -4.497470342017503064e+00
-1.696218948433224227e+02 2.780902028820579517e+02 -4.497898275893894571e+00
-1.696482627125231772e+02 2.780737429836016759e+02 -4.497327606979157011e+00
-1.697008193291164559e+02 2.780875133435015982e+02 -4.504641868211779254e+00
-1.697363084198287311e+02 2.780813987166792458e+02 -4.506717772112777354e+00
-1.697565714608977601e+02 2.780808457436351659e+02 -4.508916529484373825e+00
-1.697972911629568671e+02 2.780807450631419897e+02 -4.513368701326446519e+00
-1.698366621476977514e+02 2.780789252236756965e+02 -4.516714263797001472e+00
-1.698719616568223216e+02 2.780718288180368063e+02 -4.518736433941298536e+00
-1.699212390550471525e+02 2.780791439355019179e+02 -4.524673734948930104e+00
-1.699604204594928092e+02 2.780763423234917582e+02 -4.527965444625656311e+00
-1.699893137283084741e+02 2.780624213476123714e+02 -4.528556941191258289e+00
-1.692053628688649667e+02 2.816249046842241341e+02 -5.065437494488486792e+00
-1.691645305553469996e+02 2.814709910141110072e+02 -5.036866905593652355e+00
-1.691507544971243249e+02 2.812883180150255953e+02 -5.006083867057940395e+00
-1.690643635755722300e+02 2.809823932542704483e+02 -4.948992105518955853e+00
-1.690373583273184011e+02 2.808950189936248876e+02 -4.933085422978972900e+00
-1.690207732656968744e+02 2.807929886676339493e+02 -4.914521845683431422e+00
-1.689935452050275728e+02 2.806727119507449402e+02 -4.893879956481477222e+00
-1.689703642500614365e+02 2.805628723833008848e+02 -4.873831758968680816e+00
-1.689512422828356364e+02 2.804582458082620064e+02 -4.855104065068816865e+00
-1.689313311040379517e+02 2.803548099400269962e+02 -4.836430427016125577e+00
-1.689019540773070105e+02 2.802709862859820760e+02 -4.820684852733145398e+00
-1.688767948206537426e+02 2.801614556534426015e+02 -4.801633066714965814e+00
-1.688622626038579426e+02 2.800700897054056782e+02 -4.785656726258810778e+00
-1.688496580057485517e+02 2.799834448759282850e+02 -4.769949976472680042e+00
-1.688298877794590851e+02 2.798860340248567127e+02 -4.752596731731196122e+00
-1.688116524255122215e+02 2.797913063225234964e+02 -4.736403273351739607e+00
-1.688075165907901862e+02 2.797222019487746820e+02 -4.724716656358299183e+00
-1.687825373740646739e+02 2.796506411138732915e+02 -4.711667771806623328e+00
-1.687621600195604401e+02 2.795553663410922809e+02 -4.694420853981603692e+00
-1.687498774547908624e+02 2.794756878456656182e+02 -4.681087440212999162e+00
-1.687520989076487297e+02 2.794184445574652500e+02 -4.672097738876228590e+00
-1.687398208240358031e+02 2.793387869160691253e+02 -4.657764337726520765e+00
-1.687265534498237400e+02 2.792592835913190470e+02 -4.644429461568258866e+00
-1.687163823907561380e+02 2.791852809495875931e+02 -4.631418183778473363e+00
-1.686793843282572425e+02 2.790989020828249068e+02 -4.614454317018472196e+00
-1.686552610114001709e+02 2.790053338836259513e+02 -4.598257908103517977e+00
-1.686470028185735544e+02 2.789359781800420706e+02 -4.586513764324957165e+00
-1.686249968274451305e+02 2.788481147904042246e+02 -4.570640841652627628e+00
-1.686159488814320753e+02 2.787799469820204763e+02 -4.558950719064239543e+00
-1.686185017136235160e+02 2.787297161392901899e+02 -4.551335571055343365e+00
-1.686140891046752870e+02 2.786697537047014634e+02 -4.541129356814900930e+00
-1.686053041747265695e+02 2.786294075634992851e+02 -4.533906846054073014e+00
-1.686082242100863198e+02 2.785810868990578797e+02 -4.527397775644402600e+00
-1.686142440398679128e+02 2.785382837202025712e+02 -4.521212928340569093e+00
-1.686127218457177150e+02 2.784827566163360189e+02 -4.512273550386196597e+00
-1.686164151221497889e+02 2.784384469143811316e+02 -4.504982382817979136e+00
-1.686379113692438807e+02 2.784178417543709543e+02 -4.504140800647594034e+00
-1.686497346382197406e+02 2.783840216886497956e+02 -4.499493766761990088e+00
-1.686651322879907013e+02 2.783793546519423785e+02 -4.500421948802296512e+00
-1.686887548179904286e+02 2.783645020654495852e+02 -4.499905929842206831e+00
-1.687100578800574056e+02 2.783428964181429137e+02 -4.499009708324734014e+00
-1.687222525512621303e+02 2.783110070705832868e+02 -4.495469641219781209e+00
-1.687565353694446912e+02 2.783092047900777288e+02 -4.497759925919768698e+00
-1.687935266978830384e+02 2.783108933976453159e+02 -4.501264946105037801e+00
-1.687967236532836068e+02 2.782904629156255965e+02 -4.498225815514580006e+00
-1.688267382121151741e+02 2.782823635274287426e+02 -4.500138107649949148e+00
-1.688495929380350447e+02 2.782635245340933920e+02 -4.499404284521094866e+00
-1.688726397857793984e+02 2.782456842899995308e+02 -4.498725057298892160e+00
-1.689065420898532466e+02 2.782419051348124412e+02 -4.500907158073295555e+00
-1.689350170896736927e+02 2.782310982661896901e+02 -4.501658688942251629e+00
-1.689831530492316176e+02 2.782219007047216337e+02 -4.504716381466405295e+00
-1.690063827274594530e+02 2.782050121213751481e+02 -4.505090422255983995e+00
-1.697095782407087938e+02 2.780485334883096016e+02 -4.548760558860445613e+00
-1.697425381177185955e+02 2.780398638086686560e+02 -4.550674481135107641e+00
-1.698337716339184453e+02 2.780270477654336219e+02 -4.558024434991425622e+00
-1.698676991198092026e+02 2.780181185449641816e+02 -4.560936680083855777e+00
-1.699070714406269929e+02 2.780163081624845631e+02 -4.564282456944516397e+00
-1.699398428173394393e+02 2.780066623178256009e+02 -4.566142893332167496e+00
-1.699867857030731670e+02 2.780124332618656240e+02 -4.571973117682032850e+00
-1.692152364254989436e+02 2.815759733917552126e+02 -5.143090720920693748e+00
-1.692041164737926522e+02 2.814758788013689355e+02 -5.125689741828519885e+00
-1.691773340975028646e+02 2.813896543333631826e+02 -5.107842484628907442e+00
-1.691403401063315926e+02 2.812450974923600597e+02 -5.080808124675941784e+00
-1.691340014891427757e+02 2.811592594854315053e+02 -5.066212703165748010e+00
-1.691259315487480137e+02 2.810697171065109501e+02 -5.050402265019494408e+00
-1.690844568286726144e+02 2.809230446122915055e+02 -5.022206156315390579e+00
-1.690557157574862401e+02 2.808001909059568675e+02 -4.998407684173569621e+00
-1.690424043108790215e+02 2.807045829488269533e+02 -4.981219453056809243e+00
-1.689972187664263856e+02 2.805915450868890275e+02 -4.958755914905566442e+00
-1.689863928772923600e+02 2.805035587178913374e+02 -4.942997427529180143e+00
-1.689711186018727460e+02 2.804083376165194181e+02 -4.925808269491337654e+00
-1.689593098844770509e+02 2.803205367044122909e+02 -4.910048883270425435e+00
-1.689465222998888123e+02 2.802329418153510687e+02 -4.894289844332377903e+00
-1.689275561456297510e+02 2.801344124774654460e+02 -4.875884898270601120e+00
-1.689228571165282631e+02 2.800623840198829839e+02 -4.864037961728372217e+00
-1.688868925691692766e+02 2.799707896615836944e+02 -4.845808634536874493e+00
-1.688731160300845886e+02 2.798833484231153079e+02 -4.830047192961783864e+00
-1.688601005719313832e+02 2.797998599475263291e+02 -4.814502187209027895e+00
-1.688528764332742469e+02 2.797252915514641813e+02 -4.801492855730224107e+00
-1.688332656233909574e+02 2.796339966460258779e+02 -4.784463264417213146e+00
-1.688233182941268353e+02 2.795558660770111032e+02 -4.771236894157623531e+00
-1.688156828812046228e+02 2.794844531448277394e+02 -4.758389255315403688e+00
-1.687943685811009118e+02 2.794213451489075624e+02 -4.745825468510880718e+00
-1.687677721165280502e+02 2.793202173792809617e+02 -4.727201225543594454e+00
-1.687419375099076433e+02 2.792230451453095270e+02 -4.708793334183931201e+00
-1.687464555129531902e+02 2.791724396063923450e+02 -4.701179719585436345e+00
-1.688088001553416007e+02 2.792105962014620673e+02 -4.712889714675210229e+00
-1.688407779746482049e+02 2.792021147201240865e+02 -4.714803249076270575e+00
-1.688590926677685502e+02 2.792020150705909600e+02 -4.716003246198786414e+00
-1.688819938776286733e+02 2.791781254839189046e+02 -4.714002531723863854e+00
-1.688698639546953473e+02 2.791045302829187449e+02 -4.700991216029007269e+00
-1.686541973474786289e+02 2.787301970399398670e+02 -4.619856411335096169e+00
-1.686640959360772172e+02 2.786916698497593643e+02 -4.614940317341263309e+00
-1.686712860312151747e+02 2.786496556409765049e+02 -4.608809811328531403e+00
-1.686840910491011414e+02 2.786156445139753259e+02 -4.604163249862072149e+00
-1.686745202775523182e+02 2.785765078362940130e+02 -4.596995640854823151e+00
-1.686760897945203510e+02 2.785264586617757914e+02 -4.589379448759878244e+00
-1.686766821939477552e+02 2.784766258541635011e+02 -4.581763929253260592e+00
-1.687163908195796580e+02 2.784818447770127250e+02 -4.585484603629341294e+00
-1.687142735741006732e+02 2.784285164508761454e+02 -4.576654092315147970e+00
-1.687400295817284359e+02 2.784141679460370824e+02 -4.577189533103307895e+00
-1.687669526635556281e+02 2.784005905833911925e+02 -4.577778639544665573e+00
-1.687802202069628379e+02 2.783954382280196569e+02 -4.577656088706001825e+00
-1.688046173749038985e+02 2.783793216831487030e+02 -4.578083727508444056e+00
-1.688288331558051993e+02 2.783622609709585731e+02 -4.577458270075855040e+00
-1.688532414727522450e+02 2.783461998980196199e+02 -4.576887459946710202e+00
-1.688884924928518387e+02 2.783441398955329760e+02 -4.580176289129759049e+00
-1.689251042090106978e+02 2.783438563102434955e+02 -4.583573262509196056e+00
-1.689533890148271666e+02 2.783320619619406671e+02 -4.584270752564028051e+00
-1.689800286539042702e+02 2.783434666586776984e+02 -4.588169992932398245e+00
-1.689972671976172478e+02 2.783166180440608741e+02 -4.585951747600514494e+00
-1.690270946795687905e+02 2.783075460991217369e+02 -4.587810699752058241e+00
-1.690648771480457526e+02 2.783080552725831467e+02 -4.591262159664120546e+00
-1.690972330152572738e+02 2.783015366004432849e+02 -4.593282990648418718e+00
-1.691144713775703963e+02 2.782746870444433966e+02 -4.591064813122286203e+00
-1.691454677580525185e+02 2.782663994936352765e+02 -4.592977671521532024e+00
-1.691581618177038706e+02 2.782582658523051578e+02 -4.592692152664922034e+00
-1.691914945130430681e+02 2.782515318322983831e+02 -4.594712480998563109e+00
-1.692172556396482719e+02 2.782372124249000080e+02 -4.595249152517155267e+00
-1.692304244367242063e+02 2.782050936996817541e+02 -4.591707873809474094e+00
-1.692585211590495646e+02 2.781923240889159388e+02 -4.592351691299832339e+00
-1.692868105962354832e+02 2.781805550462389647e+02 -4.593050326362137170e+00
-1.693147156817593668e+02 2.781667904655011512e+02 -4.593639871743055991e+00
-1.693341893851557529e+02 2.781674262839395624e+02 -4.595892582664489190e+00
-1.693568577025571926e+02 2.781476194639234905e+02 -4.595105496987581084e+00
-1.693929043679640927e+02 2.781444034176350897e+02 -4.598341808607559145e+00
-1.694144048341451594e+02 2.781238226826500863e+02 -4.597501141492164933e+00
-1.694459975839453136e+02 2.781133419353550948e+02 -4.599305143212083280e+00
-1.694947415188944149e+02 2.781020139544957033e+02 -4.602256756524046644e+00
-1.695238180603706155e+02 2.780890420034794488e+02 -4.602900669896711427e+00
-1.695687939169389438e+02 2.780951792571321448e+02 -4.608729197181197890e+00
-1.696031114796046779e+02 2.780882691050558151e+02 -4.610750579727155518e+00
-1.696385867352034325e+02 2.780820888428440867e+02 -4.613824606592615396e+00
-1.696624262204367426e+02 2.780630756778612636e+02 -4.613091939807997477e+00
-1.696891695101732864e+02 2.780485660991924988e+02 -4.613629135142524262e+00
-1.697135033785234555e+02 2.780532888474120341e+02 -4.617151233278171674e+00
-1.697553902107273132e+02 2.780539583383099966e+02 -4.621656841151791539e+00
-1.698025184964296557e+02 2.780606943939010307e+02 -4.627540174024752595e+00
-1.698314081598670953e+02 2.780467547001326807e+02 -4.628130943555659016e+00
-1.698630096333766062e+02 2.780363217650310617e+02 -4.629936962559268565e+00
-1.699083962766020477e+02 2.780392997629901970e+02 -4.635603711484211686e+00
-1.699409751185612834e+02 2.780286542853527294e+02 -4.637409381531290897e+00
-1.699678436064193079e+02 2.780359601522470712e+02 -4.641094760160289212e+00
-1.691973367761457894e+02 2.815467759871053204e+02 -5.219470088139796182e+00
-1.691956864416532085e+02 2.814641238977432636e+02 -5.204092319314071347e+00
-1.691629600967704050e+02 2.813258584604316184e+02 -5.177435704386865289e+00
-1.691666895733949048e+02 2.812552819595758820e+02 -5.164755302306260454e+00
-1.691045729924946102e+02 2.811071968815173250e+02 -5.134252747713525800e+00
-1.691351096096807680e+02 2.810859309294653485e+02 -5.132472713556671451e+00
-1.690809077004687424e+02 2.809154707750602142e+02 -5.098879782528566551e+00
-1.690487090850528773e+02 2.807852335527115315e+02 -5.072652184378676488e+00
-1.690371368661402869e+02 2.806933685949737196e+02 -5.055679836875881072e+00
-1.687464905782028097e+02 2.792151935038181136e+02 -4.775528109779775932e+00
-1.687958752431316043e+02 2.792336432261180903e+02 -4.783055166323024743e+00
-1.688106470007699897e+02 2.791992668085433138e+02 -4.778410471859615427e+00
-1.687171222549493450e+02 2.789991246810336065e+02 -4.735818056588134262e+00
-1.686895063081472870e+02 2.788186188354537194e+02 -4.703002761970885182e+00
-1.686819131240365266e+02 2.784140698879660363e+02 -4.633618747101858837e+00
-1.686894671797643355e+02 2.783739490223491657e+02 -4.628593456042154664e+00
-1.687291758594028011e+02 2.783791669649872915e+02 -4.632314079352275016e+00
-1.687396387951191343e+02 2.783435723648350972e+02 -4.627558765658780437e+00
-1.687644184056356380e+02 2.783294439673434226e+02 -4.628095083960769962e+00
-1.688025669779028988e+02 2.783318538295516760e+02 -4.632652169173113066e+00
-1.687987973575131662e+02 2.783016871252223723e+02 -4.627021716028813181e+00
-1.688270789175198843e+02 2.782898759261149735e+02 -4.627718641030265090e+00
-1.688599941643769853e+02 2.782862652044307197e+02 -4.630900034935918619e+00
-1.688873017805586016e+02 2.782746843275013475e+02 -4.631598044215783361e+00
-1.688950538633311567e+02 2.782355866765685732e+02 -4.625627448066250480e+00
-1.689440609191264286e+02 2.782520783867869909e+02 -4.633046868666672147e+00
-1.689686501561778869e+02 2.782369615776411820e+02 -4.633529035404599483e+00
-1.689704862907109373e+02 2.782147527693755364e+02 -4.630381539283290770e+00
-1.689987699631692806e+02 2.782029537968942918e+02 -4.631078653978701887e+00
-1.690297633872546328e+02 2.781946483762425260e+02 -4.632990777386895687e+00
-1.692716466352410407e+02 2.781443309380027245e+02 -4.649064873621254534e+00
-1.693400398405995873e+02 2.781345539870349057e+02 -4.655320943825874913e+00
-1.693765884178947374e+02 2.781551067479301196e+02 -4.661812342377764651e+00
-1.694300665258600418e+02 2.781260436090420853e+02 -4.662884920357799778e+00
-1.694752314951419976e+02 2.781331627285763375e+02 -4.668767240586719325e+00
-1.694913021168328839e+02 2.781055373097307779e+02 -4.666495141415926362e+00
-1.695320139950731004e+02 2.781053934894598001e+02 -4.670945611649750973e+00
-1.695614652007368193e+02 2.780943729737441572e+02 -4.672697439841392963e+00
-1.697039418397885413e+02 2.782366491595210505e+02 -4.709782443357733328e+00
-1.697869248032964720e+02 2.780275334816041095e+02 -4.685713979465173651e+00
-1.692198612713961552e+02 2.815581650763941752e+02 -5.278402123613396668e+00
-1.691811676089878063e+02 2.814100595886219480e+02 -5.248157713577840333e+00
-1.691580899269629867e+02 2.812901686632189353e+02 -5.224576739144230153e+00
-1.691251310856989960e+02 2.811930219353788516e+02 -5.204084478737609487e+00
-1.691109007527034294e+02 2.810926370676882016e+02 -5.184631325448307848e+00
-1.691431549659950804e+02 2.810750078918168242e+02 -5.185064328760054408e+00
-1.691844994904291184e+02 2.810728518745443694e+02 -5.187412649061129422e+00
-1.692090421862966139e+02 2.810416163549899125e+02 -5.184040811572465657e+00
-1.690978897388265807e+02 2.807763527873883618e+02 -5.126809226342811776e+00
-1.690183593710981995e+02 2.805695438249355789e+02 -5.083014884291073621e+00
-1.689619579152407312e+02 2.803717755288533908e+02 -5.042957209690513309e+00
-1.689515064666946955e+02 2.802857332417557927e+02 -5.027305470418359512e+00
-1.689254028550082580e+02 2.801765767955222941e+02 -5.005258549773030197e+00
-1.689112628956557671e+02 2.800872450192190399e+02 -4.988392046939038593e+00
-1.689019475668353039e+02 2.800071014208390920e+02 -4.973063237110238788e+00
-1.688792912808036704e+02 2.799052741777545066e+02 -4.953443066404243922e+00
-1.688454562875309080e+02 2.798194457053378983e+02 -4.934539202949165038e+00
-1.688382329426898707e+02 2.797448839515223540e+02 -4.921530110722032170e+00
-1.688269537571270291e+02 2.796651206117545030e+02 -4.906200134555064096e+00
-1.688083280219871938e+02 2.795736469803266573e+02 -4.888170805602797486e+00
-1.688061164893400417e+02 2.795092439850729988e+02 -4.876752941825579057e+00
-1.687998381664526448e+02 2.794395887490614996e+02 -4.864012779663615227e+00
-1.687937486513632450e+02 2.793709125347725148e+02 -4.851326137880246137e+00
-1.687770704068149428e+02 2.793160136436798666e+02 -4.840246642904861396e+00
-1.687452592933167921e+02 2.792089536498012876e+02 -4.818248700748071656e+00
-1.688089406549023010e+02 2.792487682636039494e+02 -4.832063684992367492e+00
-1.687649299810381649e+02 2.791259494517278767e+02 -4.806098746045670111e+00
-1.687205298559147195e+02 2.790011098863665211e+02 -4.780023572079284300e+00
-1.687145874735748805e+02 2.789384895153276034e+02 -4.768658776333680294e+00
-1.686951157703416868e+02 2.788532038513862403e+02 -4.751948069571877653e+00
-1.686739473396510789e+02 2.787961451403982664e+02 -4.740706008259745197e+00
-1.686691636899811897e+02 2.787342538641414649e+02 -4.729392810664274194e+00
-1.686637863030942128e+02 2.786745669280398374e+02 -4.718188846781215418e+00
-1.686284122111370891e+02 2.785701635547818000e+02 -4.697293940760661535e+00
-1.686570786644204247e+02 2.785603507053390331e+02 -4.698099990100498502e+00
-1.686673556045470548e+02 2.785237891622430766e+02 -4.693291584292868635e+00
-1.686646763292338278e+02 2.784675378662390699e+02 -4.683299928594980344e+00
-1.686541377172751481e+02 2.784286607870322428e+02 -4.675133758530293449e+00
-1.686644106924551636e+02 2.783920786589629301e+02 -4.670324463706654328e+00
-1.686831990410635171e+02 2.783679883086067548e+02 -4.668268512626973177e+00
-1.686979205299223850e+02 2.783386428345057766e+02 -4.664889871724996695e+00
-1.687236858108034312e+02 2.783243375424173109e+02 -4.664426435978772822e+00
-1.687471162910729561e+02 2.783084891022155034e+02 -4.663855974475325183e+00
-1.687625144818121896e+02 2.783038248739754863e+02 -4.664784250691195844e+00
-1.687898098143371612e+02 2.782921838946629691e+02 -4.666480452580352711e+00
-1.688089814352559870e+02 2.782700834779781758e+02 -4.664533164756676342e+00
-1.688372630505618019e+02 2.782582713049324639e+02 -4.665229919655041080e+00
-1.688657371491992478e+02 2.782474597576215842e+02 -4.665981253885682634e+00
-1.689147322357014502e+02 2.782162678037806813e+02 -4.665891842189244798e+00
-1.689400009315425280e+02 2.782258452932130126e+02 -4.670681524412565899e+00
-1.697059770854872056e+02 2.781891771528473214e+02 -4.746370778772966759e+00
-1.698927094429813849e+02 2.780058143898981484e+02 -4.737822716364783027e+00
-1.699266388392512397e+02 2.779968925663829395e+02 -4.740735252601922411e+00
-1.699759072691383892e+02 2.780041673152565522e+02 -4.747671702709777009e+00
-1.692036982949284720e+02 2.816226666989913383e+02 -5.375748349961254391e+00
-1.692346489613766494e+02 2.815982622115212735e+02 -5.373807425964619355e+00
-1.691498799878812918e+02 2.813642362432300956e+02 -5.323515011323640245e+00
-1.691420525245766555e+02 2.812706571859266091e+02 -5.305491745225190847e+00
-1.691303499618398121e+02 2.811728198776262957e+02 -5.286200401785475123e+00
-1.691670606460131410e+02 2.811624649966396419e+02 -5.287064993967959481e+00
-1.691823241378722287e+02 2.811518094791280191e+02 -5.286674363925348175e+00
-1.692209545349506925e+02 2.811461370830280657e+02 -5.288807798837078522e+00
-1.692464757892175840e+02 2.811146926774505914e+02 -5.285435698611092192e+00
-1.694761509692134780e+02 2.814401212897730034e+02 -5.367172255717246543e+00
-1.695196387035347527e+02 2.814385198814773048e+02 -5.370574207075220485e+00
-1.695444145285597983e+02 2.814032015627115584e+02 -5.365988502879703859e+00
-1.695770926780755303e+02 2.813824827713087871e+02 -5.365261927837581268e+00
-1.695968048097142571e+02 2.813790658230868758e+02 -5.366302054013969425e+00
-1.689353697119991011e+02 2.801915990153904659e+02 -5.087275010103370576e+00
-1.689197031256272794e+02 2.800996207059534413e+02 -5.068249604955880727e+00
-1.689026635081180530e+02 2.800058068696925488e+02 -5.050114061213002437e+00
-1.688825435451690282e+02 2.799065666583074403e+02 -5.029656618896706455e+00
-1.688645310403667281e+02 2.798129862186128207e+02 -5.010521436729252542e+00
-1.688412733934329424e+02 2.797133249961684669e+02 -4.991008875232361142e+00
-1.688070607449494673e+02 2.796255320808348301e+02 -4.970996498425341414e+00
-1.688019544196289417e+02 2.795566722861486824e+02 -4.958310738912122595e+00
-1.687879621645351165e+02 2.794733956482143071e+02 -4.941765035615695467e+00
-1.687756973204146220e+02 2.793938018108148071e+02 -4.926433527910486276e+00
-1.687786925533743556e+02 2.793405722841593501e+02 -4.916662002146422239e+00
-1.687534730620660639e+02 2.792412980963288192e+02 -4.896147637662167540e+00
-1.687769379767330804e+02 2.792203389153063995e+02 -4.895308477587361651e+00
-1.687459587116592274e+02 2.791440526837896527e+02 -4.877939944395041749e+00
-1.687141391806598563e+02 2.790369477281495847e+02 -4.855940138483273216e+00
-1.686745678285373913e+02 2.789213178482499416e+02 -4.831403835843717687e+00
-1.687212318269470757e+02 2.789362185016876765e+02 -4.838714332771185234e+00
-1.686789470990855193e+02 2.788170724731896826e+02 -4.812962149473460016e+00
-1.686656503633762156e+02 2.787427025558654350e+02 -4.798896325207874014e+00
-1.686655837000301972e+02 2.787158966707220316e+02 -4.793482938755500911e+00
-1.686555649044964866e+02 2.786479715774528927e+02 -4.780793452147456435e+00
-1.686174935760978713e+02 2.785401346971025305e+02 -4.757685583044495736e+00
-1.686277809975151456e+02 2.785036238990134052e+02 -4.751878591350944703e+00
-1.686423140927972497e+02 2.784733002931995998e+02 -4.748446481467164304e+00
-1.686508564677857578e+02 2.784330175461250860e+02 -4.742422136858714055e+00
-1.686613322287732331e+02 2.783974858599598292e+02 -4.736668665212926399e+00
-1.686602727936119095e+02 2.783708174794858792e+02 -4.732253357570329833e+00
-1.686804202700274686e+02 2.783484941438499618e+02 -4.730305157575822150e+00
-1.687048257039644454e+02 2.783324181028725093e+02 -4.729733646781794754e+00
-1.687309640807809501e+02 2.783200548436076360e+02 -4.730377732743334285e+00
-1.687414255743460103e+02 2.782844527562997996e+02 -4.725622128235961839e+00
-1.687727981256878422e+02 2.782781157492356670e+02 -4.727641974652774692e+00
-1.687946771762183573e+02 2.782595006099618331e+02 -4.726909114926125532e+00
-1.688102677228959578e+02 2.782558350858626000e+02 -4.727891987214063896e+00
-1.688348662884997680e+02 2.782407605155290184e+02 -4.727375107314519376e+00
-1.688635213612482175e+02 2.782308922518002987e+02 -4.729179367346272755e+00
-1.691374945759152979e+02 2.781779698407145816e+02 -4.750482716545802120e+00
-1.698600000513244197e+02 2.780054427456036592e+02 -4.803535296815590883e+00
-1.699108086539314684e+02 2.780154306820393231e+02 -4.811632696210153881e+00
-1.699717165695141432e+02 2.780355551005599750e+02 -4.822376286315171789e+00
-1.689909678783168090e+02 2.806820084858121049e+02 -5.318950689281109590e+00
-1.690179945634054377e+02 2.806583851519129098e+02 -5.317008202421606100e+00
-1.690373095315823662e+02 2.806211506572041117e+02 -5.311260738138187776e+00
-1.690776598433423317e+02 2.806191246637181962e+02 -5.314606727398034636e+00
-1.691015992524258991e+02 2.805900439046516226e+02 -5.311341765470254828e+00
-1.691214829114518352e+02 2.805875186748317560e+02 -5.313432833312816683e+00
-1.691544930378610161e+02 2.805738141697008814e+02 -5.314080616633916954e+00
-1.691666546062154168e+02 2.805258747297194759e+02 -5.305688634888939603e+00
-1.692185931043763674e+02 2.805417227396631006e+02 -5.314107816364550985e+00
-1.692467865600413006e+02 2.805188677100705945e+02 -5.312218603555280083e+00
-1.692753507149471375e+02 2.804979435308053439e+02 -5.311436416548977135e+00
-1.693039151579734209e+02 2.804770183262284036e+02 -5.310654178642129963e+00
-1.693253494723024346e+02 2.804772570352500907e+02 -5.312907490848351344e+00
-1.693272672296176324e+02 2.804131364261473323e+02 -5.300547611313984220e+00
-1.693633652457406242e+02 2.804048950533200468e+02 -5.302518057723656142e+00
-1.693961848159923704e+02 2.803902011888793595e+02 -5.303111876323573171e+00
-1.694245572092884231e+02 2.803682801305933481e+02 -5.302275195873368929e+00
-1.694513904037880536e+02 2.803436534621022247e+02 -5.300277856619503680e+00
-1.694391749279103578e+02 2.802590240056771336e+02 -5.283680039195981948e+00
-1.688055262942818047e+02 2.792582043640725828e+02 -5.033810230547406839e+00
-1.687694657760861219e+02 2.791449365478446794e+02 -5.009436517730251559e+00
-1.687442183908363518e+02 2.790508057971421181e+02 -4.989192407006664887e+00
-1.687317262674794733e+02 2.789753201983349982e+02 -4.974075035114912779e+00
-1.687397194260980200e+02 2.789321847876083780e+02 -4.966892673756929888e+00
-1.687111520511993490e+02 2.788366803072322000e+02 -4.946539887031583760e+00
-1.687361594390746120e+02 2.788184400644618677e+02 -4.945860988693746130e+00
-1.686039932513204747e+02 2.785974385214144604e+02 -4.891730825950514117e+00
-1.686653492682400781e+02 2.786357541475100561e+02 -4.904439721060323443e+00
-1.686810534592598287e+02 2.786062213011970812e+02 -4.901061876705537834e+00
-1.686853425080963120e+02 2.785597165650899569e+02 -4.893661987904080135e+00
-1.686718363640125062e+02 2.784895439959804548e+02 -4.878813337903923575e+00
-1.686906274708226192e+02 2.784654667046141299e+02 -4.876757866154662224e+00
-1.686995534230372300e+02 2.784271767353700398e+02 -4.870842457368054212e+00
-1.687054710475419199e+02 2.784102953347578477e+02 -4.868019648319123149e+00
-1.687269681958189835e+02 2.783896948534358557e+02 -4.867178262787051679e+00
-1.687459496220876076e+02 2.783666069539346495e+02 -4.865176993667814642e+00
-1.687660975861111297e+02 2.783442874101135089e+02 -4.863228879396267246e+00
-1.687961127399175325e+02 2.783361898501730707e+02 -4.865141214641239387e+00
-1.688147201157074164e+02 2.783111562225074636e+02 -4.862032218723319588e+00
-1.688395008621670570e+02 2.782970324617396045e+02 -4.862568674310476347e+00
-1.688465730983997162e+02 2.782808611720997192e+02 -4.860797553255533643e+00
-1.688723397134189383e+02 2.782665653275889213e+02 -4.860334510455106560e+00
-1.688913196988287666e+02 2.782434699472048010e+02 -4.858332831484863945e+00
-1.689281128560339198e+02 2.782441295490234552e+02 -4.862782850033370963e+00
-1.689656888825499266e+02 2.782435705585845653e+02 -4.867177513206028650e+00
-1.689738250120688861e+02 2.782064656015535888e+02 -4.861315734172041658e+00
-1.690178843936359385e+02 2.782395913279904107e+02 -4.872556952647046913e+00
-1.690219513915191101e+02 2.781972219737668297e+02 -4.865372209220431898e+00
-1.690461678388432745e+02 2.781801659822292550e+02 -4.864747007779305576e+00
-1.690771513219600024e+02 2.781718126219017222e+02 -4.867657870767549078e+00
-1.691069895386962969e+02 2.781627952588849553e+02 -4.868518322590714931e+00
-1.691714978942757170e+02 2.781487056538537672e+02 -4.873503939716164801e+00
-1.695038050359401041e+02 2.780813808188142957e+02 -4.900704546086972258e+00
-1.695700795287178266e+02 2.780658905971913555e+02 -4.906636669132002027e+00
-1.696005073103076199e+02 2.780546509029659887e+02 -4.908387790078316826e+00
-1.696351261784299425e+02 2.780704742132371052e+02 -4.914609255584096559e+00
-1.696628343007579929e+02 2.780556881590065927e+02 -4.916144089976716813e+00
-1.697208131654995782e+02 2.780764674352076327e+02 -4.925888891259850411e+00
-1.697640503359878323e+02 2.780788645010720188e+02 -4.931501569587370959e+00
-1.698185423844304580e+02 2.780921118490617232e+02 -4.940812450747379181e+00
-1.698695415431949129e+02 2.781030891448072566e+02 -4.948963814863127197e+00
-1.699253987376663702e+02 2.781181372742369717e+02 -4.958384053032746763e+00
-1.699703040899117923e+02 2.781450750457325967e+02 -4.968306411243033516e+00
-1.688358180494422243e+02 2.800668206421094055e+02 -5.292921255457862628e+00
-1.688622382032296798e+02 2.800453352241661378e+02 -5.291084960068736187e+00
-1.688844039489285933e+02 2.800176222002554027e+02 -5.287872932135476489e+00
-1.689034969568164115e+02 2.800162802026292184e+02 -5.290017526937077719e+00
-1.689239322824311387e+02 2.799848674948236749e+02 -5.285590500450381590e+00
-1.689623107068591992e+02 2.799831812172283207e+02 -5.289934354096820002e+00
-1.689916271675655821e+02 2.799661629814056027e+02 -5.289366398620865439e+00
-1.690180469611383671e+02 2.799446756932416633e+02 -5.287530000768988714e+00
-1.690502501852211310e+02 2.799320737204025704e+02 -5.289228852716666651e+00
-1.690606337136080128e+02 2.798854805531392458e+02 -5.280888626479152137e+00
-1.690723948522700084e+02 2.798724995487325486e+02 -5.279336171790959931e+00
-1.691192866162315340e+02 2.798832957491201228e+02 -5.286432737665055726e+00
-1.691342965486182095e+02 2.798448627279695415e+02 -5.280575372899058095e+00
-1.691651522094135203e+02 2.798305501086246636e+02 -5.281167957189639495e+00
-1.691741738362887872e+02 2.797821730044532273e+02 -5.272719058033022321e+00
-1.687228205188468166e+02 2.790299348231492331e+02 -5.078989456218467424e+00
-1.687091715671747636e+02 2.789537288659837486e+02 -5.062819951659307094e+00
-1.687722050226506383e+02 2.789637234786219437e+02 -5.072057902144838870e+00
-1.686831468692852525e+02 2.787761805042405854e+02 -5.026171926841977111e+00
-1.686731413300391296e+02 2.787083230844388027e+02 -5.012484657144813838e+00
-1.686658508005976387e+02 2.786439828432729087e+02 -4.999012324564618304e+00
-1.686815549363182924e+02 2.786144509708983037e+02 -4.995634650312918978e+00
-1.686841930523953295e+02 2.785911153437540406e+02 -4.991435110495233474e+00
-1.687057046482022145e+02 2.785705861986848504e+02 -4.989595909056124157e+00
-1.687521664758056943e+02 2.785844421236274684e+02 -4.997850651788907861e+00
-1.687512427282119063e+02 2.785320135216156814e+02 -4.987077763119997620e+00
-1.687557205308398522e+02 2.784864887874420560e+02 -4.979731445763095010e+00
-1.687689055765190460e+02 2.784544507495803032e+02 -4.975192863462131854e+00
-1.688002809555718784e+02 2.784481296844930398e+02 -4.977213580646915325e+00
-1.688005811898322861e+02 2.784232311303430834e+02 -4.972906058746492164e+00
-1.688387316892738284e+02 2.784256522589763563e+02 -4.977463758569927066e+00
-1.688517232957855470e+02 2.783926098937662914e+02 -4.972870510882896333e+00
-1.688788407199019446e+02 2.783800415465659057e+02 -4.973514300792945875e+00
-1.689044067116943495e+02 2.783647064877480943e+02 -4.973995930554047540e+00
-1.689520440862975761e+02 2.783793775427070045e+02 -4.982306032591922396e+00
-1.689667783451285175e+02 2.783500959565312769e+02 -4.977929403840740896e+00
-1.689643677251526697e+02 2.783216943453281260e+02 -4.972406718521407143e+00
-1.690023192442986897e+02 2.783230885702092223e+02 -4.977909399306625460e+00
-1.690278975210402166e+02 2.783078136200472841e+02 -4.977392717421307289e+00
-1.690685707165476686e+02 2.783127596351930038e+02 -4.983111992810137281e+00
-1.690966551539239049e+02 2.782999299157713722e+02 -4.984754121946915362e+00
-1.691082955216145365e+02 2.782651553000430908e+02 -4.979053547649106903e+00
-1.691367644920526629e+02 2.782543220600653626e+02 -4.980804698661517982e+00
-1.691912928385260386e+02 2.782995046397522856e+02 -4.995798808840730132e+00
-1.692695569909711821e+02 2.783515918526198334e+02 -5.014423259389241494e+00
-1.698666196915650914e+02 2.790565747118041031e+02 -5.216273084784132763e+00
-1.699457199010295483e+02 2.791024225010243640e+02 -5.233576571565027535e+00
-1.700048492552646167e+02 2.791238928981152867e+02 -5.245373269723132559e+00
-1.700446318198324320e+02 2.791189204420657006e+02 -5.248557352604377613e+00
-1.700646322082830864e+02 2.790905476877424576e+02 -5.246288303018348032e+00
-1.700912979643401854e+02 2.790968021325217592e+02 -5.250917807403534532e+00
-1.701070469850001530e+02 2.790622151453786159e+02 -5.246272628041261044e+00
-1.701561289342746477e+02 2.790685191720390321e+02 -5.253155662237767309e+00
-1.701679891090218462e+02 2.790296024560714727e+02 -5.248240340974641427e+00
-1.701893490575886005e+02 2.790030014822215776e+02 -5.246079298299830995e+00
-1.700476610222363263e+02 2.786055227390735354e+02 -5.156554591629089579e+00
-1.700494258093398514e+02 2.785564837265224014e+02 -5.147992496076767566e+00
-1.700519470907900654e+02 2.785113785957875052e+02 -5.140646687785550562e+00
-1.700372151515996677e+02 2.784454257284243113e+02 -5.127008698396737785e+00
-1.700062851592145705e+02 2.783852687174867242e+02 -5.112493856744443121e+00
-1.699971638210501510e+02 2.783272951246962066e+02 -5.101339884159380667e+00
-1.700010388965964125e+02 2.782839318383577165e+02 -5.094100681449617696e+00
-1.700243105033667632e+02 2.782619702703991038e+02 -5.093206482137570212e+00
-1.687273095572693933e+02 2.794875038833120016e+02 -5.258285788875039835e+00
-1.687618157964623151e+02 2.794815708125460674e+02 -5.260361065650766221e+00
-1.687683403651969059e+02 2.794625523797149071e+02 -5.257432235565376644e+00
-1.687970416156774434e+02 2.794476306722175991e+02 -5.257969450722351112e+00
-1.688214980928298985e+02 2.794265264479968209e+02 -5.256132040226432878e+00
-1.688459543358684414e+02 2.794054222688766913e+02 -5.254294629565098518e+00
-1.688646044361637735e+02 2.793753209405579696e+02 -5.250918815570591036e+00
-1.689049074187458359e+02 2.793783398909186531e+02 -5.255531269916540182e+00
-1.689349571317580398e+02 2.793651334992063084e+02 -5.257175127924616831e+00
-1.687994444449643652e+02 2.791320171950412146e+02 -5.194358175817574974e+00
-1.687098472528965658e+02 2.789416694641281538e+02 -5.146315206276294241e+00
-1.686820876541640359e+02 2.788450645781927051e+02 -5.123910815064261826e+00
-1.686048231193182403e+02 2.786764610497387480e+02 -5.082154793728738795e+00
-1.686731206571069492e+02 2.787243889015628042e+02 -5.099451310888015954e+00
-1.686557873695769842e+02 2.786449114587903750e+02 -5.081066901857202112e+00
-1.686689767944240543e+02 2.786128948959116656e+02 -5.076529259969040808e+00
-1.686789626681154459e+02 2.786012770926836311e+02 -5.075029363585115583e+00
-1.687043382130560474e+02 2.785849507204066526e+02 -5.075456807455985597e+00
-1.687339708883681055e+02 2.785748698690414358e+02 -5.077260718696624764e+00
-1.687736717896186178e+02 2.785800510996008370e+02 -5.081980577326175030e+00
-1.691160903873982591e+02 2.790097557422699310e+02 -5.207485892475271605e+00
-1.692386067628541184e+02 2.791277215089075980e+02 -5.245083037285694694e+00
-1.692560849234666591e+02 2.790968237778705543e+02 -5.241652412465100497e+00
-1.692767281711437590e+02 2.790982448228036219e+02 -5.243959319270696362e+00
-1.692982726537687768e+02 2.790725994227257161e+02 -5.241850992504014428e+00
-1.693269761208365196e+02 2.790576879626144091e+02 -5.242388652334410537e+00
-1.693473637004670991e+02 2.790313192961004347e+02 -5.239228277611279516e+00
-1.693745152181464846e+02 2.790136422198748960e+02 -5.239603351879347670e+00
-1.693978019889985092e+02 2.789917557097925851e+02 -5.237711898697145152e+00
-1.694058604794099381e+02 2.789754167491770431e+02 -5.235942292771483153e+00
-1.694397990936340079e+02 2.789665391123508016e+02 -5.237856122577325912e+00
-1.694657838753634564e+02 2.789480888695912881e+02 -5.238177786337072206e+00
-1.694875192730680737e+02 2.789234346927713091e+02 -5.236123645791454173e+00
-1.695191237350157394e+02 2.789130147527407075e+02 -5.237930501402281003e+00
-1.695420265131279223e+02 2.788891345685456145e+02 -5.235930180038572246e+00
-1.695653022636597598e+02 2.788671945143980224e+02 -5.235037040011038201e+00
-1.695789797112749966e+02 2.788588821035245928e+02 -5.234752659085208926e+00
-1.696086603692700976e+02 2.788437571783125009e+02 -5.235289680653444577e+00
-1.696303952253601608e+02 2.788191001898887293e+02 -5.233235505450826608e+00
-1.696604489252841859e+02 2.788059182777112710e+02 -5.234880099792787789e+00
-1.696767543691929632e+02 2.787742213711801469e+02 -5.231394748360817637e+00
-1.697000406023079506e+02 2.787523320683121142e+02 -5.229502903410233827e+00
-1.697258337485284301e+02 2.787328868618532738e+02 -5.229770176023415651e+00
-1.697433889470570421e+02 2.787288477276612184e+02 -5.230754334864065491e+00
-1.697811989733727955e+02 2.787242141300478124e+02 -5.234936468643948793e+00
-1.697883981849143993e+02 2.786822460997394160e+02 -5.227806763146203295e+00
-1.698171038892420484e+02 2.786673487753029690e+02 -5.228344834005021369e+00
-1.698361171769837483e+02 2.786391380361924917e+02 -5.226073962066870138e+00
-1.698605607787359872e+02 2.786179718970138310e+02 -5.225234403477823975e+00
-1.698875219229503273e+02 2.785993064091341580e+02 -5.225555326181828164e+00
-1.699012002723947887e+02 2.785909986800852494e+02 -5.225271082375749110e+00
-1.699271853810050459e+02 2.785725551760463645e+02 -5.225592866019207250e+00
-1.699566762045646726e+02 2.785564446382385881e+02 -5.226076008754635183e+00
-1.699747123773507553e+02 2.785284502785793848e+02 -5.223805571330558450e+00
-1.699978062545273758e+02 2.785055622715705113e+02 -5.221859130307906938e+00
-1.700301893927497190e+02 2.784939018599402516e+02 -5.224610567023443508e+00
-1.700466824005002309e+02 2.784631812988298520e+02 -5.221178700816821561e+00
-1.700591927186169698e+02 2.784540987197016193e+02 -5.220840824340880815e+00
-1.700718064637936209e+02 2.784190945117671845e+02 -5.216139736116352843e+00
-1.686294913244053930e+02 2.791224026774701770e+02 -5.246038826497423813e+00
-1.686462530929213983e+02 2.791195298281932082e+02 -5.247076066611692013e+00
-1.686668172649100939e+02 2.790940829577328941e+02 -5.244967915351125498e+00
-1.686989830441920049e+02 2.790865748360818657e+02 -5.246934781945070903e+00
-1.687151211111119267e+02 2.790540003076405924e+02 -5.241398738693494153e+00
-1.687432116553427477e+02 2.790411985125005003e+02 -5.243042286230661375e+00
-1.687639776392154545e+02 2.790167945065873027e+02 -5.239989667664900708e+00
-1.686817942315797723e+02 2.788649622475965089e+02 -5.199058390861090118e+00
-1.686712398479852766e+02 2.787942466421349650e+02 -5.183211921290689972e+00
-1.686647370879643688e+02 2.787287082070096176e+02 -5.169685242049443907e+00
-1.686661539276749124e+02 2.786778565774769731e+02 -5.159020746822523762e+00
-1.686863083794404190e+02 2.786555707164469595e+02 -5.157074119769117004e+00
-1.687116956137090540e+02 2.786393026214330462e+02 -5.156503268402528484e+00
-1.687440367258901404e+02 2.786327097563358279e+02 -5.159521880802281579e+00
-1.687723924468272116e+02 2.786477408465653980e+02 -5.165633714462080306e+00
-1.688865259012530942e+02 2.787591993938603991e+02 -5.202797058270806296e+00
-1.689680036351942078e+02 2.788226928956793245e+02 -5.225062056482336459e+00
-1.690071266617140964e+02 2.788248787575255392e+02 -5.230619292267594034e+00
-1.690445184937138663e+02 2.788233621752465865e+02 -5.234961375639872294e+00
-1.690571486650161432e+02 2.787884395772337029e+02 -5.229263273127690681e+00
-1.690850600915085238e+02 2.787747028756767804e+02 -5.229854237074415657e+00
-1.691000812095587946e+02 2.787680834218682548e+02 -5.230675388152968175e+00
-1.691266333307216598e+02 2.787525787830261379e+02 -5.231158311708888675e+00
-1.691528126608647256e+02 2.787351349555195270e+02 -5.230533986122883228e+00
-1.691791726769982915e+02 2.787186354369067089e+02 -5.230962637238533830e+00
-1.692001164664364694e+02 2.786951607843942043e+02 -5.228962056635291233e+00
-1.692291963565655237e+02 2.786822036986697526e+02 -5.229606909077925359e+00
-1.692528481699439453e+02 2.786622161486882874e+02 -5.228820859199878157e+00
-1.692626348638522984e+02 2.786495666245815528e+02 -5.228265807154231837e+00
-1.692890060829984122e+02 2.786331215976897511e+02 -5.227695958272336796e+00
-1.693111063405370942e+02 2.786103654333148256e+02 -5.226747407873752138e+00
-1.693322420536046877e+02 2.785878847191899581e+02 -5.224801167516530676e+00
-1.693651988662046222e+02 2.785791991301275061e+02 -5.226714456932061381e+00
-1.693902000439439632e+02 2.785609315777554684e+02 -5.227035187024866580e+00
-1.694068825592491976e+02 2.785311898905201815e+02 -5.223657079767342282e+00
-1.694209405762722156e+02 2.785248533803899136e+02 -5.223480712664009040e+00
-1.694554288826673201e+02 2.785188395912589954e+02 -5.227553930528799242e+00
-1.694682443831364367e+02 2.784848792155373189e+02 -5.221908664139290224e+00
-1.694905360960767382e+02 2.784631170797513846e+02 -5.221014453655895338e+00
-1.695219429750954987e+02 2.784516712985614504e+02 -5.222765584596142041e+00
-1.695417177605749544e+02 2.784274142248854105e+02 -5.220710961802863537e+00
-1.695555731191837765e+02 2.784200291944452488e+02 -5.221478754781886167e+00
-1.695842708936181680e+02 2.784050907000620896e+02 -5.222015047608683957e+00
-1.696065631468805179e+02 2.783833313696072764e+02 -5.221120990819416718e+00
-1.696261452162069077e+02 2.783580737215697241e+02 -5.219011669491318450e+00
-1.696484468354894375e+02 2.783363643876867286e+02 -5.217118855885962247e+00
-1.696761591015789747e+02 2.783215998472672368e+02 -5.218654749563095052e+00
-1.697009791997792263e+02 2.783023909842805210e+02 -5.217922417912454591e+00
-1.697109569888745284e+02 2.782907336185420490e+02 -5.217421603319246870e+00
-1.697355853781790529e+02 2.782705268900509168e+02 -5.216634846195871589e+00
-1.697503117531939552e+02 2.782412105647638896e+02 -5.213257316821785281e+00
-1.697854082789623078e+02 2.782330589095034838e+02 -5.216223348609035249e+00
-1.698053636783380398e+02 2.782097432491888185e+02 -5.215221549154117398e+00
-1.698299917795221177e+02 2.781895375460093760e+02 -5.214434842931286340e+00
-1.698522832056344498e+02 2.781677764418078027e+02 -5.213540564311308856e+00
-1.698609105484322583e+02 2.781543934615250464e+02 -5.211932781396122039e+00
-1.698795149598959711e+02 2.781293493750623043e+02 -5.209823978962225155e+00
-1.699118916116688354e+02 2.781176552869135890e+02 -5.212573809422492488e+00
-1.699380624096606596e+02 2.781001758753866397e+02 -5.212948531651374395e+00
-1.699487258437955006e+02 2.780656185804926963e+02 -5.207248324061888312e+00
-1.699853683816905630e+02 2.780602129506764868e+02 -5.211376740791782147e+00
-1.700062991683352038e+02 2.780366744616120513e+02 -5.210374028835202509e+00
-1.685379105369905233e+02 2.786838983840747801e+02 -5.228009151350617500e+00
-1.685648354211836875e+02 2.786703303788052040e+02 -5.228598651068605108e+00
-1.685834493374296130e+02 2.786453294474470113e+02 -5.225491210339994197e+00
-1.686075436235065865e+02 2.786540964498595372e+02 -5.230225551506263670e+00
-1.686263495367686858e+02 2.786300923586940712e+02 -5.227172485349841580e+00
-1.686463109095814161e+02 2.786068040405365309e+02 -5.225171295373119307e+00
-1.686674392857918860e+02 2.785842839753123030e+02 -5.223223498649173457e+00
-1.687017128821427150e+02 2.785824374892997639e+02 -5.226512846891838926e+00
-1.687201234748441152e+02 2.785563833232518505e+02 -5.224349191216994370e+00
-1.687429939090452251e+02 2.785376222119419367e+02 -5.222617910800730456e+00
-1.687626414310952612e+02 2.785391629042461545e+02 -5.225921923350798082e+00
-1.687742882312288089e+02 2.785044229452473701e+02 -5.220223006374219210e+00
-1.687930921620175866e+02 2.784804085615952545e+02 -5.217169495709793381e+00
-1.688242660198918941e+02 2.784730436191945273e+02 -5.220134391224972248e+00
-1.688442258244525647e+02 2.784497458985599678e+02 -5.218132808137036172e+00
-1.688713443292130307e+02 2.784371831620217108e+02 -5.218776905435339231e+00
-1.688881042413565297e+02 2.784343019355794695e+02 -5.219813803338938740e+00
-1.689094124570273436e+02 2.784127205234862004e+02 -5.218918676093809772e+00
-1.689293829242785421e+02 2.783894744892415360e+02 -5.215918439314201294e+00
-1.689479823415730948e+02 2.783644032143868685e+02 -5.213808627484334934e+00
-1.689778100049244927e+02 2.783553322108307952e+02 -5.215667511830126557e+00
-1.689952524678030841e+02 2.783295386622964429e+02 -5.212505465035516039e+00
-1.690328213629737775e+02 2.783289437984152528e+02 -5.217899534126937411e+00
-1.690377625916597140e+02 2.783122825114230636e+02 -5.215077483554708238e+00
-1.690602376500010564e+02 2.782914722991690155e+02 -5.214235783723108142e+00
-1.690763306751319988e+02 2.782639558512200892e+02 -5.209966922631476649e+00
-1.691017064748591849e+02 2.782476333221312643e+02 -5.210394333022764002e+00
-1.691232054975964729e+02 2.782270450937180044e+02 -5.209553494130618745e+00
-1.691580796623258607e+02 2.782230259510913584e+02 -5.212734874875382118e+00
-1.691784110165350796e+02 2.782016647553648454e+02 -5.211840267701871809e+00
-1.691870355830434676e+02 2.781882648403488361e+02 -5.210231801027008558e+00
-1.692166741336812379e+02 2.781782119709112067e+02 -5.212036892428367096e+00
-1.692286847336774258e+02 2.781453683019841492e+02 -5.207443224565568407e+00
-1.692515437860511440e+02 2.781265517701155545e+02 -5.206710273878347728e+00
-1.692848674409584362e+02 2.781197744859848626e+02 -5.209729597948916435e+00
