-1.701405851429640279e+02 2.822952352940377523e+02 -3.883302667817781106e+00
-1.698742534912041151e+02 2.836825632661189616e+02 -4.065908531139420745e+00
-1.698547792047205007e+02 2.835705129308448136e+02 -4.055781208985512976e+00
-1.698257915507700488e+02 2.834831792646310760e+02 -4.047860870438398706e+00
-1.698140213438023238e+02 2.833900364224058421e+02 -4.038813150860668166e+00
-1.697991432345887119e+02 2.832913138255867125e+02 -4.030439762999465714e+00
-1.697933560960748309e+02 2.832081158427959053e+02 -4.022981728003108159e+00
-1.697805896756266577e+02 2.831150900252920906e+02 -4.014931645172701735e+00
-1.697819380389004493e+02 2.830478406134940883e+02 -4.008390865103282685e+00
-1.697964319740019050e+02 2.830013182393849434e+02 -4.005085432685524083e+00
-1.697997192169104892e+02 2.829706940452939534e+02 -4.002501698459930424e+00
-1.698132343394769634e+02 2.829243780344684751e+02 -3.999196983295184360e+00
-1.698323682680141644e+02 2.828861108472997898e+02 -3.996376258209697774e+00
-1.698487862587611801e+02 2.828443079607988011e+02 -3.993340412248966409e+00
-1.698667512263782839e+02 2.828052567443904763e+02 -3.990466115561420501e+00
-1.698963277530716596e+02 2.827842458603379896e+02 -3.989667615283420510e+00
-1.699104093678877234e+02 2.827408804382843073e+02 -3.986524904537918523e+00
-1.699245178506363914e+02 2.827294897697564693e+02 -3.986071797133132311e+00
-1.699542836980203049e+02 2.827094674961392684e+02 -3.985327512741326572e+00
-1.699708885323875904e+02 2.826686352602417287e+02 -3.982345115095956345e+00
-1.699979378487317945e+02 2.826450754618266501e+02 -3.981385607102316815e+00
-1.700333247122273406e+02 2.826331122589473352e+02 -3.981125788502711593e+00
-1.700603749648376208e+02 2.826095522791410986e+02 -3.980166310273560715e+00
-1.700943936526208233e+02 2.825957712555482431e+02 -3.980797606211123441e+00
-1.701143148459268275e+02 2.825934355739963166e+02 -3.980883516993421800e+00
-1.701456286386284376e+02 2.825761725436326515e+02 -3.980301163013962196e+00
-1.701783008762521945e+02 2.825606792100895177e+02 -3.979826487077570363e+00
-1.702305364666639491e+02 2.825728212153075560e+02 -3.983018644216520077e+00
-1.702573962820069653e+02 2.825482718673068803e+02 -3.982004943371738825e+00
-1.701786697183020181e+02 2.823716116973890280e+02 -3.963843249460420992e+00
-1.703334410177555753e+02 2.825624138228376410e+02 -3.985552487657581189e+00
-1.703546885397719279e+02 2.825298508067539274e+02 -3.983055478506538627e+00
-1.704026632462620796e+02 2.825357147552065271e+02 -3.985871374967850045e+00
-1.704518175966680076e+02 2.825424145518884984e+02 -3.987742270782342224e+00
-1.705077537562237637e+02 2.825579187295862766e+02 -3.991150361400809032e+00
-1.705722230009538123e+02 2.825860379673949296e+02 -3.995313673556222245e+00
-1.706599561677672909e+02 2.826451547172326286e+02 -4.003359737386960049e+00
-1.706959824108678845e+02 2.826630482240901756e+02 -4.005683388182704974e+00
-1.698542169036774396e+02 2.839124319208116844e+02 -4.158955553197516863e+00
-1.698492728295645691e+02 2.838230159646814741e+02 -4.150175500019768648e+00
-1.697354714410996621e+02 2.831347304327842949e+02 -4.083593301521054819e+00
-1.697310284085864680e+02 2.829842595996026375e+02 -4.069593455343277988e+00
-1.697186360513339594e+02 2.828931808349416315e+02 -4.061650473158493035e+00
-1.697004510539906335e+02 2.827931490314680332e+02 -4.051171210678679913e+00
-1.697052571097063094e+02 2.827333000609752389e+02 -4.046059364293502547e+00
-1.696851300457390721e+02 2.826655943330706577e+02 -4.039269361964783478e+00
-1.696856701173830970e+02 2.825994382125841753e+02 -4.033779885856549896e+00
-1.696819555675165816e+02 2.825270353585836460e+02 -4.026914655154983258e+00
-1.697105486815367215e+02 2.825062094068669012e+02 -4.026115899100561890e+00
-1.697217288018657086e+02 2.824583417786973882e+02 -4.021703888686291251e+00
-1.697406272900165902e+02 2.824241541215533289e+02 -4.020098007131029938e+00
-1.697450495487685771e+02 2.823994404208179958e+02 -4.017838631696578844e+00
-1.697647437364350083e+02 2.823640900925814776e+02 -4.015178389327213715e+00
-1.697882849671262875e+02 2.823381706766642196e+02 -4.014057815145950059e+00
-1.698170668463282311e+02 2.823183266485372087e+02 -4.013313019600204257e+00
-1.698444908192690548e+02 2.822967157292186471e+02 -4.012460700099243383e+00
-1.698819906842053911e+02 2.822904548782637448e+02 -4.012524375671221222e+00
-1.699094146571462147e+02 2.822688439589451832e+02 -4.011672056170259459e+00
-1.699155630527305902e+02 2.822478176465247088e+02 -4.010627026303649423e+00
-1.699445346825611125e+02 2.822289669971530657e+02 -4.009936658815873578e+00
-1.699719584756454651e+02 2.822073551410485948e+02 -4.009084317711362644e+00
-1.700022886595752425e+02 2.821902722281706701e+02 -4.008501525544129862e+00
-1.700539223754744853e+02 2.822045826231151864e+02 -4.011802128949650381e+00
-1.700629489179548557e+02 2.821561083611652521e+02 -4.007336073691257994e+00
-1.700932798200992693e+02 2.821390291891258357e+02 -4.006753486974495182e+00
-1.701149278687550748e+02 2.821403846383036012e+02 -4.008053919016036026e+00
-1.701533975880879836e+02 2.821338720600589340e+02 -4.009115838883978711e+00
-1.701796546303931450e+02 2.821114864217959166e+02 -4.008210401890351271e+00
-1.702194938532961430e+02 2.821068011094211556e+02 -4.008381661326454015e+00
-1.702597048996603633e+02 2.821040550078200226e+02 -4.009660591073120450e+00
-1.702925527043563818e+02 2.820894786788487067e+02 -4.010237862733445624e+00
-1.703296671406593532e+02 2.820812103435969220e+02 -4.011192845241222216e+00
-1.703734240681652352e+02 2.821128479425137812e+02 -4.015324541802652192e+00
-1.704169506455577618e+02 2.821114560039604271e+02 -4.016709590757577608e+00
-1.704649254603166355e+02 2.821173179873574668e+02 -4.019525473773568613e+00
-1.705154379667624767e+02 2.821257885051888934e+02 -4.021504113870570052e+00
-1.706060724649029510e+02 2.821894104047850647e+02 -4.030819571935727375e+00
-1.706315716072753617e+02 2.821630772261493689e+02 -4.029697720202007893e+00
-1.698271154525791360e+02 2.840153106252181487e+02 -4.238212154295329270e+00
-1.696702159402304915e+02 2.831290532898321430e+02 -4.147702432864261546e+00
-1.696651972205764878e+02 2.830498576053177544e+02 -4.139462424201973967e+00
-1.696978701782317103e+02 2.830343680220706801e+02 -4.138987775161643512e+00
-1.695787728532083634e+02 2.823980664302303580e+02 -4.074102002219720298e+00
-1.695754342341160736e+02 2.823276228853748080e+02 -4.067344376200217937e+00
-1.695709265288357699e+02 2.822563933943303596e+02 -4.060533105613846061e+00
-1.695857582631923890e+02 2.822169362527900489e+02 -4.057605143401773695e+00
-1.696207283161984378e+02 2.822081066146321291e+02 -4.057506896324796664e+00
-1.696352124790340952e+02 2.821986714205625617e+02 -4.057161262551985281e+00
-1.696674578003314480e+02 2.821862577809405366e+02 -4.057846657426352976e+00
-1.696853842773222141e+02 2.821523106175367843e+02 -4.055242123537194487e+00
-1.697170677673748855e+02 2.821369731649023151e+02 -4.054765882295744639e+00
-1.697479657020952857e+02 2.821228473959330358e+02 -4.054345290411204061e+00
-1.697900866766513559e+02 2.821247434354745565e+02 -4.056891125997042380e+00
-1.698096625829863342e+02 2.841525322023517219e+02 -4.330400159373441582e+00
-1.696483957603880697e+02 2.831268110818115815e+02 -4.219459129596163649e+00
-1.696638789737257014e+02 2.830801380895788384e+02 -4.215154508964825908e+00
-1.695496997330346289e+02 2.823739605508860677e+02 -4.139620887655831361e+00
-1.695411533541438018e+02 2.823294414086914230e+02 -4.135178264825495553e+00
-1.695316318171672663e+02 2.822480120837611253e+02 -4.126774397692367202e+00
-1.705886096846614635e+02 2.826555153851653586e+02 -4.212460505320943405e+00
-1.706796111240132063e+02 2.827210434792891078e+02 -4.222882103844798785e+00
-1.706781970279425309e+02 2.826553193274054365e+02 -4.216394153562238678e+00
-1.707097331158441023e+02 2.826339108591665195e+02 -4.215595055454205209e+00
-1.708513328555269482e+02 2.827667202166445009e+02 -4.235104954201867500e+00
-1.705406473081634999e+02 2.819494279375336987e+02 -4.141650134861593280e+00
-1.705601219634029917e+02 2.819182399661247018e+02 -4.139207650422408236e+00
-1.705703417739379120e+02 2.819025099146479647e+02 -4.138485054636500848e+00
-1.698274045005231585e+02 2.842980092341674663e+02 -4.413379110046435905e+00
-1.696361441867477993e+02 2.832115488549481483e+02 -4.289900367264607439e+00
-1.696489314498778924e+02 2.831243048953932089e+02 -4.281422195343355774e+00
-1.696920465380104304e+02 2.831260717083223426e+02 -4.282969711589665884e+00
-1.695425380871646155e+02 2.824321588050588616e+02 -4.203705788959176459e+00
-1.695450118903530381e+02 2.823707712746607967e+02 -4.197487187848064849e+00
-1.695345255286020176e+02 2.822896198739239821e+02 -4.188086306258781200e+00
-1.695387333483794521e+02 2.822319594790720316e+02 -4.182082885147567097e+00
-1.705408369784066167e+02 2.827462073966428306e+02 -4.281840042765535870e+00
-1.705837899573531331e+02 2.827418278867022536e+02 -4.284062332560697683e+00
-1.706044701589711110e+02 2.827063124973942649e+02 -4.281403290660136918e+00
-1.705777363514084755e+02 2.819410367099354175e+02 -4.201683493766992683e+00
-1.705927523199739824e+02 2.819025429502681277e+02 -4.198808792155578118e+00
-1.706227049004384071e+02 2.818834932804879827e+02 -4.198118192717464225e+00
-1.697421248705395271e+02 2.842729115442932084e+02 -4.495281118460064285e+00
-1.696160293681724340e+02 2.831014742375694482e+02 -4.357984109359058777e+00
-1.696427136343507414e+02 2.830760117717305206e+02 -4.355918458050489050e+00
-1.696504553221454046e+02 2.830526738014284547e+02 -4.353766145090596673e+00
-1.694810880134183719e+02 2.823242842293844888e+02 -4.264462520584299199e+00
-1.694806645633020139e+02 2.822584140541874831e+02 -4.256975475229082484e+00
-1.694802285623086675e+02 2.821924798021221932e+02 -4.250486527845369622e+00
-1.696604882688624230e+02 2.822242579686346744e+02 -4.262071184918150735e+00
-1.696505898871656370e+02 2.821780013888687222e+02 -4.256521426612135173e+00
-1.697386284528007820e+02 2.821272907852787739e+02 -4.255772360435687851e+00
-1.704836036301655326e+02 2.825966376782035354e+02 -4.344448151255130952e+00
-1.704992294167958278e+02 2.825560118450264895e+02 -4.341466575018156249e+00
-1.705640696604720006e+02 2.818592490531964927e+02 -4.269329147769968635e+00
-1.705765571992506864e+02 2.818181949697428763e+02 -4.266292956012732063e+00
-1.706055314520095862e+02 2.817993554529793983e+02 -4.265603204879075072e+00
-1.706354824859592156e+02 2.817803002571200750e+02 -4.264912386539750244e+00
-1.698823806413209923e+02 2.848337369658912053e+02 -4.629527293341817895e+00
-1.697878631179625586e+02 2.845642197382039740e+02 -4.593267977677006009e+00
-1.698223514949524429e+02 2.845422696849610702e+02 -4.592469815429410573e+00
-1.698140133900947717e+02 2.844404802782771071e+02 -4.579995128067904986e+00
-1.698029585045699719e+02 2.843351495176254389e+02 -4.567304981897739147e+00
-1.697825720796991220e+02 2.842554837467642983e+02 -4.556874406931195054e+00
-1.696279908294827976e+02 2.831584844612503389e+02 -4.421206864584082297e+00
-1.696575706616980028e+02 2.831374933230584361e+02 -4.420409130448121893e+00
-1.696792337935821990e+02 2.831017892242919061e+02 -4.417749975199993351e+00
-1.694888129113751347e+02 2.823433094030483517e+02 -4.320627532092847112e+00
-1.694648298675198248e+02 2.822714332159154651e+02 -4.310572775870564755e+00
-1.694721340471255360e+02 2.822192912223919166e+02 -4.304893126309548457e+00
-1.694711117210773068e+02 2.821556063195891966e+02 -4.297515377348990029e+00
-1.695005901722088311e+02 2.820757283377183740e+02 -4.290605383580571086e+00
-1.695999520031184602e+02 2.821688869954062397e+02 -4.306581660454536831e+00
-1.696681919842903312e+02 2.822113417646226594e+02 -4.314547157251501730e+00
-1.696913839561927659e+02 2.822154329790242286e+02 -4.316008384438004164e+00
-1.696932538532216199e+02 2.821562045209642520e+02 -4.309897909399875715e+00
-1.697527899779296092e+02 2.821851534689317305e+02 -4.316057437142564623e+00
-1.698134958360581095e+02 2.822148892052376823e+02 -4.322270720335587235e+00
-1.698310426098310018e+02 2.821789630838289895e+02 -4.319557681703808605e+00
-1.698960051898281733e+02 2.822149577579043580e+02 -4.327147357443765330e+00
-1.699286951423586913e+02 2.822313890053359273e+02 -4.330360944949443791e+00
-1.699646376196151039e+02 2.822223197605410405e+02 -4.331261461088472764e+00
-1.700220629683569200e+02 2.822455804770004306e+02 -4.337098220457527020e+00
-1.700622616288210622e+02 2.822427673643460366e+02 -4.339374975055638295e+00
-1.700953098515047657e+02 2.822292323582082076e+02 -4.339007882199116040e+00
-1.701298962890187738e+02 2.822184084730070595e+02 -4.339801482576108427e+00
-1.701557733936610362e+02 2.821940439201165987e+02 -4.338787570597573584e+00
-1.701909841303639439e+02 2.822129956991494169e+02 -4.343161813818372075e+00
-1.702085410250046777e+02 2.821771273203000874e+02 -4.339450555742535798e+00
-1.702346083485599593e+02 2.821537560562574640e+02 -4.338491071824680745e+00
-1.702508064773662682e+02 2.821161112511527449e+02 -4.334671835691011665e+00
-1.702919853317518744e+02 2.821131002346906484e+02 -4.336948379936913511e+00
-1.703316160621745325e+02 2.821073290444941790e+02 -4.339062853130648989e+00
-1.703799698070452564e+02 2.821151672236447325e+02 -4.341987116559121063e+00
-1.704024071834769813e+02 2.821153306380173262e+02 -4.343232799304309388e+00
-1.704408721318708899e+02 2.821087932403993364e+02 -4.345294527989020494e+00
-1.704665693186271938e+02 2.820834940795824650e+02 -4.343227960350231065e+00
-1.705226758439239632e+02 2.820998856717943681e+02 -4.348687639849009301e+00
-1.705375149879359640e+02 2.820604683579352354e+02 -4.344760690620692145e+00
-1.705889859313258796e+02 2.820686277105843942e+02 -4.348735781004265277e+00
-1.706515084793330175e+02 2.820919133880279333e+02 -4.354626324288224382e+00
-1.706508814140402706e+02 2.820621207875029768e+02 -4.351044994992561143e+00
-1.705776936169530984e+02 2.819090060306898522e+02 -4.330181095755663456e+00
-1.705942593657790951e+02 2.818732760136618936e+02 -4.327468521856965289e+00
-1.706162592867936212e+02 2.818446344151920471e+02 -4.325186995194175488e+00
-1.706312734589140803e+02 2.818061312986995972e+02 -4.322311869233789849e+00
-1.706559798923557594e+02 2.817809801309803674e+02 -4.321244320835773145e+00
-1.698849135502759964e+02 2.849052974913943217e+02 -4.725467917480449032e+00
-1.698318110045626099e+02 2.847560149067858219e+02 -4.704005869768561610e+00
-1.698059685515070782e+02 2.846160976118446797e+02 -4.685327297438580452e+00
-1.697808700089583454e+02 2.844800562876970957e+02 -4.667863035232732827e+00
-1.697470772861474302e+02 2.843305582463569863e+02 -4.647594062753635846e+00
-1.697260124253923550e+02 2.842049161234975259e+02 -4.630721901431080312e+00
-1.697074291404229314e+02 2.840868948467698374e+02 -4.615279908532960107e+00
-1.696886522389920628e+02 2.839678663784532660e+02 -4.599782895685243567e+00
-1.696468359205802017e+02 2.838508458141587880e+02 -4.583149023635705532e+00
-1.696290014975186864e+02 2.837367262675363122e+02 -4.567921494130365190e+00
-1.696134599921185213e+02 2.836292436720952423e+02 -4.554070278131735705e+00
-1.695903803576946984e+02 2.835090224429899877e+02 -4.538465888949115623e+00
-1.695711403296771209e+02 2.833981908634284537e+02 -4.524399354388163985e+00
-1.695675368356838817e+02 2.833157572913441413e+02 -4.513999750200979655e+00
-1.695550488879268016e+02 2.832188746933827588e+02 -4.500741059041128977e+00
-1.695241750154309557e+02 2.831270210232567592e+02 -4.488556472036154155e+00
-1.695232412688527290e+02 2.830531883938520537e+02 -4.479640923814559805e+00
-1.695068632123012549e+02 2.829519589304765645e+02 -4.466112348252183395e+00
-1.694968510363904954e+02 2.828626682131867369e+02 -4.454282590383090934e+00
-1.694893134539742050e+02 2.827809632692691935e+02 -4.444882453078532691e+00
-1.694709724370007109e+02 2.826801174786698425e+02 -4.431354047132145979e+00
-1.694781331974087948e+02 2.826219226556926856e+02 -4.424351312834029493e+00
-1.694503123438950638e+02 2.825406661774174495e+02 -4.412759096579981666e+00
-1.694452640359533575e+02 2.824666208837720092e+02 -4.403790059564638426e+00
-1.694309475092498758e+02 2.823761289793491756e+02 -4.391852641651495581e+00
-1.694241556095473982e+02 2.822983079421424577e+02 -4.382666170405748574e+00
-1.699283196768144251e+02 2.817466602177684081e+02 -4.345838420632421872e+00
-1.699377606798632030e+02 2.817321769660937321e+02 -4.344172051821038494e+00
-1.700076817901568802e+02 2.817144213394740859e+02 -4.345973380902811378e+00
-1.703324857882111871e+02 2.816715348923205511e+02 -4.361144553676056468e+00
-1.703914964396239498e+02 2.816924461608412571e+02 -4.366873357760433727e+00
-1.704233654146343895e+02 2.816780723123607117e+02 -4.367451275143173106e+00
-1.704337843853729737e+02 2.816633770325212822e+02 -4.365784044579301693e+00
-1.704695279514475033e+02 2.816532768421063793e+02 -4.367629490221258237e+00
-1.705149753051700259e+02 2.816565860764541753e+02 -4.370284234471520257e+00
-1.705600424709966205e+02 2.816579125638522214e+02 -4.372830328048182835e+00
-1.705998653948169590e+02 2.816531449466571644e+02 -4.374999853809524275e+00
-1.706431928117030168e+02 2.816507182348902916e+02 -4.377329567301482705e+00
-1.698810047298686925e+02 2.850228789436776538e+02 -4.816762462531446687e+00
-1.698332205945812348e+02 2.848376378932767352e+02 -4.790451849748690982e+00
-1.698010256009587806e+02 2.846858525686456574e+02 -4.769076661771395997e+00
-1.697571599444685830e+02 2.845581566518475256e+02 -4.749853431375886004e+00
-1.697336181253681104e+02 2.844249189973854754e+02 -4.731552131309392450e+00
-1.697079276891786606e+02 2.842910980183916081e+02 -4.713197713358105112e+00
-1.696887889158676046e+02 2.841701847013167708e+02 -4.696595443806629078e+00
-1.696671222511279211e+02 2.840467138645083196e+02 -4.679831867956252722e+00
-1.696464011189866596e+02 2.839281678574153602e+02 -4.663338470058337570e+00
-1.696287597725143996e+02 2.838150526904477147e+02 -4.648165925451013258e+00
-1.695838577941176766e+02 2.836925694250313086e+02 -4.630209810892067068e+00
-1.695702528955428932e+02 2.835898703956429472e+02 -4.615630053619891981e+00
-1.695658958694297382e+02 2.835035107685451976e+02 -4.605014829166286461e+00
-1.695470464237243391e+02 2.833947147808285081e+02 -4.590058409510429094e+00
-1.695357286394772132e+02 2.832986237403138148e+02 -4.576853671093152442e+00
-1.695099078998628670e+02 2.831800377000598701e+02 -4.560306024589982243e+00
-1.694852229745799264e+02 2.830992011837307132e+02 -4.548768080624846277e+00
-1.694732893280597636e+02 2.830052069720327381e+02 -4.536669520183307824e+00
-1.694619330536404789e+02 2.829142199868870762e+02 -4.523734499925817332e+00
-1.694480396264980300e+02 2.828206272745122192e+02 -4.511636846916099230e+00
-1.694445836581069500e+02 2.827442666255240624e+02 -4.501560351114719083e+00
-1.694279801966295054e+02 2.826471676674370883e+02 -4.488247965709295073e+00
-1.694177429197059155e+02 2.825620103028658718e+02 -4.476634611601788549e+00
-1.694069140166616307e+02 2.825109070496560548e+02 -4.469817228773441009e+00
-1.693966727173641971e+02 2.824257262054788953e+02 -4.458202769157618484e+00
-1.693885361798866143e+02 2.823462060916349401e+02 -4.447910940953757830e+00
-1.693842439742214196e+02 2.822760989752319460e+02 -4.439158013365810618e+00
-1.693867256031835495e+02 2.822147521753810793e+02 -4.431940238529880283e+00
-1.693777959642751512e+02 2.821364044411773193e+02 -4.421702378598086902e+00
-1.693794735247457766e+02 2.820443405561287591e+02 -4.409850886209770060e+00
-1.693859863444743041e+02 2.819933812776577042e+02 -4.404225710390120341e+00
-1.694242268169694796e+02 2.819909766650339407e+02 -4.405502676992113287e+00
-1.694436971620127395e+02 2.819597662438649195e+02 -4.403059049127315383e+00
-1.694619999834735893e+02 2.819277792798620794e+02 -4.400562171284193802e+00
-1.694816699185071514e+02 2.818976083978622000e+02 -4.397174135692740293e+00
-1.695125512256909133e+02 2.818833960541583679e+02 -4.397750557873581378e+00
-1.695351446273914462e+02 2.818896753978419270e+02 -4.399321116504967044e+00
-1.695646687465287243e+02 2.818736999037850524e+02 -4.399790220181061251e+00
-1.695899495378540394e+02 2.818515352050386582e+02 -4.397885141513066642e+00
-1.696167687071697685e+02 2.818320786835863032e+02 -4.397140661512933590e+00
-1.696507475215775287e+02 2.818233932464287363e+02 -4.398041347263887069e+00
-1.696849074021752983e+02 2.818156509271443042e+02 -4.399995091417805426e+00
-1.697099981535356221e+02 2.817924938716071210e+02 -4.398035695569884496e+00
-1.697364673709943190e+02 2.818030456652717248e+02 -4.400873790624136639e+00
-1.697642634470714711e+02 2.817833753832491084e+02 -4.400128286624081397e+00
-1.697883668584535144e+02 2.817603840992503024e+02 -4.399168707352254515e+00
-1.698250540900021122e+02 2.817551964846130659e+02 -4.401283782271629974e+00
-1.698545901655556349e+02 2.817392832356538293e+02 -4.400754804285902821e+00
-1.698856653925083720e+02 2.817260809278163833e+02 -4.401386519539109088e+00
-1.699245084023851575e+02 2.817215126425275002e+02 -4.402555371083932911e+00
-1.699422696858119650e+02 2.817185361123479765e+02 -4.403586502454992058e+00
-1.699840109010475828e+02 2.817184541661665662e+02 -4.406024033454812638e+00
-1.700234181482571785e+02 2.817168247550330307e+02 -4.408355194119280895e+00
-1.700608955349734686e+02 2.817104468861023747e+02 -4.410415622470249986e+00
-1.700917924612344336e+02 2.816963183935303618e+02 -4.409995025290486481e+00
-1.701310111764960595e+02 2.816937070091245801e+02 -4.412272314724838829e+00
-1.701534442412175281e+02 2.816938479658557526e+02 -4.413517002839754788e+00
-1.701870492255120269e+02 2.816832154253847307e+02 -4.414310692103178724e+00
-1.702260788695591032e+02 2.816796192589252428e+02 -4.416534015737697771e+00
-1.702633691625735537e+02 2.816722669078570220e+02 -4.418540805205079636e+00
-1.703047351816431672e+02 2.816702332722214237e+02 -4.420871082901574489e+00
-1.703395104386247283e+02 2.816603903288703918e+02 -4.421718622185048631e+00
-1.703764304856630645e+02 2.816511120413546223e+02 -4.422618430654021715e+00
-1.704087396815889690e+02 2.816655601388549712e+02 -4.426724303414734329e+00
-1.704268491347017402e+02 2.816325698045517925e+02 -4.424172789624183366e+00
-1.704724761181849999e+02 2.816368146750955930e+02 -4.427880181376471214e+00
-1.706611792727257466e+02 2.817072879224530197e+02 -4.448600803856785468e+00
-1.697584676582698648e+02 2.845331467746462977e+02 -4.823654610110730268e+00
-1.693293517042594090e+02 2.819265050036029265e+02 -4.454178286889984406e+00
-1.694048853464620947e+02 2.819857296816944654e+02 -4.466110518587796285e+00
-1.694166516507031020e+02 2.819727475192469797e+02 -4.465549177348755450e+00
-1.694260674482434865e+02 2.819262994071379467e+02 -4.460192723371994461e+00
-1.694894319957446953e+02 2.819645785202266666e+02 -4.468888341487380345e+00
-1.694783570187601072e+02 2.818856657746218275e+02 -4.457597284591551912e+00
-1.694413571108499070e+02 2.817672038526627034e+02 -4.439940782987154222e+00
-1.695076191467065314e+02 2.818099655703254030e+02 -4.449904756070795386e+00
-1.695373323358471396e+02 2.817949748520171624e+02 -4.450427944582994400e+00
-1.695551003662116329e+02 2.817920334332457628e+02 -4.450459742848871691e+00
-1.695879109934109010e+02 2.817825667322525192e+02 -4.451306921809769612e+00
-1.696093074246869605e+02 2.817560851105630491e+02 -4.449133304752323603e+00
-1.696448239540646341e+02 2.817501031328501426e+02 -4.451194272841272337e+00
-1.696660295179839295e+02 2.817226273738581313e+02 -4.448966235875955633e+00
-1.696967203169182881e+02 2.817074227632709267e+02 -4.449488340874160563e+00
-1.697231893548232904e+02 2.817179736217258892e+02 -4.452326384565795436e+00
-1.697625910322358038e+02 2.817163152001784852e+02 -4.454656310097941940e+00
-1.697828203530197584e+02 2.816890579227586500e+02 -4.452429553944281082e+00
-1.698108058588131826e+02 2.816703742900564293e+02 -4.451738177987429879e+00
-1.698575621650431060e+02 2.816804987368383877e+02 -4.455768426999783038e+00
-1.698826415684190749e+02 2.816572851342162949e+02 -4.454807480504813455e+00
-1.699400544918545961e+02 2.816804836923329844e+02 -4.461642381051115436e+00
-1.699691521432404784e+02 2.816357578557943384e+02 -4.457585842277317134e+00
-1.700041019994523026e+02 2.816268243470068455e+02 -4.459484888500210964e+00
-1.700406109297035187e+02 2.816207105444824492e+02 -4.460547710504751961e+00
-1.700759438866815856e+02 2.816137698964408855e+02 -4.462555853359183367e+00
-1.701644152096644689e+02 2.815918486871278787e+02 -4.465333778116231223e+00
-1.702088680770348503e+02 2.815952814130028514e+02 -4.468986325220906330e+00
-1.702544899583998586e+02 2.815994971800727740e+02 -4.472692541361718455e+00
-1.702879041469253423e+02 2.815878734041405664e+02 -4.473431845766141279e+00
-1.703346956531393346e+02 2.815928779230283112e+02 -4.477191860561675618e+00
-1.703776028011208439e+02 2.815935655284305881e+02 -4.480683158413350853e+00
-1.703918354691194281e+02 2.815562951662567457e+02 -4.476863816337977475e+00
-1.704348146059311659e+02 2.815838842126352688e+02 -4.482776396750341341e+00
-1.704949869869510621e+02 2.816055406116189488e+02 -4.489557929851912377e+00
-1.705225983023127299e+02 2.815849079988789754e+02 -4.488759573718568596e+00
-1.705624199692574336e+02 2.815801338352164294e+02 -4.490928739941588255e+00
-1.706264731953548051e+02 2.816060888795086044e+02 -4.498979069064903413e+00
-1.706672737993453950e+02 2.816011102655709237e+02 -4.501147665397391862e+00
-1.707055487775452036e+02 2.815935834035460630e+02 -4.503155290505455710e+00
-1.699183720758013294e+02 2.853077284013699568e+02 -5.022479716844287623e+00
-1.698860518528206285e+02 2.851499862237987486e+02 -4.998784854412126499e+00
-1.699221250502258442e+02 2.851256829462824385e+02 -4.997878352876329977e+00
-1.699296749542172620e+02 2.850482967671081269e+02 -4.986858620686861698e+00
-1.697558709601512703e+02 2.846204283132692581e+02 -4.917367419796264016e+00
-1.697437159054498466e+02 2.845093672039218973e+02 -4.901358295432991063e+00
-1.697067926015105286e+02 2.843966125711033328e+02 -4.882997404174271416e+00
-1.696840157874794386e+02 2.842673594341125636e+02 -4.863913377745127775e+00
-1.696540913569659210e+02 2.841274003629185927e+02 -4.842186079433809631e+00
-1.696307088949187687e+02 2.840002959612774021e+02 -4.823209703367417944e+00
-1.696049880985468121e+02 2.838716226172061283e+02 -4.804126013696664366e+00
-1.695873665339616423e+02 2.837586104243071077e+02 -4.786956243461768956e+00
-1.695610401599501813e+02 2.836320887111217530e+02 -4.767980358238909311e+00
-1.695336996547177364e+02 2.835427237490204107e+02 -4.753960663082100524e+00
-1.695108301296655782e+02 2.834235968193524400e+02 -4.736413433128200623e+00
-1.694947040872054913e+02 2.833183753847909543e+02 -4.720672976933807163e+00
-1.694918702697047763e+02 2.832399506613910489e+02 -4.709491684221344343e+00
-1.694701200314847256e+02 2.831266523303329450e+02 -4.693266009539386552e+00
-1.694657333088151177e+02 2.830454450591597038e+02 -4.681921770178044895e+00
-1.694482106187803652e+02 2.829435569517246449e+02 -4.666343421776734779e+00
-1.694167559822738554e+02 2.828539840944907269e+02 -4.652270435118417424e+00
-1.694088710281926069e+02 2.827704672372000232e+02 -4.639766588508436485e+00
-1.693978885832809738e+02 2.826814273522152803e+02 -4.626938624256610844e+00
-1.693878440250505264e+02 2.825972725031847403e+02 -4.615380033285614303e+00
-1.693789735565752892e+02 2.825139283668813164e+02 -4.602875426861415598e+00
-1.693731851018175689e+02 2.824360292045178653e+02 -4.591692146573676858e+00
-1.693685258141880468e+02 2.823640101025145555e+02 -4.581832770356746742e+00
-1.693486188409185047e+02 2.822974506318388990e+02 -4.572101280606135632e+00
-1.693629021229048135e+02 2.822551355378187736e+02 -4.567013627516550933e+00
-1.693672518557688988e+02 2.820708861947200035e+02 -4.542312883091247144e+00
-1.693704998012645149e+02 2.820135294786445002e+02 -4.534312690069726592e+00
-1.693915332463397192e+02 2.820169883125640240e+02 -4.536719481070918825e+00
-1.694255114517099514e+02 2.820082971742411928e+02 -4.537619858648877624e+00
-1.694608470956624728e+02 2.820013730201698650e+02 -4.538627700661206354e+00
-1.694617576033903674e+02 2.819424520314073561e+02 -4.530520569884683546e+00
-1.695075186492537114e+02 2.819526972027362604e+02 -4.535548586698515017e+00
-1.695064978606646378e+02 2.818890202776520368e+02 -4.527170253189416016e+00
-1.695133966464763091e+02 2.818400712828017163e+02 -4.520654043558091750e+00
-1.695499178418868382e+02 2.818658486483296883e+02 -4.526404416045198609e+00
-1.695682188120113096e+02 2.818338533060888267e+02 -4.523907194973437740e+00
-1.695991108181301001e+02 2.818196966578626075e+02 -4.523485235472270993e+00
-1.696373435355309596e+02 2.818172542118043111e+02 -4.525761500125154768e+00
-1.696753865174855491e+02 2.818138222595379148e+02 -4.527983601684610449e+00
-1.697025874754977508e+02 2.817963530293748136e+02 -4.527347969657093074e+00
-1.697265000201286398e+02 2.817723676112259454e+02 -4.526333910959259299e+00
-1.697481426791466106e+02 2.817736949883519628e+02 -4.527633099712959464e+00
-1.697875456146459499e+02 2.817720431195770630e+02 -4.529963265747156242e+00
-1.698160947481290748e+02 2.817562926567123895e+02 -4.530433950255090991e+00
-1.698355721986117430e+02 2.817251192142181822e+02 -4.526991151528482860e+00
-1.698765150747070720e+02 2.817261849260924578e+02 -4.530482310819088809e+00
-1.698975308491971816e+02 2.816977206442081751e+02 -4.528200102603469723e+00
-1.699477818467204600e+02 2.817101349738363183e+02 -4.533389237359670254e+00
-1.699711669110000969e+02 2.817152344435925215e+02 -4.534905654890594384e+00
-1.699964385095906039e+02 2.816930244234293923e+02 -4.533999582408823059e+00
-1.700339151786978675e+02 2.816866428168127072e+02 -4.536059745791185982e+00
-1.700717742995220760e+02 2.816822532193347115e+02 -4.538229073476031772e+00
-1.701106105618555659e+02 2.816776498194851683e+02 -4.540397317644172759e+00
-1.701401496910325193e+02 2.816617524753949056e+02 -4.539869093786668586e+00
-1.701828616599470081e+02 2.816614234858531631e+02 -4.543304977100200759e+00
-1.702017927471708276e+02 2.816592366395485669e+02 -4.544390018006735588e+00
-1.702365660284565365e+02 2.816493834057390586e+02 -4.545237051819555063e+00
-1.702752146566103306e+02 2.816438027086654756e+02 -4.547351681570665605e+00
-1.703194792425685478e+02 2.816462572951667198e+02 -4.550950503374847855e+00
-1.703556030341283645e+02 2.816381349895333983e+02 -4.552904461919008661e+00
-1.703967806310327546e+02 2.816351174234513337e+02 -4.555180706144724923e+00
-1.704379483175932819e+02 2.816320507982665049e+02 -4.558455691588060965e+00
-1.705527383037579625e+02 2.816941760247894990e+02 -4.573954213667080104e+00
-1.704743065320706705e+02 2.815402666453571783e+02 -4.548988627091897996e+00
-1.706201648982339520e+02 2.816687360073981381e+02 -4.576324459587172377e+00
-1.706943170815522137e+02 2.817048580181575517e+02 -4.586018460829539123e+00
-1.706523298353817211e+02 2.815975498847337235e+02 -4.568901283138179004e+00
-1.698848880755065238e+02 2.851651529133088729e+02 -5.083695810591153830e+00
-1.698591182591342204e+02 2.850203118543417986e+02 -5.061752677502346032e+00
-1.698173627924909965e+02 2.848452505233495913e+02 -5.033038696855728134e+00
-1.697990770638471361e+02 2.847181711852101103e+02 -5.014115866628987561e+00
-1.697376263311062417e+02 2.845094879069535523e+02 -4.979413898517859316e+00
-1.697177561429712114e+02 2.843847636729643114e+02 -4.960599331750144003e+00
-1.696884436755051411e+02 2.842426861992631189e+02 -4.937765031233061208e+00
-1.696511349899793686e+02 2.841279255615049806e+02 -4.919294443303787290e+00
-1.696281424472239223e+02 2.840028520338591989e+02 -4.899427865812622684e+00
-1.696016726546204438e+02 2.838702774943727150e+02 -4.879128836334526653e+00
-1.695792312333021812e+02 2.837480745264434745e+02 -4.860421651745843619e+00
-1.695600694387846659e+02 2.836323457748598003e+02 -4.842090999132582674e+00
-1.695428200325300452e+02 2.835212732422458544e+02 -4.825027933519194789e+00
-1.695201495588072476e+02 2.834031830461181585e+02 -4.806536141750787472e+00
-1.694902906054167886e+02 2.833113097195983983e+02 -4.791356280038476356e+00
-1.694789819041217527e+02 2.832152659576746601e+02 -4.777152697675635551e+00
-1.694651563700460315e+02 2.831167222450667396e+02 -4.761789470538986713e+00
-1.694542214976530090e+02 2.830226255801514412e+02 -4.747693003699948733e+00
-1.694365084801336820e+02 2.829197461473477233e+02 -4.732060270442347338e+00
-1.694222559208572534e+02 2.828242840905639355e+02 -4.717857187079912862e+00
-1.694012393915458290e+02 2.827519441451714783e+02 -4.705805349477124366e+00
-1.693856348831435810e+02 2.826547436659242862e+02 -4.690495168554954297e+00
-1.693736720083514342e+02 2.825659017202434029e+02 -4.677667593208391317e+00
-1.693615260916733689e+02 2.824761063662308516e+02 -4.663786453988208791e+00
-1.693514848118500993e+02 2.823919698271785137e+02 -4.651227843456107180e+00
-1.693476211148618233e+02 2.823187900159857691e+02 -4.640314179388528970e+00
-1.693607379511933004e+02 2.822757039935422654e+02 -4.635173524978188908e+00
-1.693321344616471436e+02 2.821956756384911955e+02 -4.622636835794709853e+00
-1.693257142925954781e+02 2.820561247593698226e+02 -4.602184890953158636e+00
-1.693376574422979388e+02 2.820122313582130573e+02 -4.596989648705582354e+00
-1.693484429235676600e+02 2.819676114503361646e+02 -4.590742526141462498e+00
-1.693798949802741163e+02 2.819563731339969763e+02 -4.591481983853547888e+00
-1.693187682346315626e+02 2.817971170585421419e+02 -4.565409449368662109e+00
-1.694668065712428984e+02 2.820005941853057720e+02 -4.603743351289367070e+00
-1.694920786393290655e+02 2.819783840815402414e+02 -4.602837159774033182e+00
-1.695254182742905300e+02 2.819080080753781203e+02 -4.595468308625885179e+00
-1.696665142935328845e+02 2.820647129930795813e+02 -4.627254077026106138e+00
-1.695676536018230252e+02 2.818521396025046784e+02 -4.589960197819976884e+00
-1.695958196897340713e+02 2.818343953018833190e+02 -4.590321674816975062e+00
-1.696075956689655015e+02 2.818214622371872338e+02 -4.588761711395233256e+00
-1.696346051117828324e+02 2.818029980244193666e+02 -4.588071608094518083e+00
-1.696656775362535541e+02 2.817897836487641143e+02 -4.588702655630989113e+00
-1.697011961498986068e+02 2.817838099980305060e+02 -4.590764085986204002e+00
-1.697293735305998439e+02 2.817661232215048130e+02 -4.590127224509648940e+00
-1.697618048294765174e+02 2.817546833086256584e+02 -4.590866206899565150e+00
-1.697984913428104790e+02 2.817494919531498567e+02 -4.592981076368470639e+00
-1.698133549583282047e+02 2.817420318831867121e+02 -4.592743801408657234e+00
-1.698457878034168971e+02 2.817305974948104677e+02 -4.593483032458851589e+00
-1.698836435115103711e+02 2.817261901220442724e+02 -4.595651503290238971e+00
-1.699118216801971641e+02 2.817085099787410627e+02 -4.595015060867432055e+00
-1.699467711773016561e+02 2.816995745995342872e+02 -4.596914004365090456e+00
-1.699846286815373162e+02 2.816951765820169840e+02 -4.599082929304516121e+00
-1.700209472849095675e+02 2.816880714572765214e+02 -4.600091306934630531e+00
-1.700371604425565977e+02 2.816823347439050735e+02 -4.600960545807929236e+00
-1.700777257160950171e+02 2.816814337036059328e+02 -4.604343808550449779e+00
-1.701068827520567197e+02 2.816635462176437272e+02 -4.603706582633833477e+00
-1.701418449947742602e+02 2.816546797230620314e+02 -4.604607744487146270e+00
-1.701700153385957890e+02 2.816369588539403708e+02 -4.604970386511952007e+00
-1.702113796707003246e+02 2.816349139027291244e+02 -4.607300107377883869e+00
-1.702303107579241441e+02 2.816327270564245850e+02 -4.608385148284418698e+00
-1.702840645302891289e+02 2.816474733722477595e+02 -4.614735122993431915e+00
-1.702996572610095711e+02 2.816119811332386575e+02 -4.611023742670274039e+00
-1.703505146945344393e+02 2.816222533607396485e+02 -4.616105646117469874e+00
-1.703972976576685028e+02 2.816272134129704341e+02 -4.620864539910147784e+00
-1.704289744690403836e+02 2.816118437334304758e+02 -4.621387994172497571e+00
-1.704947028834166645e+02 2.816146942534786035e+02 -4.626234371418375346e+00
-1.706181557598123675e+02 2.816582809400486553e+02 -4.641847227558453248e+00
-1.706296727244658200e+02 2.816174748351649555e+02 -4.637812734850122354e+00
-1.706835398559245220e+02 2.815744577843652223e+02 -4.636109082354842315e+00
-1.698728189906161958e+02 2.850810763389371232e+02 -5.159243052831463672e+00
-1.698705520687655337e+02 2.849843860853563910e+02 -5.144096206400219806e+00
-1.699466696032180550e+02 2.850413487730287443e+02 -5.157917329337786683e+00
-1.698039432702356919e+02 2.846745617294917565e+02 -5.092980247556713636e+00
-1.697549926837567398e+02 2.844938541334582283e+02 -5.062891770736549724e+00
-1.697476631547985448e+02 2.843920132961388276e+02 -5.047420478964314228e+00
-1.696953210187464833e+02 2.842519957355100928e+02 -5.022450553557170849e+00
-1.696636700901736674e+02 2.841083473945481614e+02 -4.999509015266253797e+00
-1.696497562009289197e+02 2.839987343567443645e+02 -4.981555933251395452e+00
-1.696275185029687975e+02 2.838775924567211177e+02 -4.961905165167440401e+00
-1.695291589962815522e+02 2.834235975266721539e+02 -4.887824602400023366e+00
-1.695066856521751788e+02 2.833065327903103139e+02 -4.868387751503327365e+00
-1.695034813387681822e+02 2.832261782997168780e+02 -4.856099272344696516e+00
-1.694790365615364465e+02 2.831094556650105574e+02 -4.837661624146274875e+00
-1.694657773409136610e+02 2.830138616099054616e+02 -4.822460275668582597e+00
-1.694665991895593891e+02 2.829438684485169233e+02 -4.811763076409216744e+00
-1.694417370627229786e+02 2.828302765705387287e+02 -4.793486890284173185e+00
-1.693506841826048799e+02 2.824355554303035092e+02 -4.728628776709905779e+00
-1.693396753289024446e+02 2.823516837611584265e+02 -4.715072551679924118e+00
-1.693535793917433239e+02 2.823073934949256341e+02 -4.709876599296833888e+00
-1.693433170193099500e+02 2.822274099219557115e+02 -4.697535114033821735e+00
-1.693531675765402440e+02 2.822097527819344691e+02 -4.695705337098323717e+00
-1.693531443843320972e+02 2.821459672994861876e+02 -4.686329724947364106e+00
-1.693488667510754908e+02 2.820759360234622477e+02 -4.675578320288486189e+00
-1.693726014639046298e+02 2.820510243338238752e+02 -4.673511889642256278e+00
-1.693802917885415695e+02 2.820008935559781662e+02 -4.666941317150318014e+00
-1.694069210446742204e+02 2.819804466025656211e+02 -4.666142444139731893e+00
-1.694356691755037332e+02 2.819657338565571649e+02 -4.665668558676285826e+00
-1.694474356586927684e+02 2.819527526261667276e+02 -4.665107328317998459e+00
-1.694754222272314337e+02 2.819340707353276798e+02 -4.664415936054174594e+00
-1.695171209016901344e+02 2.819390717770143056e+02 -4.668122991167541258e+00
-1.695335144895413748e+02 2.819024449949521340e+02 -4.663358285003289083e+00
-1.695777295654800696e+02 2.819099412119097678e+02 -4.668224906634498517e+00
-1.695902398718152142e+02 2.818690031244673264e+02 -4.663191851220227946e+00
-1.696155106272259729e+02 2.818467874480926412e+02 -4.662285470564107470e+00
-1.696373430756731295e+02 2.818491033481109298e+02 -4.663638830568110016e+00
-1.696753864179462710e+02 2.818456732725688312e+02 -4.665860915816527843e+00
-1.697035539974807534e+02 2.818279354766136748e+02 -4.666222692835066965e+00
-1.697317320963966267e+02 2.818102524409265470e+02 -4.665586036808981873e+00
-1.697629970036014129e+02 2.817980406163081284e+02 -4.666272026035015230e+00
-1.697867295599698423e+02 2.817731176946965093e+02 -4.664205157591785778e+00
-1.698128188394628353e+02 2.817816905721573448e+02 -4.666934807420197728e+00
-1.698438939578440454e+02 2.817684902277991910e+02 -4.667566565877793394e+00
-1.698802008929252167e+02 2.817613218296914397e+02 -4.669573033327958811e+00
-1.699124436598539489e+02 2.817488999435399819e+02 -4.670258144487757335e+00
-1.699435203244471779e+02 2.817357051236846814e+02 -4.670890151605631146e+00
-1.699840841609506867e+02 2.817347965985559313e+02 -4.674273062965348835e+00
-1.700190454349177855e+02 2.817259225292372093e+02 -4.675173873438568606e+00
-1.700418488165974793e+02 2.817279923211048072e+02 -4.677525637118899127e+00
-1.700655830981259840e+02 2.817030758560531467e+02 -4.675459128216701288e+00
-1.700951114185851623e+02 2.816871247736593773e+02 -4.675929448281865852e+00
-1.701368458874886755e+02 2.816870077192224358e+02 -4.679366252868731202e+00
-1.701743251419349292e+02 2.816806421073820843e+02 -4.681427170376607272e+00
-1.702131637390716037e+02 2.816760508684104138e+02 -4.683596022740638354e+00
-1.702452199503537997e+02 2.816626573025977791e+02 -4.684227708622839437e+00
-1.702690030964711525e+02 2.816645244247020514e+02 -4.686579005140584897e+00
-1.703066760207561856e+02 2.816591650179821045e+02 -4.688695010273066899e+00
-1.703437764151642853e+02 2.816508261043483685e+02 -4.690647731212671978e+00
-1.703810682155901191e+02 2.816434841336461545e+02 -4.692655026147998676e+00
-1.704251449174384732e+02 2.816449575921773203e+02 -4.696200028087391232e+00
-1.704701891385774104e+02 2.816461671609645805e+02 -4.700742695885925748e+00
-1.705061346300510365e+02 2.816371186737492280e+02 -4.701644282478980585e+00
-1.705285623132819524e+02 2.816372291020604735e+02 -4.703888620033011669e+00
-1.705614089302676746e+02 2.816226491158529939e+02 -4.704465805276428547e+00
-1.706093654714592560e+02 2.816284185102762194e+02 -4.709279330110731188e+00
-1.706526829064137019e+02 2.816259398375652268e+02 -4.712607749771438037e+00
-1.707084035366094383e+02 2.816403240448452152e+02 -4.718958557648897489e+00
-1.698782591376429707e+02 2.850722872849133864e+02 -5.240954464393256629e+00
-1.698340930341683475e+02 2.849377218295093712e+02 -5.217358970739782720e+00
-1.698141046681315629e+02 2.848070787045706993e+02 -5.195225550498516753e+00
-1.697913988020017939e+02 2.846728904785208556e+02 -5.172876585034392960e+00
-1.697449832687962896e+02 2.844947764101900134e+02 -5.141950013735648639e+00
-1.697264894015455354e+02 2.843719174490151431e+02 -5.121245607516055287e+00
-1.697066354005907840e+02 2.842472774659866559e+02 -5.100433144977237987e+00
-1.696842530969339577e+02 2.841200790855786522e+02 -5.079459086703003834e+00
-1.696400078572599170e+02 2.839957105120918754e+02 -5.056402532053964727e+00
-1.696216508154651024e+02 2.838788687722305326e+02 -5.037019734938453119e+00
-1.695913263556489312e+02 2.837421293461248979e+02 -5.013456140707582165e+00
-1.695690805183407122e+02 2.836209463166111391e+02 -4.993803588812195215e+00
-1.695526007873674246e+02 2.835138826263765850e+02 -4.975958953709801236e+00
-1.695392011477931078e+02 2.834122526331551057e+02 -4.959435206948222152e+00
-1.695209880932989961e+02 2.833014641225763057e+02 -4.940374618159312448e+00
-1.694853382407657421e+02 2.832006480895037157e+02 -4.922659041139408664e+00
-1.694697852586962767e+02 2.830984114238530651e+02 -4.906081130498790799e+00
-1.694499880492297734e+02 2.829899808680071374e+02 -4.887128959255404581e+00
-1.694444409630057464e+02 2.829080330525116551e+02 -4.874732247692667997e+00
-1.694315551581947261e+02 2.828143852073115454e+02 -4.859637903856667052e+00
-1.693931847167504827e+02 2.826781743476398674e+02 -4.836020079016846829e+00
-1.694325895593859741e+02 2.826765298832446547e+02 -4.838350417882147703e+00
-1.694588652161829998e+02 2.826860735114621548e+02 -4.841133322589268317e+00
-1.694967236212150112e+02 2.826816801857556811e+02 -4.843302206751100236e+00
-1.694503999103748981e+02 2.825358716915002333e+02 -4.818093235790813722e+00
-1.693127374312751385e+02 2.822378962952589063e+02 -4.762860978165447179e+00
-1.693183354351864693e+02 2.821821708211224973e+02 -4.753969838530704095e+00
-1.693287442832553324e+02 2.821355917389618071e+02 -4.747615111280454769e+00
-1.693314237594429130e+02 2.820752741365628253e+02 -4.739452542284841030e+00
-1.693196298979061680e+02 2.820244493453890868e+02 -4.730637209067640292e+00
-1.693286773553953992e+02 2.819760826949072339e+02 -4.724174065959847013e+00
-1.693539581473263524e+02 2.819539179993133757e+02 -4.722268927773715319e+00
-1.693720808561652404e+02 2.819209916196273298e+02 -4.718719077943180906e+00
-1.694046997188450803e+02 2.819105261084358176e+02 -4.719511520664985582e+00
-1.694218449968383027e+02 2.818778145530858410e+02 -4.715962865229198719e+00
-1.694452127708636624e+02 2.818828227318343238e+02 -4.718475950736569224e+00
-1.694753076935065792e+02 2.818698202818262075e+02 -4.719108098100782023e+00
-1.694988490798162957e+02 2.818439003817869661e+02 -4.716986477108775944e+00
-1.695362942649777835e+02 2.818426593226302543e+02 -4.719318004684185830e+00
-1.695801275522200342e+02 2.818481682482986344e+02 -4.724075778342779586e+00
-1.696013347345447073e+02 2.818207009188033680e+02 -4.721847965568475303e+00
-1.696353137285061052e+02 2.818120164168554425e+02 -4.722748702682045163e+00
-1.696486276726376445e+02 2.818017906423500563e+02 -4.722349227046057862e+00
-1.696812498764604697e+02 2.817913400046052743e+02 -4.723142491572450474e+00
-1.697067107252135827e+02 2.817701156985529565e+02 -4.722290495771265917e+00
-1.697433969892229584e+02 2.817649205154836523e+02 -4.724405100274275959e+00
-1.697742801635310741e+02 2.817507204257175886e+02 -4.724982071130160222e+00
-1.698210254802783368e+02 2.817607901926814407e+02 -4.730010931738837243e+00
-1.698507424424682313e+02 2.817458191263856975e+02 -4.730534960793456811e+00
-1.698541891675466502e+02 2.817213301012767488e+02 -4.727276238412311038e+00
-1.698862408165828128e+02 2.817079102439241751e+02 -4.727906783734615814e+00
-1.699184836938998444e+02 2.816954864037510902e+02 -4.728591673135618123e+00
-1.699565315256200790e+02 2.816920797116024460e+02 -4.730814982931335066e+00
-1.699916721394059209e+02 2.816841422972917712e+02 -4.732768611302759609e+00
-1.700279810507885543e+02 2.816769841927950324e+02 -4.734775524705443495e+00
-1.700615840593872008e+02 2.816663413618654772e+02 -4.735568708498211876e+00
-1.700998729897114004e+02 2.816907169834685760e+02 -4.742264440919403690e+00
-1.701166329019061152e+02 2.816560032988787725e+02 -4.738606294259467333e+00
-1.701500364284803481e+02 2.816443189621481906e+02 -4.740343902092639894e+00
-1.701861668590119621e+02 2.816362337345547644e+02 -4.741298511217872047e+00
-1.702253770299824680e+02 2.816335778771869514e+02 -4.744574798685639472e+00
-1.702556928110932688e+02 2.816164225060501849e+02 -4.744989820779407452e+00
-1.702918153457774508e+02 2.816082936539493744e+02 -4.746943419785247364e+00
-1.703146321209082998e+02 2.816104331757442765e+02 -4.748297453186559380e+00
-1.703466795379692087e+02 2.815969913062236287e+02 -4.749927931654417179e+00
-1.703756475736985294e+02 2.815781219368965935e+02 -4.749236834504974247e+00
-1.704142982485303150e+02 2.815725544289704203e+02 -4.751352064293746125e+00
-1.704449979189985243e+02 2.815573985549544886e+02 -4.751876542554664518e+00
-1.704834491142283639e+02 2.815507895538374896e+02 -4.754935958311294897e+00
-1.705312116234458131e+02 2.815555508569584049e+02 -4.759694590386436275e+00
-1.705499548981475186e+02 2.815523857845251996e+02 -4.760725846477050993e+00
-1.706004374236315755e+02 2.815607052943023518e+02 -4.765700504779149860e+00
-1.706437547882094918e+02 2.815582237260549050e+02 -4.769028770354715618e+00
-1.707021831167258199e+02 2.815761020118641795e+02 -4.776593821468263279e+00
-1.698437555232021339e+02 2.849774526368871648e+02 -5.300676682790232519e+00
-1.698370572256639832e+02 2.848735949911369403e+02 -5.283101988233896762e+00
-1.697995376185661200e+02 2.847099884079884760e+02 -5.254036216796883707e+00
-1.697918547614132763e+02 2.846063071917203615e+02 -5.236460729805608949e+00
-1.697512038423136289e+02 2.844423059548499850e+02 -5.207341834796453739e+00
-1.697221025621468016e+02 2.843013283949963466e+02 -5.182564942165658550e+00
-1.696914502293587077e+02 2.841575766719124658e+02 -5.157625327078353195e+00
-1.696506683759803025e+02 2.840406394607890093e+02 -5.135999133246961001e+00
-1.696276932797032089e+02 2.839156567431815006e+02 -5.114134781450472289e+00
-1.696152928530983672e+02 2.838139266126352140e+02 -5.096614158792452720e+00
-1.695930593325249163e+02 2.836928077049433909e+02 -5.075963508924207446e+00
-1.695758318640125708e+02 2.835818493752187806e+02 -5.056903714998385091e+00
-1.695641708560450240e+02 2.834839718194624538e+02 -5.040596415989744727e+00
-1.695438259378720716e+02 2.833726884791881844e+02 -5.020485708697335347e+00
-1.695126285543776135e+02 2.832791483786577942e+02 -5.003201062352012229e+00
-1.695003619008165003e+02 2.831834195708611901e+02 -4.987001175633580807e+00
-1.694832706645105134e+02 2.830784766369844760e+02 -4.969262888085251184e+00
-1.694686638076833844e+02 2.829811666233623555e+02 -4.952955317641821509e+00
-1.694588751352010547e+02 2.828930399385895385e+02 -4.938184929204295415e+00
-1.694328649063508294e+02 2.827787726151218521e+02 -4.917858283784394935e+00
-1.694106898818205309e+02 2.827057043856499376e+02 -4.904754403618981407e+00
-1.694755681750537804e+02 2.827465634386937836e+02 -4.916606697311675767e+00
-1.694995419234302858e+02 2.827175909445030015e+02 -4.913326048640148436e+00
-1.693993659399518208e+02 2.824822530462253667e+02 -4.868804305974512303e+00
-1.693733041859800323e+02 2.823730219154661540e+02 -4.849745271236788113e+00
-1.693325642062430916e+02 2.822403840889227808e+02 -4.825290612416925029e+00
-1.693084119652532422e+02 2.821357942011689488e+02 -4.807498580949740585e+00
-1.693099475613667835e+02 2.821066555161678480e+02 -4.802972393034497856e+00
-1.693186270931063575e+02 2.820563712207215872e+02 -4.795402552641508720e+00
-1.693280564636515635e+02 2.820099937737495566e+02 -4.789048419748346497e+00
-1.693314940190227276e+02 2.819536246453566264e+02 -4.781102346614511056e+00
-1.693436355018398842e+02 2.819107642369016276e+02 -4.774962337101958276e+00
-1.693818641416727075e+02 2.819082992882482017e+02 -4.777237607125924157e+00
-1.694059672479303629e+02 2.818853051505142275e+02 -4.776277933285737021e+00
-1.694125133339915408e+02 2.818663514227997098e+02 -4.773343579630798139e+00
-1.694464795271457547e+02 2.818575990132375750e+02 -4.775242209268113491e+00
-1.694692347630568463e+02 2.818328889619403412e+02 -4.773176313460834486e+00
-1.694945140639699446e+02 2.818107177648327024e+02 -4.771270815735026538e+00
-1.695244183540039273e+02 2.817967211357208157e+02 -4.771848483674587804e+00
-1.695527844456011906e+02 2.817800172645245311e+02 -4.771265604308903008e+00
-1.695770766934499250e+02 2.817580108043806604e+02 -4.770360050353690262e+00
-1.696047007046659587e+02 2.817692741319536367e+02 -4.774249382477016468e+00
-1.696299799497792833e+02 2.817471039087043891e+02 -4.772344055148742825e+00
-1.696654976662616434e+02 2.817411255850750536e+02 -4.774405169172735164e+00
-1.696882415547939900e+02 2.817163589898455029e+02 -4.773337663200272196e+00
-1.697251173170793379e+02 2.817121533421754407e+02 -4.775506728386036848e+00
-1.697519357129862669e+02 2.816926940568953910e+02 -4.774762153814833709e+00
-1.697886219757844231e+02 2.816874988675210147e+02 -4.776876877354116147e+00
-1.698032938965536403e+02 2.816790428797435197e+02 -4.776585079758486785e+00
-1.698330096018679285e+02 2.816640652669803444e+02 -4.777108749274784572e+00
-1.698762868069134129e+02 2.816666803236835221e+02 -4.780706203071568794e+00
-1.699090914053896029e+02 2.816571822521207764e+02 -4.782552920588116763e+00
-1.699343620340184771e+02 2.816349646509155491e+02 -4.781646615762525698e+00
-1.699679630663156331e+02 2.816243115263749246e+02 -4.782439353602775611e+00
-1.700396509239842260e+02 2.816369813850282071e+02 -4.790871631550501775e+00
-1.700554434946251945e+02 2.816025325159343424e+02 -4.786216048948448432e+00
-1.702538051278021669e+02 2.815588500661021385e+02 -4.797012261558334600e+00
-1.703258583210515837e+02 2.815415954994189747e+02 -4.800865064125988901e+00
-1.703606222312600096e+02 2.815316960152881052e+02 -4.802710933726142883e+00
-1.704033393392765277e+02 2.815313912638995930e+02 -4.806147914397892684e+00
-1.704431475029873866e+02 2.815265493274839628e+02 -4.809314973140591754e+00
-1.704737072567719167e+02 2.815371912397581582e+02 -4.814203120625441201e+00
-1.705057659824109635e+02 2.815238107700329806e+02 -4.814835466066149650e+00
-1.705572148072937750e+02 2.815318549782781474e+02 -4.820807352435810600e+00
-1.706173812311783706e+02 2.815534829085337378e+02 -4.828588459141902156e+00
-1.706502182259453946e+02 2.815388528349539001e+02 -4.830164393761166686e+00
-1.698307625821642830e+02 2.849469173015582442e+02 -5.363020133356221741e+00
-1.698167712726446439e+02 2.848262905985400835e+02 -5.341478636228093713e+00
-1.697906141028118157e+02 2.846847351769026204e+02 -5.316701211972107544e+00
-1.697525966584189234e+02 2.845662815659578655e+02 -5.294021803964630735e+00
-1.697582011752486153e+02 2.844893717944285640e+02 -5.281004391255297747e+00
-1.697011834838356492e+02 2.842931677310082250e+02 -5.245005759936768541e+00
-1.696736249943993755e+02 2.841549213021314131e+02 -5.220389465154628539e+00
-1.696487472570431123e+02 2.840253343682996388e+02 -5.196258879706298295e+00
-1.696159522255007346e+02 2.838810326452751269e+02 -5.170266829937345321e+00
-1.695801746274356105e+02 2.837742466537173414e+02 -5.150231097458474849e+00
-1.695575716185068984e+02 2.836512006977059741e+02 -5.128473355716486992e+00
-1.695403541301093355e+02 2.835402943194679324e+02 -5.108415034176324809e+00
-1.695209788876877042e+02 2.834287583214230040e+02 -5.089302430540058708e+00
-1.695043241192474284e+02 2.833207828838848741e+02 -5.069405198479048913e+00
-1.694872383277734400e+02 2.832158670450490945e+02 -5.051668043339162750e+00
-1.694746005140743534e+02 2.831182037459044523e+02 -5.034360772880965840e+00
-1.694455150530333754e+02 2.830303603773713235e+02 -5.017399476206396258e+00
-1.694288000362323601e+02 2.829273757275225307e+02 -4.999768741980223474e+00
-1.694219147006692481e+02 2.828437620795310750e+02 -4.985267178110818875e+00
-1.693953334887597180e+02 2.827265207768049322e+02 -4.964777437640183422e+00
-1.694133280941706516e+02 2.826876225745194802e+02 -4.958907210589176273e+00
-1.694438398301796838e+02 2.826714865747644581e+02 -4.959377503719615277e+00
-1.693620501393843085e+02 2.824629540077480101e+02 -4.918466847992357671e+00
-1.693317455750507747e+02 2.823793712692528857e+02 -4.902719963382899948e+00
-1.693292495860959548e+02 2.823080093718337480e+02 -4.890915125257308205e+00
-1.693182471196183201e+02 2.822241709405249139e+02 -4.876359523915046346e+00
-1.692728695804618440e+02 2.820832905745027119e+02 -4.850419949063731195e+00
-1.692761296631386188e+02 2.820259970450395599e+02 -4.841421606706735048e+00
-1.693029486001289570e+02 2.820065405779985213e+02 -4.840676948150838932e+00
-1.692884446684569753e+02 2.819203757173411873e+02 -4.824960993587232849e+00
-1.692946002965654770e+02 2.818993883100023368e+02 -4.822916687269215075e+00
-1.693096356736368193e+02 2.818609917861659824e+02 -4.818044303063249600e+00
-1.693306616635951514e+02 2.818325794171195753e+02 -4.814763448198373652e+00
-1.693576682329483276e+02 2.818141002378450253e+02 -4.814072582613916573e+00
-1.693848659577834326e+02 2.817966141676034226e+02 -4.813436145095558949e+00
-1.694074286563718772e+02 2.817709025454327616e+02 -4.811315358959978639e+00
-1.694464092920766518e+02 2.817723556803792917e+02 -4.814806714762635664e+00
-1.694483196142549275e+02 2.817451687652823011e+02 -4.810387958702418310e+00
-1.694809274716641312e+02 2.817346446985729358e+02 -4.812178807574140293e+00
-1.695096734466385442e+02 2.817199207237437690e+02 -4.811704424795557600e+00
-1.695409340973272379e+02 2.817076854644730588e+02 -4.812389308511920483e+00
-1.695708372554507264e+02 2.816936842042667308e+02 -4.812966719637040036e+00
-1.701699682861261351e+02 2.815943127964022210e+02 -4.850077268858939306e+00
-1.705749096114256531e+02 2.815073257755390728e+02 -4.873777165749910267e+00
-1.706255737405494983e+02 2.815165912025132116e+02 -4.879805155579098219e+00
-1.698533989494615071e+02 2.849481250301567457e+02 -5.457457249777615260e+00
-1.698497922872539050e+02 2.848497624425663730e+02 -5.440205191500027126e+00
-1.698188365329873193e+02 2.846991257183284461e+02 -5.411893546320495574e+00
-1.698465926128150443e+02 2.846633296638590878e+02 -5.408290196007955686e+00
-1.698830089977506361e+02 2.846461196838702108e+02 -5.407762541881492524e+00
-1.699217495507567151e+02 2.846304061557090108e+02 -5.408339777549203475e+00
-1.699675118195250150e+02 2.846724888048930211e+02 -5.419053829248777987e+00
-1.703432616434056399e+02 2.852822414161054780e+02 -5.552342014169497908e+00
-1.703492842826431968e+02 2.852022036485232661e+02 -5.539163293475994898e+00
-1.696668602183912071e+02 2.838650455273090074e+02 -5.257082523678669794e+00
-1.696415535316989462e+02 2.837385289629168028e+02 -5.234111822763317434e+00
-1.696060253466132224e+02 2.835959050793925940e+02 -5.206177355395672279e+00
-1.695939946707367767e+02 2.834960995401070818e+02 -5.188762913150672063e+00
-1.695537482865563845e+02 2.833872558356166564e+02 -5.166569120809656468e+00
-1.695347568537571874e+02 2.832777188892192726e+02 -5.146565045564714502e+00
-1.695178688555257054e+02 2.831738332311512636e+02 -5.127883088108270648e+00
-1.695046317521988328e+02 2.830783543141450309e+02 -5.110685062680760282e+00
-1.694883071921393025e+02 2.829774033376154989e+02 -5.092164400153939674e+00
-1.694677280666718389e+02 2.828702046552898537e+02 -5.072267782877183606e+00
-1.694643046809750615e+02 2.827940148879845879e+02 -5.059196168924488646e+00
-1.694892133479532674e+02 2.828017443432670461e+02 -5.062870453140092764e+00
-1.694412348828009840e+02 2.825836534186881295e+02 -5.021810205630677260e+00
-1.694472471281049764e+02 2.825247822631181407e+02 -5.012756901155595024e+00
-1.695480254087853780e+02 2.826253188058582282e+02 -5.038151283700947225e+00
-1.693613597591534585e+02 2.822524627215888700e+02 -4.959423639742145618e+00
-1.693582642634128774e+02 2.822151151835710152e+02 -4.953414027740858927e+00
-1.693281502737696655e+02 2.821006913905341662e+02 -4.931034456877586791e+00
-1.693476334742086635e+02 2.820695478968159478e+02 -4.927592885127782374e+00
-1.693507017365662080e+02 2.820112565310128616e+02 -4.918539976929226398e+00
-1.693688358085718164e+02 2.819783905709589362e+02 -4.913991942710280725e+00
-1.693941071590489287e+02 2.819561767295073196e+02 -4.913085486226342447e+00
-1.694151353048623889e+02 2.819277755892816799e+02 -4.909805128676602237e+00
-1.694243869321778391e+02 2.819123047049706088e+02 -4.908084639978888220e+00
-1.694510152341368325e+02 2.818918540462157125e+02 -4.907285740070885360e+00
-1.694836349957961659e+02 2.818813932173774219e+02 -4.908078320569503994e+00
-1.695119915913510340e+02 2.818646411804868421e+02 -4.908494174267274524e+00
-1.695359144758096193e+02 2.818407095873963613e+02 -4.906481631162199264e+00
-1.695658196648231240e+02 2.818267176406376961e+02 -4.907059436878575376e+00
-1.695924577139658709e+02 2.818063189846281489e+02 -4.905261890318604934e+00
-1.696102160141457773e+02 2.818033294451161623e+02 -4.906292421646581303e+00
-1.696457338555932495e+02 2.817973530368598745e+02 -4.908353638394453711e+00
-1.696752583338378315e+02 2.817813794132222824e+02 -4.908822844795782459e+00
-1.696982041477693031e+02 2.817576645211922255e+02 -4.906811479774417784e+00
-1.697246419966730002e+02 2.817362206185431432e+02 -4.905958151804380662e+00
-1.698080627699231115e+02 2.817410414704392565e+02 -4.914100041802463181e+00
-1.698366569943402169e+02 2.817520549395654825e+02 -4.918987750706056872e+00
-1.698663844753058640e+02 2.817371386303852319e+02 -4.918513406234189311e+00
-1.698788902903770861e+02 2.816961771500918417e+02 -4.913479304827028216e+00
-1.699124809822409361e+02 2.816854701973402939e+02 -4.915270586592656699e+00
-1.699379533579264319e+02 2.816643033704299910e+02 -4.913420252319273374e+00
-1.699744414295741706e+02 2.816580809857317149e+02 -4.916479932257544760e+00
-1.700037878952521737e+02 2.816411801490899052e+02 -4.915896834384132497e+00
-1.700171025588095688e+02 2.816309581217280424e+02 -4.915497445162342771e+00
-1.701143656491967420e+02 2.817078849103502307e+02 -4.937602989591841407e+00
-1.700980325453288344e+02 2.816281089177659283e+02 -4.923208205548353256e+00
-1.701246628393772369e+02 2.816076724283217914e+02 -4.922409957039273642e+00
-1.701814917529512741e+02 2.816278266881514014e+02 -4.931080547784184809e+00
-1.702228464634427780e+02 2.816257316527202761e+02 -4.934408958507828125e+00
-1.702510278659122491e+02 2.816080683526481039e+02 -4.933773262057725262e+00
-1.704194471639914354e+02 2.818010045698162003e+02 -4.980771452736764360e+00
-1.704319543051035737e+02 2.817600525252215675e+02 -4.975737983989339419e+00
-1.703445297695741090e+02 2.815911335361770398e+02 -4.939870931286926670e+00
-1.703870458499598328e+02 2.815897817576371835e+02 -4.944252027820665418e+00
-1.704295725194978672e+02 2.815884876317492171e+02 -4.947634904913057241e+00
-1.704680230668895717e+02 2.815818777853299935e+02 -4.950694269304360517e+00
-1.704947078329133205e+02 2.815882490312874893e+02 -4.954314923576152552e+00
-1.705409213191882998e+02 2.815902454783208100e+02 -4.958911346822311828e+00
-1.705780150376408528e+02 2.815818743519678833e+02 -4.961863495434102767e+00
-1.706311966461722420e+02 2.815936405686233570e+02 -4.969051300438700025e+00
-1.706878836461432627e+02 2.816077523699077574e+02 -4.976399490468864428e+00
-1.697854458390121977e+02 2.848753447733564030e+02 -5.530011790800061888e+00
-1.698180334960302389e+02 2.848488017745111165e+02 -5.526947951732541497e+00
-1.698269991569102615e+02 2.848212323320561268e+02 -5.523582223763249033e+00
-1.698524725315168098e+02 2.847788512234806717e+02 -5.517604210885419747e+00
-1.698914045457348152e+02 2.847641336612401801e+02 -5.518235909669455097e+00
-1.699384283981750343e+02 2.847650412997667217e+02 -5.521780690592930974e+00
-1.699756347053473178e+02 2.847466411167432057e+02 -5.521198270860434576e+00
-1.700174603238775148e+02 2.847363884579333444e+02 -5.523097765347236177e+00
-1.700550362285821677e+02 2.847199133629027301e+02 -5.523622334765956765e+00
-1.700686403736696946e+02 2.847005887175646990e+02 -5.520740987215399187e+00
-1.701058364641625644e+02 2.846821366153982353e+02 -5.521157333168432046e+00
-1.701395801032538202e+02 2.846563088108500210e+02 -5.519144758068756929e+00
-1.701833335349936931e+02 2.846507914175373344e+02 -5.521314444349536110e+00
-1.702157193369891388e+02 2.846231996110288947e+02 -5.519194618416059406e+00
-1.702403910124964170e+02 2.845819473956000252e+02 -5.514269504168703762e+00
-1.695518690404987581e+02 2.833085084000267670e+02 -5.232492328324847897e+00
-1.694585289051998132e+02 2.827798550362374499e+02 -5.132495066938902895e+00
-1.693411031113153911e+02 2.824758824318958546e+02 -5.069146105848760797e+00
-1.693804946848592294e+02 2.824741701497938493e+02 -5.072474337235096442e+00
-1.693810962577169619e+02 2.824083341787576273e+02 -5.060993711318354293e+00
-1.693427123639075376e+02 2.822773589584178922e+02 -5.034648686365891024e+00
-1.693197490443701554e+02 2.821736570044531049e+02 -5.014913141513015482e+00
-1.693481191443701164e+02 2.821569727466206245e+02 -5.014330983654834206e+00
-1.693228160534730193e+02 2.820516943653960880e+02 -4.994487773814793918e+00
-1.693208946486988680e+02 2.820151575464104212e+02 -4.987532027324032669e+00
-1.693506089721724379e+02 2.820001714718067660e+02 -4.988055234578130381e+00
-1.693585094061810423e+02 2.819511349933983411e+02 -4.979541821314911410e+00
-1.693781798264982399e+02 2.819209679034958071e+02 -4.976153872136300116e+00
-1.693991970398400611e+02 2.818925111158986851e+02 -4.973871836749076181e+00
-1.694331739871234390e+02 2.818838134248033498e+02 -4.974771973824985594e+00
-1.694545720907878206e+02 2.818573392492947960e+02 -4.972598589115425405e+00
-1.694707917072473720e+02 2.818516386756010661e+02 -4.972468486725315273e+00
-1.694976095657045221e+02 2.818321765909971077e+02 -4.971723639029987041e+00
-1.695230699303852191e+02 2.818109484991525164e+02 -4.970871437779688762e+00
-1.695529747602913915e+02 2.817969546819745688e+02 -4.971449140770829445e+00
-1.695797926175373505e+02 2.817774925910655952e+02 -4.970704412111773607e+00
-1.696153090929320513e+02 2.817715115966686312e+02 -4.972765372043848942e+00
-1.696506356527212915e+02 2.817645401577013331e+02 -4.974772177038013332e+00
-1.696540936160013189e+02 2.817401096368514573e+02 -4.970515167544577118e+00
-1.696882531374917562e+02 2.817323654471477425e+02 -4.972468808973260046e+00
-1.697262864978332857e+02 2.817288834106614672e+02 -4.975689600390426293e+00
-1.697488503987087824e+02 2.817031793151216448e+02 -4.973569225154431450e+00
-1.697897814275650035e+02 2.817041808215715264e+02 -4.978058363384333163e+00
-1.698253013690678017e+02 2.816982166159942267e+02 -4.980120247844876502e+00
-1.698503910043055782e+02 2.816750588050623492e+02 -4.978160800628917748e+00
-1.698735639125355590e+02 2.816790507862338586e+02 -4.981619458893460362e+00
-1.699075355117211359e+02 2.816703303275756980e+02 -4.983519477746884974e+00
-1.699395875198646308e+02 2.816569123406424069e+02 -4.984150125794425179e+00
-1.699735604851029507e+02 2.816481964681249792e+02 -4.986050401463646864e+00
-1.700096779898622685e+02 2.816400414175442393e+02 -4.988002800388743552e+00
-1.700268192060754302e+02 2.816073112352988801e+02 -4.984453355770444460e+00
-1.700652881240564795e+02 2.816326243572121939e+02 -4.992201957455168149e+00
-1.700971509542307274e+02 2.816182235611620968e+02 -4.992778504352854974e+00
-1.701390659494520605e+02 2.816190468126642372e+02 -4.997268332291105786e+00
-1.701643377973671534e+02 2.815968406200946106e+02 -4.996362524775229907e+00
-1.702196191244279930e+02 2.816142375055136995e+02 -5.004871317592098023e+00
-1.702503164606986559e+02 2.815990694737724880e+02 -5.005395128138990124e+00
-1.702847087266966923e+02 2.815872317125013637e+02 -5.006133408550264896e+00
-1.703078864464972924e+02 2.815912538128062579e+02 -5.009593472340599263e+00
-1.703395618214399008e+02 2.815758766515892262e+02 -5.010116515702009998e+00
-1.703793695556668979e+02 2.815710299492179161e+02 -5.013283317634332548e+00
-1.704222682673232043e+02 2.815716711150263905e+02 -5.017773629833170546e+00
-1.704812416897648859e+02 2.815923885962876625e+02 -5.027497493368579207e+00
-1.705197036537006738e+02 2.815858381830321377e+02 -5.029558741046480819e+00
-1.705647394021362402e+02 2.815870061806988360e+02 -5.035100441927301773e+00
-1.705993679948907982e+02 2.816029259090773849e+02 -5.041311043058024133e+00
-1.706387992742593838e+02 2.815961209613269034e+02 -5.044370410703106877e+00
-1.707200791395825377e+02 2.816428464321054435e+02 -5.059705658675278883e+00
-1.697040997907988924e+02 2.844516253030578241e+02 -5.505772328498050427e+00
-1.697374292576627965e+02 2.844289460691745148e+02 -5.503922191360128835e+00
-1.697686429756466282e+02 2.844005514377499821e+02 -5.501747796334024443e+00
-1.698019720834032000e+02 2.843778703334473903e+02 -5.499897556470867421e+00
-1.698368378282021638e+02 2.843578870741791320e+02 -5.499207350288138230e+00
-1.698479143875910609e+02 2.843360077659951344e+02 -5.496164731488903499e+00
-1.698877792033711671e+02 2.843261500182396162e+02 -5.498064714352423721e+00
-1.699274645143556199e+02 2.843153585496611413e+02 -5.498912152437799072e+00
-1.699557834378945529e+02 2.842824953449597274e+02 -5.495470113364564035e+00
-1.699906489485512679e+02 2.842625121306451774e+02 -5.494779907180479483e+00
-1.700255145125853744e+02 2.842425279298622627e+02 -5.494089768671405416e+00
-1.700650004143443823e+02 2.842306978636292456e+02 -5.495881546809780360e+00
-1.700776224577686833e+02 2.842115637145666369e+02 -5.493000296298462537e+00
-1.701261810947036963e+02 2.842151608135844185e+02 -5.497704886709998462e+00
-1.701458061412879488e+02 2.841688437359680393e+02 -5.491458410486282915e+00
-1.701550103312082172e+02 2.841053797424866048e+02 -5.481192813610828551e+00
-1.694856465893122675e+02 2.828786765067221722e+02 -5.203091607287013254e+00
-1.694668114059599873e+02 2.827752578915926733e+02 -5.182411693757076776e+00
-1.694186181050195330e+02 2.826250159728883204e+02 -5.151941370996343750e+00
-1.693893141661495463e+02 2.825413391594139512e+02 -5.134196923218025788e+00
-1.693899175357550746e+02 2.824755125467791572e+02 -5.122716691891185725e+00
-1.693559791299045401e+02 2.823517781925272629e+02 -5.097801930717128727e+00
-1.693363042947306099e+02 2.822545953252371760e+02 -5.078444907101575367e+00
-1.693361130179045233e+02 2.821899355740447390e+02 -5.067018276350252037e+00
-1.693610174653653644e+02 2.821658106790499687e+02 -5.065005482118084323e+00
-1.693608230087395441e+02 2.821011331013106087e+02 -5.053578113550930340e+00
-1.693243217225909802e+02 2.820117958921327386e+02 -5.034458637235060152e+00
-1.693465077709793718e+02 2.819841212136735180e+02 -5.032230160003219765e+00
-1.693661789640997597e+02 2.819539568844461428e+02 -5.028842364913815643e+00
-1.693829544662181661e+02 2.819193193121987520e+02 -5.024186549927922130e+00
-1.694080445697403832e+02 2.818961614113594010e+02 -5.022227102714673208e+00
-1.694366014735002182e+02 2.818804526544765281e+02 -5.021698754136258103e+00
-1.694607147418487614e+02 2.818575114160489079e+02 -5.019740365971802731e+00
-1.694780911277615019e+02 2.818525326667220838e+02 -5.020662006121421328e+00
-1.695193983227453600e+02 2.818554934436682515e+02 -5.025258629998471172e+00
-1.695450499132845152e+02 2.818352613563930049e+02 -5.024461010899413438e+00
-1.695676145881744219e+02 2.818095600278334132e+02 -5.022340670716353372e+00
-1.695886411167937240e+02 2.817811504644159299e+02 -5.019059969939328347e+00
-1.696141013019207548e+02 2.817599214373616974e+02 -5.018207717326411910e+00
-1.696349469884567895e+02 2.817624010618366697e+02 -5.020560731668558319e+00
-1.696716317044373454e+02 2.817572003448069040e+02 -5.022675266065698807e+00
-1.696997979185246948e+02 2.817394579658635507e+02 -5.023036726750304659e+00
-1.697322291452080094e+02 2.817280151479904475e+02 -5.023775733609486593e+00
-1.697634931564613510e+02 2.817157986567813737e+02 -5.024461287468025894e+00
-1.697928276645118899e+02 2.816988355687368539e+02 -5.024876390292707384e+00
-1.698407307600801914e+02 2.817096298883991494e+02 -5.030956909459130877e+00
-1.698553930586307388e+02 2.817011238132492963e+02 -5.031663861239349167e+00
-1.698752517045603270e+02 2.816719358365787684e+02 -5.028329807758765924e+00
-1.699076846200255488e+02 2.816605043437388645e+02 -5.029069192894102258e+00
-1.699511346363063353e+02 2.816640170233886238e+02 -5.034718592249223690e+00
-1.699804806336998979e+02 2.816471162766542875e+02 -5.034135494373100705e+00
-1.700165983180128535e+02 2.816389621612831888e+02 -5.036087944660815552e+00
-1.700557947358193189e+02 2.816362347004163098e+02 -5.040361919200503138e+00
-1.700704682725714463e+02 2.816277871295255295e+02 -5.040070583868430099e+00
-1.701135504880676592e+02 2.816293840795838150e+02 -5.044613388662234854e+00
-1.701390133834987637e+02 2.816081729626789638e+02 -5.043761992898710744e+00
-1.701803668359034418e+02 2.816060713744753343e+02 -5.047090163120305562e+00
-1.702168596863346579e+02 2.815998713512059339e+02 -5.050150956727831542e+00
-1.702649875917625764e+02 2.816065333306566458e+02 -5.056015361565121324e+00
-1.702941357959136042e+02 2.815886024031545389e+02 -5.056377066005556031e+00
-1.703183011050170990e+02 2.815924625595145585e+02 -5.058837578185691797e+00
-1.703650731896624961e+02 2.815973659810580330e+02 -5.064594802297758491e+00
-1.704048716619893469e+02 2.815924710680387193e+02 -5.068760337294891727e+00
-1.704435230562470167e+02 2.815869073072561264e+02 -5.070875653497861180e+00
-1.704953418377695016e+02 2.815968784739134207e+02 -5.077954631743974545e+00
-1.705421183045016846e+02 2.816018072486346568e+02 -5.083713004571457361e+00
-1.705910307658581075e+02 2.816072523691780134e+02 -5.090522558206366455e+00
-1.706374876873570372e+02 2.816370433002984441e+02 -5.099591833719482992e+00
-1.706916377147641697e+02 2.816485503127157699e+02 -5.107777382841900859e+00
-1.695892670027890290e+02 2.839118344579603104e+02 -5.486068754398806036e+00
-1.696202537514244852e+02 2.838875609190115483e+02 -5.484110333495515910e+00
-1.696564295412351555e+02 2.838744023559825109e+02 -5.484796205215122455e+00
-1.696721215151787874e+02 2.838606490109316951e+02 -5.484234438332615369e+00
-1.697017608775400674e+02 2.838346633442119469e+02 -5.481170000911348872e+00
-1.697381164754539498e+02 2.838224413462834832e+02 -5.482908690531871798e+00
-1.697737331828218146e+02 2.838063720229520186e+02 -5.482433555936455427e+00
-1.698016354737594895e+02 2.837766433095121670e+02 -5.479153303423339949e+00
-1.698374318642654544e+02 2.837615086359082852e+02 -5.479730884004959890e+00
-1.698703343593059856e+02 2.837419100713806870e+02 -5.479040958316264032e+00
-1.698864055517894656e+02 2.837301318953900022e+02 -5.478587550245398674e+00
-1.699208451691560242e+02 2.837132349679940830e+02 -5.479057744649971973e+00
-1.699516404019909999e+02 2.836879664432880759e+02 -5.477044911991620246e+00
-1.699772168542866666e+02 2.836567338412971822e+02 -5.472659358782037131e+00
-1.694159051291086087e+02 2.825525376286442452e+02 -5.218187794520249057e+00
-1.693437956121107675e+02 2.823625972295686211e+02 -5.176357892094785029e+00
-1.693272055743479996e+02 2.823027062079712550e+02 -5.164008802644389107e+00
-1.692905679422746346e+02 2.821755193431582711e+02 -5.136880824670093659e+00
-1.693112195640643449e+02 2.821451570683220211e+02 -5.133492759711700160e+00
-1.693393985085823772e+02 2.821274797014565365e+02 -5.132856173787419429e+00
-1.693731869257346148e+02 2.821178000465465061e+02 -5.133702261078803453e+00
-1.693602334012682604e+02 2.820344085164273906e+02 -5.118148739533836533e+00
-1.693617777206209780e+02 2.820053152364454263e+02 -5.112623664465932194e+00
-1.693837836017988536e+02 2.819767021224662926e+02 -5.109342266607940886e+00
-1.694048120521310636e+02 2.819483038328232283e+02 -5.106062063144698016e+00
-1.694314408939622183e+02 2.819278559860022710e+02 -5.105263198288275461e+00
-1.694611555219545380e+02 2.819128727619812480e+02 -5.105786559628869625e+00
-1.694839219414786839e+02 2.818882221951064935e+02 -5.102722428070562088e+00
-1.695148037327348618e+02 2.818740136371949347e+02 -5.103299055700516895e+00
-1.695283083652751088e+02 2.818647810679349277e+02 -5.102953889091646822e+00
-1.695613004177717471e+02 2.818562593552341013e+02 -5.104854229180743275e+00
-1.695848422869426599e+02 2.818303432346820614e+02 -5.102732932674124200e+00
-1.696203601817674667e+02 2.818243658399573519e+02 -5.104794217097006204e+00
-1.696373132281680398e+02 2.817906555706216523e+02 -5.101190706383143869e+00
-1.696797907637930507e+02 2.817944088276141201e+02 -5.105841572437929798e+00
-1.697079680353171511e+02 2.817767240114151832e+02 -5.105204813683899445e+00
-1.697253463283660437e+02 2.817717526664681031e+02 -5.106126626664623025e+00
-1.697577682931492120e+02 2.817602616379469396e+02 -5.107864366588615646e+00
-1.697917388150128488e+02 2.817515355680309312e+02 -5.109764077266335747e+00
-1.698212750701200378e+02 2.817356232542813927e+02 -5.109235150643225865e+00
-1.698604682547494065e+02 2.817328789533360123e+02 -5.113508319692072313e+00
-1.698946315480779390e+02 2.817251544093397229e+02 -5.115462920699448190e+00
-1.699264938771805475e+02 2.817107459454924765e+02 -5.116039175737888911e+00
-1.699467702670167455e+02 2.817102629031321612e+02 -5.118229711377997759e+00
-1.699873342824683391e+02 2.817093553100605163e+02 -5.121612733618468027e+00
-1.700184010367177052e+02 2.816961114311024517e+02 -5.123243481953960732e+00
-1.700601240878659723e+02 2.816959349371967392e+02 -5.127678522290500140e+00
-1.701074620176798362e+02 2.817037881061504550e+02 -5.133597625058813563e+00
-1.701561496691766422e+02 2.817133655669054519e+02 -5.140623293022858142e+00
-1.701909126804055745e+02 2.817034614004213608e+02 -5.142469024846197279e+00
-1.702038480526241528e+02 2.816912612958529394e+02 -5.141961360800166858e+00
-1.703720855986779839e+02 2.818036763643615927e+02 -5.178701253355784573e+00
-1.703530544174969350e+02 2.817204563743154040e+02 -5.162093595736632068e+00
-1.706872838797574730e+02 2.821033534651592731e+02 -5.264918260574447118e+00
-1.707441530256629107e+02 2.821184140081846863e+02 -5.273319579110737010e+00
-1.707857265172909251e+02 2.821121552619724753e+02 -5.277431414060895776e+00
-1.707444578014154501e+02 2.820298152369264812e+02 -5.258633692863250886e+00
-1.706808897680975008e+02 2.818896694034082770e+02 -5.227539357018796906e+00
-1.706717295086423007e+02 2.818207294204416939e+02 -5.213791632602081449e+00
-1.707030304050279597e+02 2.818034043074564465e+02 -5.214207687628771737e+00
-1.707370400091020599e+02 2.817895760013319659e+02 -5.215837901909567975e+00
-1.693837401277927484e+02 2.829685855347751726e+02 -5.428088094038873379e+00
-1.694135059763878814e+02 2.829485632674630438e+02 -5.427343690610794802e+00
-1.694324363484250853e+02 2.829463726960825625e+02 -5.428428228476178674e+00
-1.694637394964774444e+02 2.829290529885016099e+02 -5.428844234576532202e+00
-1.694935150922563594e+02 2.829090827239348869e+02 -5.427101184496486042e+00
-1.695230907923149744e+02 2.828880700633112610e+02 -5.426302507092870542e+00
-1.695378142066447822e+02 2.828427440811214524e+02 -5.419056793237414738e+00
-1.695544547322211884e+02 2.828020976531885253e+02 -5.413079950448622668e+00
-1.694119475895157336e+02 2.824948018218711354e+02 -5.341280713764314569e+00
-1.693753133495679606e+02 2.823994675268236278e+02 -5.319839711509846580e+00
-1.693583547576113801e+02 2.823058232141772805e+02 -5.300697873578830155e+00
-1.693521957567861875e+02 2.822312972006639598e+02 -5.285683309662080553e+00
-1.693639741096363309e+02 2.821865453906781909e+02 -5.278437802943718893e+00
-1.693975630617633783e+02 2.821758281119719527e+02 -5.280228400685638590e+00
-1.694226579610682677e+02 2.821526964545662395e+02 -5.278270153551776644e+00
-1.694653239054929941e+02 2.821574297789155708e+02 -5.282974609558392487e+00
-1.695852169562840572e+02 2.823150965261961574e+02 -5.324603777718403208e+00
-1.698439432362170294e+02 2.826601266920728790e+02 -5.414635051894034490e+00
-1.698810469747961633e+02 2.826518026676484965e+02 -5.416588297047546519e+00
-1.699150652329441300e+02 2.826380168773118271e+02 -5.417219351054266774e+00
-1.699405773023000279e+02 2.826117535279684034e+02 -5.415099590484409475e+00
-1.699774916117685279e+02 2.826024428573761043e+02 -5.416998648076582157e+00
-1.699844510766359917e+02 2.825485078470971985e+02 -5.408216078384525005e+00
-1.700155735515890569e+02 2.825620807063763777e+02 -5.413265196312255334e+00
-1.700296820547914649e+02 2.825188552425830721e+02 -5.407125984920634565e+00
-1.700696828128359641e+02 2.825150139094876067e+02 -5.410347644557827351e+00
-1.701037017891985670e+02 2.825012318599894456e+02 -5.410978904015016688e+00
-1.701433227888310284e+02 2.824954125458999101e+02 -5.414092169788987441e+00
-1.701645797541179945e+02 2.824628986851313925e+02 -5.410596300381344648e+00
-1.701759797291855989e+02 2.824161773496869614e+02 -5.403242981098233422e+00
-1.702070952776473121e+02 2.824297141623484322e+02 -5.409291380768527446e+00
-1.702327961282757656e+02 2.824044366138707574e+02 -5.407225756394683280e+00
-1.702679837613424922e+02 2.823914357446058716e+02 -5.407910403608366501e+00
-1.702963906943086272e+02 2.823696438577707113e+02 -5.407058560207055109e+00
-1.703288621545345620e+02 2.823531073293984264e+02 -5.407528175821342487e+00
-1.703543726066963302e+02 2.823268355568632728e+02 -5.405408072024202148e+00
-1.703673132599812163e+02 2.823146654878257777e+02 -5.404901694470401807e+00
-1.703889487947587327e+02 2.822841259445102651e+02 -5.401514251545345147e+00
-1.704047795522642730e+02 2.822445701757698089e+02 -5.396588677660736799e+00
-1.704579570310615395e+02 2.822563148826036468e+02 -5.403775301325133285e+00
-1.704795917372360634e+02 2.822257735524712530e+02 -5.400387874708404645e+00
-1.704901889904709833e+02 2.821801745187522101e+02 -5.394087094518800640e+00
-1.705404607969402377e+02 2.821873940247743349e+02 -5.401004344937321733e+00
-1.705340615928696479e+02 2.821487551066489345e+02 -5.392889596133255914e+00
-1.705870408089287196e+02 2.821594697163174033e+02 -5.401021141147772653e+00
-1.705976466058491496e+02 2.821139151524078557e+02 -5.393721422442888880e+00
-1.706367002838720452e+02 2.821051434587889730e+02 -5.396672774503612935e+00
-1.706641302542769552e+02 2.820835663063824086e+02 -5.395822125499758926e+00
-1.706789901483209064e+02 2.820442595381765045e+02 -5.389898361542099892e+00
-1.707232796344472661e+02 2.820415355221670666e+02 -5.394225057692764835e+00
-1.707199545622179073e+02 2.820083018197165643e+02 -5.388431008906579223e+00
-1.707607510440159899e+02 2.820032992364365327e+02 -5.391599376143959788e+00
-1.707849000667975474e+02 2.819752447514433129e+02 -5.389371113296941296e+00
-1.692598427288659195e+02 2.822966834533843894e+02 -5.395317928168630317e+00
-1.692984447392803986e+02 2.822961632447363058e+02 -5.398701027886234627e+00
-1.693372279966497729e+02 2.822965870954759566e+02 -5.403137118333148692e+00
-1.693615731821141424e+02 2.822695505049691178e+02 -5.399963266423339903e+00
-1.693895645476466711e+02 2.822508948638687230e+02 -5.399272955202631508e+00
-1.694057761590816540e+02 2.822451526259944217e+02 -5.400141945415652955e+00
-1.694277870168070876e+02 2.822165666969636391e+02 -5.396861679963393499e+00
-1.694422798682928999e+02 2.821753430904467450e+02 -5.389831151050948677e+00
-1.694909167698937722e+02 2.821899595171955184e+02 -5.398124345713831040e+00
-1.695154515652336897e+02 2.821639105143712527e+02 -5.395004613691707362e+00
-1.695301229145697164e+02 2.821236179129559218e+02 -5.389026475466847543e+00
-1.695569494838081539e+02 2.821360335714803114e+02 -5.393969752212181668e+00
-1.695729777858372529e+02 2.820975041590666592e+02 -5.388099051526984873e+00
-1.695996109393786639e+02 2.820770787698870663e+02 -5.387301181300834685e+00
-1.696318544803218060e+02 2.820646596507158392e+02 -5.387986327513568874e+00
-1.696582968920771748e+02 2.820432420427591751e+02 -5.387134080585291862e+00
-1.696832008700423557e+02 2.820191172313668062e+02 -5.385121405386685822e+00
-1.697179603289986858e+02 2.820091895048268498e+02 -5.386965853150011085e+00
-1.697229693618991746e+02 2.819875370292120351e+02 -5.382871652523217421e+00
-1.697507694991508060e+02 2.819678853709322652e+02 -5.382126997223810605e+00
-1.697785692785063247e+02 2.819482318485382280e+02 -5.381382120162898630e+00
-1.698092653579013529e+02 2.819330572703295275e+02 -5.381905571171468949e+00
-1.698486510264760341e+02 2.819313155267259390e+02 -5.386233562873606218e+00
-1.698793474649783661e+02 2.819161428189365211e+02 -5.386757116607411966e+00
-1.699030835044540595e+02 2.818912405681494420e+02 -5.384691259102782013e+00
-1.699148614605925616e+02 2.818783178002169052e+02 -5.383131682115422478e+00
-1.699438189071695717e+02 2.818593907782380370e+02 -5.383438804407326472e+00
-1.699718098019952208e+02 2.818407352144350284e+02 -5.382748731256451258e+00
-1.699943780133697544e+02 2.818150535702315551e+02 -5.380629469687000288e+00
-1.700276007248953647e+02 2.818024299526789491e+02 -5.381314105528694824e+00
-1.700511453589589337e+02 2.817765307621128841e+02 -5.379193614510206167e+00
-1.700791259145624679e+02 2.817578213764040242e+02 -5.379501966248437128e+00
-1.700951591543235679e+02 2.817511500551062227e+02 -5.379318549461482135e+00
-1.701200517133222547e+02 2.817269657979400677e+02 -5.378304229048822549e+00
-1.701492103658725341e+02 2.817090867320170560e+02 -5.377667405877626372e+00
-1.701621077865949303e+02 2.816701674381421299e+02 -5.371743719394391547e+00
-1.701860227364055049e+02 2.816461970764074749e+02 -5.370730422977588958e+00
-1.702124640684164945e+02 2.816247738445829327e+02 -5.369878105946152225e+00
-1.702607728592695651e+02 2.816323780003920092e+02 -5.376795636860061123e+00
-1.702591847347099758e+02 2.816028854355936346e+02 -5.371217181405572028e+00
-1.702908595697803662e+02 2.815875054624426070e+02 -5.371740189715403346e+00
-1.703242653237974764e+02 2.815758352563741482e+02 -5.373478329912581231e+00
-1.703386995586934631e+02 2.815396147301331098e+02 -5.368714966544934519e+00
-1.703732728508697107e+02 2.815287249362931448e+02 -5.370506681203113253e+00
-1.704035898900673374e+02 2.815115761179288825e+02 -5.370921943798931508e+00
-1.704273242407611235e+02 2.814866625421086042e+02 -5.368855708018147155e+00
-1.691402638862062986e+02 2.817586824120879783e+02 -5.366664432576434329e+00
