-1.706531610791293190e+02 2.868510891158053369e+02 -4.172843531435726838e+00
-1.706811297800187219e+02 2.868162551573308292e+02 -4.170290651392873471e+00
-1.707202760971433690e+02 2.868026280790887199e+02 -4.169973203947247242e+00
-1.707447683342808773e+02 2.867602496994403509e+02 -4.167987972558989895e+00
-1.707682924257420893e+02 2.867181332395386448e+02 -4.165005230090668142e+00
-1.707887261054566181e+02 2.866705000084208450e+02 -4.161699668617436565e+00
-1.708135154144487160e+02 2.866723413311084983e+02 -4.162051255572579933e+00
-1.708385720838453778e+02 2.866329188010861913e+02 -4.160227948615205840e+00
-1.708638271208090771e+02 2.865945359603624638e+02 -4.157460141645477059e+00
-1.708859922142533208e+02 2.865506362582012230e+02 -4.154369530472992622e+00
-1.709322834143860348e+02 2.865477670305950824e+02 -4.155694641711167314e+00
-1.709650620490411939e+02 2.865221202298270100e+02 -4.154677641264184373e+00
-1.710082751292962087e+02 2.865137943844852657e+02 -4.154681743611622124e+00
-1.710450255787343963e+02 2.865356163743125535e+02 -4.158213256280149039e+00
-1.710733689504775157e+02 2.865027419701855251e+02 -4.155767911033800388e+00
-1.711148392611445104e+02 2.864906222596013663e+02 -4.156555327209438211e+00
-1.711522523761466061e+02 2.864732522866559066e+02 -4.156022639861337353e+00
-1.705289562528769238e+02 2.873417462359483920e+02 -4.297612096951509031e+00
-1.705066611163791492e+02 2.872089856562980117e+02 -4.285368097783883279e+00
-1.704705597806578794e+02 2.870945758451798611e+02 -4.274952707781262795e+00
-1.704571000208973999e+02 2.869814247147003812e+02 -4.264836243196548971e+00
-1.704401816277549528e+02 2.868608255435688648e+02 -4.253289878249900013e+00
-1.704307369478716794e+02 2.867580352116519862e+02 -4.244763236669162332e+00
-1.704101238496329813e+02 2.866340832211677139e+02 -4.233002345605688888e+00
-1.704054943951823020e+02 2.865405124390534297e+02 -4.225012093692374293e+00
-1.703908186232168589e+02 2.864316566813651548e+02 -4.215110717884283709e+00
-1.703635197592674047e+02 2.863420159585214151e+02 -4.206093866136564330e+00
-1.703507504116643929e+02 2.862378119100069398e+02 -4.197459239117388385e+00
-1.703597763853080664e+02 2.861730953998139739e+02 -4.192133968651742038e+00
-1.703811455950473430e+02 2.861303588608631117e+02 -4.189096915212347838e+00
-1.704032695894299536e+02 2.860915762905243014e+02 -4.186276322997457555e+00
-1.704171138826432639e+02 2.860360942627368672e+02 -4.181488054319311587e+00
-1.704438592707624309e+02 2.860055178491023753e+02 -4.180149490097768705e+00
-1.704491418890684429e+02 2.859745206833739530e+02 -4.177566717482976699e+00
-1.704807088811230074e+02 2.859531984942913141e+02 -4.176766053442284132e+00
-1.705117090496397623e+02 2.859289053904035995e+02 -4.175802822975251516e+00
-1.705363518192491767e+02 2.858926472847651326e+02 -4.173141527218858116e+00
-1.705677294081684749e+02 2.858703306767031904e+02 -4.172286471945717778e+00
-1.706018186265259828e+02 2.858515497541358741e+02 -4.171645848801962764e+00
-1.706345518852855321e+02 2.858310015012349368e+02 -4.170898035272029070e+00
-1.706477344055784044e+02 2.858147161108250884e+02 -4.170174267647214883e+00
-1.706864582154230447e+02 2.858042100558594711e+02 -4.170017854965736070e+00
-1.707161019987424311e+02 2.857781448505120352e+02 -4.168947266914805994e+00
-1.707677747677112450e+02 2.857874623020101694e+02 -4.170971114210102471e+00
-1.708003198736575428e+02 2.857659261778841255e+02 -4.170169268404769980e+00
-1.708284185400424917e+02 2.857371030526566642e+02 -4.168937333690183600e+00
-1.708671338535346536e+02 2.857265516363627853e+02 -4.169779841935265630e+00
-1.709019696583631571e+02 2.857436788684428848e+02 -4.172042633823970448e+00
-1.709387724718380070e+02 2.857284439254230506e+02 -4.171616917607340547e+00
-1.709846472407893430e+02 2.857287275410080269e+02 -4.173104494643649964e+00
-1.710284103596177658e+02 2.857232813002303828e+02 -4.174268047714519980e+00
-1.710721735462191759e+02 2.857178379566420290e+02 -4.175431724942366252e+00
-1.711360495902087564e+02 2.857430687910828624e+02 -4.179421483421871031e+00
-1.712070765933049472e+02 2.857790892960743463e+02 -4.185055231619163152e+00
-1.712800194887357463e+02 2.858518078077582913e+02 -4.193645849279638682e+00
-1.713092992399277250e+02 2.858238396286008083e+02 -4.191469525017810227e+00
-1.704996765772017966e+02 2.875243003344673980e+02 -4.394074422107850708e+00
-1.703620370485939191e+02 2.866701556553141472e+02 -4.311523669602999043e+00
-1.703759279815588741e+02 2.866095855118009013e+02 -4.306466614523698055e+00
-1.703919276378115910e+02 2.865547273548658040e+02 -4.301732757816434827e+00
-1.704156366653454029e+02 2.865135819204447216e+02 -4.298803288266742406e+00
-1.702969003870228448e+02 2.860943866493257701e+02 -4.256434049583360135e+00
-1.702858678553649270e+02 2.859939465584931213e+02 -4.247014839818293197e+00
-1.702740439075084851e+02 2.858946930267319999e+02 -4.237650261461324952e+00
-1.703210882379700308e+02 2.857464469651091008e+02 -4.226306077929356420e+00
-1.703449385871535355e+02 2.857113727017958240e+02 -4.223699259819774454e+00
-1.703660318170884693e+02 2.857098527387227591e+02 -4.223835918621578145e+00
-1.703991391007445486e+02 2.856912631997221865e+02 -4.223195484528793564e+00
-1.704380373170050404e+02 2.856816696184541797e+02 -4.224090651858185552e+00
-1.704728792312793928e+02 2.856668304549421009e+02 -4.223665912543313361e+00
-1.705085096346213618e+02 2.856507868609991192e+02 -4.223185745986151041e+00
-1.705489533928241315e+02 2.856439559675873738e+02 -4.224242486695332310e+00
-1.705893976865833679e+02 2.856371278787810297e+02 -4.225299411002456651e+00
-1.706029569119215807e+02 2.856228152378982372e+02 -4.224683702730843926e+00
-1.706416780413215690e+02 2.856122951457309682e+02 -4.224526639892519420e+00
-1.706821238757520973e+02 2.856054725830013012e+02 -4.225583812281249685e+00
-1.707077067781428639e+02 2.855741403581946543e+02 -4.223192376306862172e+00
-1.707508646676110686e+02 2.855708582520857135e+02 -4.224464148022696541e+00
-1.708025276212449342e+02 2.855801208925872174e+02 -4.227486522408152148e+00
-1.708131956281613952e+02 2.855613329519273407e+02 -4.225603582721378260e+00
-1.708503633231877359e+02 2.855480105155201613e+02 -4.226284115666329555e+00
-1.708935233566567149e+02 2.855447396372826461e+02 -4.227556443218689175e+00
-1.709345710927144353e+02 2.855357380551481015e+02 -4.228504725362687289e+00
-1.709731064599881734e+02 2.855242451537848183e+02 -4.228294331762837643e+00
-1.710187910001942839e+02 2.855235325690375703e+02 -4.229727415084990838e+00
-1.710528802176643524e+02 2.855047516417453721e+02 -4.229086881218858451e+00
-1.710849965000316217e+02 2.855183035287973325e+02 -4.232134469659659004e+00
-1.711274032333668345e+02 2.855110851849849496e+02 -4.233190694905838214e+00
-1.711870220623128773e+02 2.855300225019101958e+02 -4.236804704428958068e+00
-1.712126062153214718e+02 2.854986968264327061e+02 -4.234413597652411987e+00
-1.712675905633289801e+02 2.855093573123854185e+02 -4.237543353595064843e+00
-1.702995200848376385e+02 2.866253242346109005e+02 -4.378616611303063344e+00
-1.703248656987849756e+02 2.865447538906250884e+02 -4.372621655575314570e+00
-1.703503075704669527e+02 2.865073494761829807e+02 -4.369907397766959356e+00
-1.702106878430528809e+02 2.858934654346755337e+02 -4.305032336770054258e+00
-1.702160288588664230e+02 2.858254480173621914e+02 -4.298493918699655580e+00
-1.702061234052567613e+02 2.857309102702720907e+02 -4.289398074759778190e+00
-1.712758714883606785e+02 2.861606004628651476e+02 -4.371126549068479861e+00
-1.713092139753159699e+02 2.861379115590156630e+02 -4.370271620405245194e+00
-1.713534056622435742e+02 2.861293794437960401e+02 -4.370274891861153144e+00
-1.714897804380788386e+02 2.862623296490228313e+02 -4.388702600267766485e+00
-1.711645240527381304e+02 2.854548044858142362e+02 -4.299702789331028896e+00
-1.712042185093467879e+02 2.854440496089728185e+02 -4.300544561004901567e+00
-1.712226404824926931e+02 2.854018797186751044e+02 -4.297508021592279626e+00
-1.704645517200625306e+02 2.877401666684023098e+02 -4.581364807699431552e+00
-1.703196370036449423e+02 2.865866321417120162e+02 -4.457898093157222519e+00
-1.703233925964647142e+02 2.865529739371381766e+02 -4.454157337702013386e+00
-1.701677259308235364e+02 2.857803969003336420e+02 -4.369726981402511257e+00
-1.701583395435973785e+02 2.857259069088331671e+02 -4.363750984254545884e+00
-1.701683100239004887e+02 2.856661362384262475e+02 -4.357695506053213208e+00
-1.711705413336491688e+02 2.861955074387961986e+02 -4.452002843011595878e+00
-1.712062176052238840e+02 2.861743729597891956e+02 -4.451253885049305303e+00
-1.712422719005305964e+02 2.861552206784027135e+02 -4.450613410035827222e+00
-1.712026747227112367e+02 2.853772478126549004e+02 -4.372113415263174652e+00
-1.712267111891851812e+02 2.853431482182998025e+02 -4.369560238788728235e+00
-1.712565413367770475e+02 2.853180615176432298e+02 -4.368543408291072794e+00
-1.704307908003390821e+02 2.877926040038337305e+02 -4.659896851929204331e+00
-1.704699816135104129e+02 2.877738775835693446e+02 -4.659310032486689401e+00
-1.702776685857577093e+02 2.867080791033454261e+02 -4.536982495497039025e+00
-1.702978391377015726e+02 2.866164052608828001e+02 -4.528345265334491998e+00
-1.703263704164591275e+02 2.865845148985480364e+02 -4.525953717408571109e+00
-1.701540699841621915e+02 2.858261501314484576e+02 -4.438096049843097468e+00
-1.701567094744468989e+02 2.857546508085098935e+02 -4.430344740232957435e+00
-1.701483578124457381e+02 2.856629172764465920e+02 -4.420411403068960965e+00
-1.703269424959402443e+02 2.857449514597978464e+02 -4.436590541153008438e+00
-1.703329781796008717e+02 2.857179018012114398e+02 -4.434223930401536506e+00
-1.703660859313362437e+02 2.856993121712018819e+02 -4.433583525990510310e+00
-1.703797001595634129e+02 2.856479615015337004e+02 -4.429011287228923344e+00
-1.704263209451514172e+02 2.856521493552520496e+02 -4.430712994425606510e+00
-1.704667645672165577e+02 2.856453126643117457e+02 -4.431769546339249466e+00
-1.710998154788320562e+02 2.860703604864908698e+02 -4.504760756506370534e+00
-1.712461716341291549e+02 2.862235874942920759e+02 -4.527365879664082549e+00
-1.712361323644231277e+02 2.853817771052790135e+02 -4.439792582344962213e+00
-1.712649808341676874e+02 2.853888789812309028e+02 -4.441464807140000914e+00
-1.712779863682765722e+02 2.853396717592419236e+02 -4.437000015905695705e+00
-1.713080070343713146e+02 2.853155802340901346e+02 -4.436037627765168523e+00
-1.705421133042878807e+02 2.883008594554038382e+02 -4.820064161557424676e+00
-1.704781212243051982e+02 2.881150477969970325e+02 -4.795577071514609102e+00
-1.704510013673787228e+02 2.879570264661957140e+02 -4.776941231560137169e+00
-1.704161799201665417e+02 2.877853340279099257e+02 -4.755501967680842768e+00
-1.704105601228543492e+02 2.876759157106672546e+02 -4.742657454140949191e+00
-1.703785826073197711e+02 2.875137858419249710e+02 -4.722754156875842213e+00
-1.703569741625650806e+02 2.873739601126958405e+02 -4.706137806431254234e+00
-1.703332174477435217e+02 2.872335489289375232e+02 -4.689468759647524188e+00
-1.703043050984458375e+02 2.871301288584180611e+02 -4.676702582133736463e+00
-1.702880266060117833e+02 2.870075522656324551e+02 -4.662053469271386419e+00
-1.702748325719772993e+02 2.868904625380773723e+02 -4.647725876737049511e+00
-1.701458338580014811e+02 2.859322671611239457e+02 -4.533740852031224122e+00
-1.701151530570705290e+02 2.857982544379185015e+02 -4.517340890492379302e+00
-1.700959557645526559e+02 2.857243795247105709e+02 -4.508238198286327325e+00
-1.700893474762085020e+02 2.856364455636218054e+02 -4.497521780651030809e+00
-1.700916051338586215e+02 2.855629453673109310e+02 -4.489661200612895087e+00
-1.702838235109057052e+02 2.856737174007607791e+02 -4.511502802684949742e+00
-1.703059490317155564e+02 2.856349436909309816e+02 -4.507681676509640134e+00
-1.703119834644625428e+02 2.856078874814404571e+02 -4.505314766319533426e+00
-1.703726639970805650e+02 2.856377103285575458e+02 -4.511517941055130265e+00
-1.704117506553203896e+02 2.856291035905372837e+02 -4.512467148821308172e+00
-1.704566378822905222e+02 2.856295466827028804e+02 -4.513953439158340686e+00
-1.705198350173072015e+02 2.856618842912017726e+02 -4.521316333592309888e+00
-1.705599109234603077e+02 2.856531278772282576e+02 -4.521266256099298886e+00
-1.706046025744482790e+02 2.856525433570759560e+02 -4.523697593968926789e+00
-1.706226074131462838e+02 2.856455159327917954e+02 -4.523511931643276363e+00
-1.706659438190060314e+02 2.856431678238797645e+02 -4.525836284245038144e+00
-1.707131594399914434e+02 2.856451387863124864e+02 -4.528428313323347609e+00
-1.707449139119819392e+02 2.856247958600211518e+02 -4.527681428201402625e+00
-1.707861495547583104e+02 2.856167783181038544e+02 -4.528683537425036931e+00
-1.708306551538623808e+02 2.856152220135830930e+02 -4.531061595890166771e+00
-1.708315143218428318e+02 2.855450641245888050e+02 -4.523363642501272430e+00
-1.708447049806617031e+02 2.855288222215704081e+02 -4.521640910909154876e+00
-1.706996968074486460e+02 2.852333408134105639e+02 -4.482532463894195907e+00
-1.709466693588141197e+02 2.855455526806959483e+02 -4.528578215813849006e+00
-1.710107113131628296e+02 2.855716506290810344e+02 -4.534618445471577886e+00
-1.710448003089440476e+02 2.855528736253805846e+02 -4.533978057360242175e+00
-1.710659377085236770e+02 2.855142542206044709e+02 -4.531156532321702457e+00
-1.710860962785586139e+02 2.854758450029980850e+02 -4.528336102966318499e+00
-1.711048912825415016e+02 2.854676244687382791e+02 -4.528095509793936380e+00
-1.711318303900332012e+02 2.854380634021231344e+02 -4.525811528919906124e+00
-1.711844681693630719e+02 2.854471016477372132e+02 -4.529833093655916798e+00
-1.712539322808729878e+02 2.854802668730038704e+02 -4.537302978008177945e+00
-1.711764628706685301e+02 2.852985243695069357e+02 -4.512901214703790131e+00
-1.712302689926353310e+02 2.853083448804098339e+02 -4.516976091389316217e+00
-1.712589316226085714e+02 2.852824776926673849e+02 -4.515906110942268015e+00
-1.712529606655490397e+02 2.852405439922172832e+02 -4.510628792713013979e+00
-1.706159209122251639e+02 2.886873250925587513e+02 -4.940370203127269377e+00
-1.705588796615117531e+02 2.884632609104469338e+02 -4.910929715253791628e+00
-1.705120144062696284e+02 2.882604935737955429e+02 -4.884721124766327804e+00
-1.704729934919023151e+02 2.880774759988840970e+02 -4.861639019880423795e+00
-1.704237750641790399e+02 2.879263737224510464e+02 -4.841139125237076790e+00
-1.703858768159236945e+02 2.877492341153105144e+02 -4.818379261183051376e+00
-1.703658194532096388e+02 2.876122000868844566e+02 -4.801925776193109563e+00
-1.703405816661237111e+02 2.874640344777033647e+02 -4.782828865250714045e+00
-1.703181935850013247e+02 2.873254604062955764e+02 -4.765269212958636480e+00
-1.703059862007483218e+02 2.872082065299174474e+02 -4.750942561448061596e+00
-1.702564805943485737e+02 2.870662641962234147e+02 -4.731925724016764256e+00
-1.702453986796995196e+02 2.869549042403218095e+02 -4.717922066092794964e+00
-1.702227631452971366e+02 2.868203645149974363e+02 -4.701575020259450177e+00
-1.702141521978182936e+02 2.867166101545248580e+02 -4.688999992437087094e+00
-1.701980174726994335e+02 2.866001188116158005e+02 -4.674674240728833752e+00
-1.701880450249326486e+02 2.864945681047129824e+02 -4.661990789963851967e+00
-1.701724701418150403e+02 2.863810073016398974e+02 -4.647825756654385465e+00
-1.701446401967889130e+02 2.862885879862166689e+02 -4.635652176405473668e+00
-1.701329031833449221e+02 2.861844595537280611e+02 -4.622024663093593944e+00
-1.701199861687055659e+02 2.860794856632550136e+02 -4.609342052240913645e+00
-1.701195876340947279e+02 2.859974098747994731e+02 -4.599999546141550155e+00
-1.701043325896100100e+02 2.858908542431809678e+02 -4.587209685639708212e+00
-1.701095060316416152e+02 2.858219622719177551e+02 -4.578620415952389777e+00
-1.701009788909284168e+02 2.857293106506461982e+02 -4.567635250618468312e+00
-1.700761797669808573e+02 2.856474313462127270e+02 -4.557051224104435860e+00
-1.700853610990209290e+02 2.855888603829775434e+02 -4.551050946467986691e+00
-1.701018845423064647e+02 2.855420784509143459e+02 -4.545748280788933116e+00
-1.701203196472048376e+02 2.854999743837744859e+02 -4.541713621133019352e+00
-1.701570679308631497e+02 2.854897879126965563e+02 -4.542555622406950100e+00
-1.701946056522463095e+02 2.854784007080444894e+02 -4.543342401518178697e+00
-1.702315442751984449e+02 2.854692084739280062e+02 -4.544238853388073984e+00
-1.702389428057735756e+02 2.854439630805874799e+02 -4.540980199376051019e+00
-1.702828382835947707e+02 2.854445427500480150e+02 -4.543465116576589580e+00
-1.703060841728662638e+02 2.854116353797170405e+02 -4.540966730430398002e+00
-1.703469008836693490e+02 2.854067575846949580e+02 -4.542130602417672414e+00
-1.703807514048463929e+02 2.853920568629649779e+02 -4.542704711562293163e+00
-1.704154000515127620e+02 2.853762055848322348e+02 -4.542224844854094279e+00
-1.704502274618485274e+02 2.853612921412040464e+02 -4.542797645190755240e+00
-1.704728549332895966e+02 2.853624735488034503e+02 -4.544094105062598032e+00
-1.705063368448758752e+02 2.853458484239230302e+02 -4.543561387921089434e+00
-1.705427109119299018e+02 2.853336984215266625e+02 -4.544295872280635251e+00
-1.705874088026503443e+02 2.853331499871773644e+02 -4.545727984819819767e+00
-1.706079422237833683e+02 2.852967012679741856e+02 -4.543014977864878290e+00
-1.706557217405840277e+02 2.853016252707026297e+02 -4.545768837053749678e+00
-1.706876497933803876e+02 2.852821930367559844e+02 -4.546073429460967041e+00
-1.707085543468526510e+02 2.852796862735772265e+02 -4.546156077623916936e+00
-1.707516998083142425e+02 2.852763382164592940e+02 -4.548425850430040107e+00
-1.707919545869105491e+02 2.852685176641696785e+02 -4.549428575418945186e+00
-1.708281415297844887e+02 2.852553902618941493e+02 -4.550109532214937857e+00
-1.708755466650453911e+02 2.852583536830852609e+02 -4.552755849889088324e+00
-1.709100094390368838e+02 2.852415315591273952e+02 -4.552222695537554209e+00
-1.709336181981868492e+02 2.852425207372006071e+02 -4.553518915156297808e+00
-1.709682609175093262e+02 2.852266400935872639e+02 -4.554038751927318884e+00
-1.710139333872394900e+02 2.852258634301928737e+02 -4.556469909139710950e+00
-1.710497439820070724e+02 2.852107651476021601e+02 -4.557042938900865536e+00
-1.710979417157197133e+02 2.852125456587116901e+02 -4.559634889726198459e+00
-1.711465189032870171e+02 2.852163158568891959e+02 -4.562335614700140596e+00
-1.711891033268122158e+02 2.852100297257708235e+02 -4.564444377868955627e+00
-1.712154273575926311e+02 2.852145762054217926e+02 -4.565955971051176121e+00
-1.712649848717128691e+02 2.852181465983414910e+02 -4.568656104976358989e+00
-1.713031322460038268e+02 2.852046235091421522e+02 -4.569336025429627135e+00
-1.713552053446134096e+02 2.852107020615226816e+02 -4.573195698612653182e+00
-1.703928047995539714e+02 2.878441012067981433e+02 -4.921600569399085856e+00
-1.702701767065133254e+02 2.872552359999232294e+02 -4.843187785013078894e+00
-1.702443391472610870e+02 2.871092639708758725e+02 -4.823199567869122184e+00
-1.702248063416196828e+02 2.869803089287850639e+02 -4.806177427707400085e+00
-1.701791008642291843e+02 2.867996113965170366e+02 -4.782149748500505559e+00
-1.701719294715929323e+02 2.867407243880547298e+02 -4.773960639871935641e+00
-1.701633172176303503e+02 2.866369644567884620e+02 -4.761385363929242054e+00
-1.701447140565875031e+02 2.865128790988558194e+02 -4.744630542401832685e+00
-1.701253084814622127e+02 2.863899218384331107e+02 -4.728928644572608420e+00
-1.701130085327672816e+02 2.862828479382304181e+02 -4.715139711464241934e+00
-1.701076265947250192e+02 2.861906723395027825e+02 -4.703209745603240677e+00
-1.700926104807208787e+02 2.860800364576051038e+02 -4.689205242051920131e+00
-1.700711402313650069e+02 2.859995937674799507e+02 -4.677729317172751422e+00
-1.700632288507041210e+02 2.859048365688349804e+02 -4.665637521944397292e+00
-1.700526044098907335e+02 2.858065361920979512e+02 -4.653331062905277093e+00
-1.700495373271832307e+02 2.854918468103994087e+02 -4.614663414275590014e+00
-1.700729172612410309e+02 2.854969700264959442e+02 -4.616175668737417581e+00
-1.701048533847904309e+02 2.854775783827514033e+02 -4.615481173020356209e+00
-1.701306212117904124e+02 2.854472133100629776e+02 -4.613142760091299976e+00
-1.701723711005810742e+02 2.854472215653459557e+02 -4.615575571591125303e+00
-1.701738438165442631e+02 2.853749439723425780e+02 -4.606770338073504334e+00
-1.702107810099653307e+02 2.853657442519284473e+02 -4.607666439225187816e+00
-1.702519641426953569e+02 2.853627844880207363e+02 -4.609936838214856891e+00
-1.702670647994085016e+02 2.853512130083450415e+02 -4.609481761966391922e+00
-1.702991893099587060e+02 2.853328091911086517e+02 -4.608841298486004767e+00
-1.703287917603247195e+02 2.853118611638756192e+02 -4.608040699672185880e+00
-1.703634387988425942e+02 2.852960014640518693e+02 -4.607560430966196385e+00
-1.704042452262314669e+02 2.852910689490420850e+02 -4.609722800361870654e+00
-1.704350150150070249e+02 2.852709004703515916e+02 -4.608975359736280808e+00
-1.704669015658088824e+02 2.852885778348599501e+02 -4.612238670183824496e+00
-1.704808947396825829e+02 2.852392125152267113e+02 -4.606774191692540654e+00
-1.705292294107388216e+02 2.852470403706396951e+02 -4.610688507445150464e+00
-1.705569086090023916e+02 2.852213541845520695e+02 -4.609618211414676203e+00
-1.705959933006756160e+02 2.852127371477540692e+02 -4.610567033660736946e+00
-1.706395149316261097e+02 2.852113590355577912e+02 -4.612944682222119397e+00
-1.706687399609979821e+02 2.851884345093490651e+02 -4.612035967732822428e+00
-1.708846012345840393e+02 2.854177019412975937e+02 -4.651383964931707915e+00
-1.707652938155145534e+02 2.851661636339303527e+02 -4.613856775327481508e+00
-1.708099747147132064e+02 2.851655244832243170e+02 -4.617286610682957537e+00
-1.708531309942580663e+02 2.851622339459746627e+02 -4.618558158956246551e+00
-1.708935658979860364e+02 2.851553558157228849e+02 -4.620613807310454568e+00
-1.709293840957231794e+02 2.851402982159182216e+02 -4.620187689506364492e+00
-1.709520145617723585e+02 2.851415003904914443e+02 -4.621485099128584295e+00
-1.709963303993230568e+02 2.851389477899045914e+02 -4.623808782838938924e+00
-1.710379334926595618e+02 2.851328587504475536e+02 -4.625917923776813545e+00
-1.710822509383587260e+02 2.851303145715517644e+02 -4.628242009484958785e+00
-1.711265686313357719e+02 2.851277742299635634e+02 -4.630566181352036459e+00
-1.712912427308851875e+02 2.851956276675938966e+02 -4.647853517493926390e+00
-1.713210724531733717e+02 2.851705361973861272e+02 -4.646836490039345513e+00
-1.713081484688069054e+02 2.850868543856739166e+02 -4.636281794317853588e+00
-1.705329395479242010e+02 2.884712505047727973e+02 -5.091346062033765385e+00
-1.702285045848843197e+02 2.871116001790369978e+02 -4.899270103881230298e+00
-1.702053290602477773e+02 2.869742356091284137e+02 -4.880765199232399709e+00
-1.701890688658192232e+02 2.868517553034932348e+02 -4.864118611674088655e+00
-1.701693164450204279e+02 2.867269833976030213e+02 -4.846313879824824866e+00
-1.701321077369252066e+02 2.866121120033492389e+02 -4.829854169939188147e+00
-1.701217699395276384e+02 2.865046488808427512e+02 -4.816064440330867669e+00
-1.701092952827521572e+02 2.863966596560451308e+02 -4.801223773334171163e+00
-1.700892967270641805e+02 2.862759315427568936e+02 -4.784632101298457840e+00
-1.700850815366006827e+02 2.861845336696517279e+02 -4.772755131586839283e+00
-1.700750752346195611e+02 2.860841389018456198e+02 -4.759342538932672895e+00
-1.700656327059979844e+02 2.859866952619812537e+02 -4.746091614272772041e+00
-1.700370176400759021e+02 2.858954976113221278e+02 -4.732973388783211277e+00
-1.700248593708571434e+02 2.857944967561640510e+02 -4.719507150155697772e+00
-1.700192425305887980e+02 2.857064233700328941e+02 -4.707791892261020905e+00
-1.700225591429731082e+02 2.854838254201497989e+02 -4.680057918619484170e+00
-1.700440165955599241e+02 2.854842132420050689e+02 -4.681300570146252227e+00
-1.701096209173586544e+02 2.854491682161815334e+02 -4.680126577135040655e+00
-1.701297876829687823e+02 2.854108015137309167e+02 -4.676306983698014008e+00
-1.701634466695084882e+02 2.853950990240249439e+02 -4.676826291489733833e+00
-1.702063631828306143e+02 2.853958830894264338e+02 -4.679311996541059671e+00
-1.702159253703304387e+02 2.853393087488146307e+02 -4.672420035050163456e+00
-1.702370053469446134e+02 2.853377210549545566e+02 -4.673554562701340842e+00
-1.702666173656635067e+02 2.853168240029855269e+02 -4.671755320879223738e+00
-1.703029878585941219e+02 2.853046552832702787e+02 -4.672488958202447584e+00
-1.703378133029549417e+02 2.852897315440142165e+02 -4.673061313500577185e+00
-1.703643357347975780e+02 2.852633194982445843e+02 -4.670939429553276234e+00
-1.704068764358656551e+02 2.852621354895113654e+02 -4.673317361408500403e+00
-1.704449816946647331e+02 2.852537229380882877e+02 -4.674266971582797581e+00
-1.704569926976160161e+02 2.852366335721475821e+02 -4.673489039774549880e+00
-1.704935536653864574e+02 2.852254648837723607e+02 -4.674277376007691664e+00
-1.705312808573821144e+02 2.852150749937139835e+02 -4.675118700267551830e+00
-1.705649517904629988e+02 2.851994346624264267e+02 -4.674639920848774111e+00
-1.706117425952026565e+02 2.852045111472884855e+02 -4.678393219135569048e+00
-1.706363412396821957e+02 2.851733581396338195e+02 -4.676001424614462998e+00
-1.706825753937496586e+02 2.851755203930493963e+02 -4.678593702184707936e+00
-1.707065603223885262e+02 2.851784795160442627e+02 -4.679997797558710815e+00
-1.707340505422288857e+02 2.851518036773786093e+02 -4.678873366771130193e+00
-1.707789301662294577e+02 2.851522060867581558e+02 -4.681358804673408258e+00
-1.708207199566675456e+02 2.851470896681793761e+02 -4.683521454773154957e+00
-1.708611638928960872e+02 2.851402597070111824e+02 -4.684578306280329230e+00
-1.708985171699522141e+02 2.851279091365317413e+02 -4.685312267503265460e+00
-1.709445564188442006e+02 2.851290523750385546e+02 -4.688850054277208912e+00
-1.709612038684132074e+02 2.851202501341232391e+02 -4.688556850847167112e+00
-1.710111244089544016e+02 2.851257207762318444e+02 -4.692362716017998814e+00
-1.710442309766617370e+02 2.851071274877826909e+02 -4.691722225602937613e+00
-1.710941526581595440e+02 2.851126066473161131e+02 -4.695528373812178913e+00
-1.711353792666604932e+02 2.851045409268654680e+02 -4.697529458438092220e+00
-1.713311386101089511e+02 2.852818611514023246e+02 -4.730923697606076672e+00
-1.712917253889047515e+02 2.851607761287847325e+02 -4.714118422078076520e+00
-1.713120781478705794e+02 2.851233821750635116e+02 -4.710352456955926748e+00
-1.705594017244206384e+02 2.885671009119877226e+02 -5.192817276521860315e+00
-1.699889178975079460e+02 2.855049005059314027e+02 -4.750924772936924612e+00
-1.700208533627493637e+02 2.854855041436524630e+02 -4.750229961264831324e+00
-1.700548999975356992e+02 2.854718338498704497e+02 -4.749858998160346957e+00
-1.700717996652886086e+02 2.854270208794685573e+02 -4.744664216436665249e+00
-1.701312310483018848e+02 2.854929638943573309e+02 -4.756766347295294572e+00
-1.701359835243164014e+02 2.854271984755972085e+02 -4.748338300935315281e+00
-1.702517037571806782e+02 2.854786354767083481e+02 -4.762256781934549821e+00
-1.703017688936051570e+02 2.854901931657959722e+02 -4.766385813149111250e+00
-1.702193454990037367e+02 2.852771789382376824e+02 -4.734271367770662486e+00
-1.702456781154977534e+02 2.852497715859622076e+02 -4.732094981831645342e+00
-1.702686809302261395e+02 2.852529211539804237e+02 -4.733499274495454934e+00
-1.702961695419180046e+02 2.852262368936238204e+02 -4.732374441710083701e+00
-1.703304051545359528e+02 2.852135562492699137e+02 -4.732057672881120780e+00
-1.703656086657002220e+02 2.852006098486491510e+02 -4.732738314093687393e+00
-1.704037131419607363e+02 2.851921906568879876e+02 -4.733687624751903300e+00
-1.704356374420162581e+02 2.851727387702289889e+02 -4.733991318843219887e+00
-1.704837909837134191e+02 2.851796214868577977e+02 -4.736852557469240388e+00
-1.704903877596973132e+02 2.851555089158615033e+02 -4.734647024073602495e+00
-1.705665897131699467e+02 2.851386355544977960e+02 -4.737545041191783213e+00
-1.707039384607475085e+02 2.851113708931774227e+02 -4.742526416151882529e+00
-1.707807539173565772e+02 2.850923826773400833e+02 -4.744317528730956468e+00
-1.708240890042339117e+02 2.850900251187596837e+02 -4.746641487496315648e+00
-1.708589177317772965e+02 2.850751211153501572e+02 -4.747214860224625355e+00
-1.709440445314046144e+02 2.850676622896540380e+02 -4.751702170681053161e+00
-1.709620381936012450e+02 2.850605754684149247e+02 -4.752514749365910340e+00
-1.710135043872249128e+02 2.850688068381588209e+02 -4.756482085279926331e+00
-1.711926548885617194e+02 2.851271490200334142e+02 -4.775419747198306197e+00
-1.713330674254501105e+02 2.852599130930149727e+02 -4.801889824695593667e+00
-1.713304424122182184e+02 2.851555141632164236e+02 -4.788345255321894811e+00
-1.712757623290294191e+02 2.850131318962712612e+02 -4.766254526111412204e+00
-1.713254997884806698e+02 2.850176437695354821e+02 -4.770007651159148487e+00
-1.701709113294079998e+02 2.868418616792986882e+02 -5.021638229024274480e+00
-1.701521465477824222e+02 2.867169316726142938e+02 -5.002833869436448033e+00
-1.701320228238578522e+02 2.865902174443473314e+02 -4.983921574946552191e+00
-1.701017420531862854e+02 2.864902972039193969e+02 -4.968322172822308147e+00
-1.700854447864715269e+02 2.863729559845491508e+02 -4.950945817934476523e+00
-1.700808651406476599e+02 2.862796503791074656e+02 -4.937962706740579577e+00
-1.700535515688495707e+02 2.861472777292983665e+02 -4.917677270280030655e+00
-1.700167911363858195e+02 2.859974270104665948e+02 -4.895371020688366492e+00
-1.699963800551673501e+02 2.858798717895452342e+02 -4.877941732130941510e+00
-1.700125427952417283e+02 2.858312017747079494e+02 -4.871533882803927185e+00
-1.699854791424440350e+02 2.857427971543462490e+02 -4.857577638051654212e+00
-1.700160005056355317e+02 2.855666852287844790e+02 -4.835580314556555237e+00
-1.700354236636953260e+02 2.855244239578266843e+02 -4.830545959366101982e+00
-1.700708164555391591e+02 2.855124700638312447e+02 -4.831280829694819090e+00
-1.700755705402937963e+02 2.854467130699121071e+02 -4.822853125814216213e+00
-1.700818030383514667e+02 2.854206936956729237e+02 -4.819541621252709795e+00
-1.701318634183992913e+02 2.854322290184517215e+02 -4.823669540871668104e+00
-1.701639883973246015e+02 2.854138251117813070e+02 -4.823029077313831792e+00
-1.702414152304836250e+02 2.854726906688152326e+02 -4.835944121097857540e+00
-1.702045087062139430e+02 2.853380711053973755e+02 -4.815443639715493163e+00
-1.702383566705852331e+02 2.853233582651195093e+02 -4.816017141782734434e+00
-1.702808957073431202e+02 2.853221668116557908e+02 -4.818394782476885574e+00
-1.702942723063140420e+02 2.853068986500769029e+02 -4.816725492444287049e+00
-1.703298543782458410e+02 2.852959372595568652e+02 -4.817514651407571513e+00
-1.703662257642635893e+02 2.852837732168088678e+02 -4.818248545128687610e+00
-1.704010517438850911e+02 2.852688522805833031e+02 -4.818821113783966048e+00
-1.704391571818931936e+02 2.852604406677036195e+02 -4.819770715719427834e+00
-1.704755288145971690e+02 2.852482804591134027e+02 -4.820504755117891449e+00
-1.704896526514036168e+02 2.852369246064000095e+02 -4.820050963038324809e+00
-1.705156074340985128e+02 2.852075398644723805e+02 -4.817766410182975356e+00
-1.705649195295741549e+02 2.852151578010175967e+02 -4.821679630484775991e+00
-1.706072742893069289e+02 2.852130000445450833e+02 -4.824004239817310413e+00
-1.706494298564543044e+02 2.852098008205708766e+02 -4.827273187162076873e+00
-1.706798316820400032e+02 2.851877087815394702e+02 -4.825419030970902412e+00
-1.707260571608417479e+02 2.851898247366582950e+02 -4.829010207947336930e+00
-1.707428834165599767e+02 2.851819554681123918e+02 -4.829769534046196355e+00
-1.707844931511184257e+02 2.851758995325599244e+02 -4.830879236141578659e+00
-1.708222146374590693e+02 2.851654763534291988e+02 -4.832720118125862996e+00
-1.708611130992225640e+02 2.851558866000190733e+02 -4.833615550169431785e+00
-1.709054275078338208e+02 2.851533265162846078e+02 -4.835938823643159523e+00
-1.709389024628514449e+02 2.851366615514276646e+02 -4.836405364787440320e+00
-1.709862992806731086e+02 2.851395805482588912e+02 -4.840050624908522892e+00
-1.710124210794137412e+02 2.851430696429699196e+02 -4.842505981942218263e+00
-1.710484204739871075e+02 2.851289600775638178e+02 -4.843133095180902181e+00
-1.710939043225289140e+02 2.851271956323782888e+02 -4.845510220195344608e+00
-1.711451741820376924e+02 2.851344005040658089e+02 -4.850422655076432221e+00
-1.711850549357374973e+02 2.851246212378758855e+02 -4.851318000628188187e+00
-1.712291746858595332e+02 2.851210459733903804e+02 -4.854586928982961069e+00
-1.712953497718131928e+02 2.851476509063469393e+02 -4.862678304026507803e+00
-1.713158801211798732e+02 2.851431844907244795e+02 -4.862653580991144864e+00
-1.713582770632901031e+02 2.851359190889400566e+02 -4.864708714037250026e+00
-1.705178751564480990e+02 2.884454750284731972e+02 -5.356215220594643611e+00
-1.702651560233506984e+02 2.872713522446737784e+02 -5.169456634759375113e+00
-1.701730797620547833e+02 2.868584875951899562e+02 -5.104656589634046782e+00
-1.701458721732801678e+02 2.867160069745431201e+02 -5.081834745881844029e+00
-1.701369130463097576e+02 2.866104318502170258e+02 -5.066155767679427768e+00
-1.701087194116747412e+02 2.864681210833379055e+02 -5.043333231139968120e+00
-1.700899097773592530e+02 2.863482885510387632e+02 -5.024798081471457678e+00
-1.700563577421013974e+02 2.862419014929709533e+02 -5.007822660540632853e+00
-1.700267543750014170e+02 2.861028707471387520e+02 -4.986160718707907336e+00
-1.700927849139617365e+02 2.861447123836353512e+02 -4.996057693413455070e+00
-1.701297633297875507e+02 2.861303974484775949e+02 -4.996683848446217269e+00
-1.699802067141158943e+02 2.857737877279522536e+02 -4.935268452307697729e+00
-1.699746007486841677e+02 2.856857708878786752e+02 -4.922554799525054037e+00
-1.700001831164059070e+02 2.856544358631914520e+02 -4.920163090675101714e+00
-1.699746695021800065e+02 2.855688158035692936e+02 -4.905368484142016428e+00
-1.699775138345434016e+02 2.854983922141653352e+02 -4.895673389631937766e+00
-1.699940362055327228e+02 2.854516046665914928e+02 -4.890370475793829108e+00
-1.700217259781514088e+02 2.854259721819640276e+02 -4.888301511961097745e+00
-1.700476820123515722e+02 2.853965939940903809e+02 -4.886017199025967095e+00
-1.700799944840073010e+02 2.853791732306610243e+02 -4.885430630343743807e+00
-1.701002855468418034e+02 2.853787852008305777e+02 -4.886620328761871690e+00
-1.701337645874588986e+02 2.853621412276302181e+02 -4.886086704949451409e+00
-1.701629883671003540e+02 2.853392101568172166e+02 -4.885177571984690381e+00
-1.701983804432912564e+02 2.853272525149481567e+02 -4.885912356231925102e+00
-1.702382074927844258e+02 2.853225235020530022e+02 -4.888075521755949282e+00
-1.702734111275876216e+02 2.853095790200860620e+02 -4.888756206047981223e+00
-1.703053464136199864e+02 2.852901817192637850e+02 -4.888061402614725104e+00
-1.703283503006445869e+02 2.852933369027927029e+02 -4.889465943437589779e+00
-1.703678008789841272e+02 2.852866350940785196e+02 -4.891521079328894572e+00
-1.703939451759545136e+02 2.852582428109092803e+02 -4.889290815069387897e+00
-1.704347519605782395e+02 2.852533121666864417e+02 -4.891453287024218888e+00
-1.704753703038142589e+02 2.852473946823657229e+02 -4.893561659023848875e+00
-1.705032487627320279e+02 2.852227528625440414e+02 -4.891547119378911290e+00
-1.705351848862814279e+02 2.852033612187995573e+02 -4.890852623661849918e+00
-1.705564563987161648e+02 2.852027752992152614e+02 -4.892041833629098946e+00
-1.705959096563171329e+02 2.851960875214029443e+02 -4.894097738714079604e+00
-1.706334494111524691e+02 2.851847135079931377e+02 -4.894885116780024248e+00
-1.706769611828091797e+02 2.851832854390605121e+02 -4.898261578743563049e+00
-1.707106332556634811e+02 2.851676536188979298e+02 -4.897783201400025099e+00
-1.707481641560240178e+02 2.851562323686480340e+02 -4.899569487110996491e+00
-1.707874406845909334e+02 2.851486199538732649e+02 -4.900573205069003180e+00
-1.708083352019268375e+02 2.851460623080144501e+02 -4.901654436799285364e+00
-1.708539946403209058e+02 2.851452139918162629e+02 -4.905083287347046905e+00
-1.708944293648398229e+02 2.851383349230210342e+02 -4.907138943940092091e+00
-1.709306160173644855e+02 2.851252085424230813e+02 -4.907820011611526922e+00
-1.709735745344466125e+02 2.851208840271192457e+02 -4.910036189096845582e+00
-1.710151782055235969e+02 2.851147929285575628e+02 -4.912145405875909532e+00
-1.710581282265490586e+02 2.851104230535004262e+02 -4.915360474528581491e+00
-1.710761328866296083e+02 2.851033946938228496e+02 -4.915174760923352260e+00
-1.711094191099102488e+02 2.850857439105456592e+02 -4.915587312987874213e+00
-1.711380879127303558e+02 2.850599099161418053e+02 -4.913517893775782852e+00
-1.711849199398747601e+02 2.850598711862602954e+02 -4.917001245943657395e+00
-1.712290398005453937e+02 2.850562939584038986e+02 -4.920270131180240369e+00
-1.712704574209217014e+02 2.850492310817735415e+02 -4.922325949517976085e+00
-1.713368232714728663e+02 2.850768350212427436e+02 -4.930471972114413681e+00
-1.713656524933713854e+02 2.850838369068875977e+02 -4.934141585562653809e+00
-1.705429554355580990e+02 2.885287476062179053e+02 -5.467022472122883059e+00
-1.705173184766576924e+02 2.883678329401236056e+02 -5.440236879680571569e+00
-1.703522326376589717e+02 2.876739589939905954e+02 -5.324797095665607216e+00
-1.703174300030339055e+02 2.875077026393445294e+02 -5.297636621330592988e+00
-1.702926177785964228e+02 2.873617712469066987e+02 -5.273654943454889832e+00
-1.702721892581963061e+02 2.872281289460813696e+02 -5.252369852270912354e+00
-1.702364199374652287e+02 2.871101341597291707e+02 -5.231753704696404661e+00
-1.702088420771265760e+02 2.869657144810442446e+02 -5.208825320304539375e+00
-1.702006872740518588e+02 2.868590225317965974e+02 -5.192093974279189617e+00
-1.701757776205841708e+02 2.867232435024390611e+02 -5.169649523135822378e+00
-1.701558523197967929e+02 2.865975679833602499e+02 -5.149792677315268463e+00
-1.701364896083409235e+02 2.864748399337835849e+02 -5.130097413484946856e+00
-1.701044930423879009e+02 2.863712684190726918e+02 -5.112284846929525450e+00
-1.700589375932542282e+02 2.862020243506580073e+02 -5.083857276431830385e+00
-1.701215037509935541e+02 2.862363895211401541e+02 -5.093324016256620013e+00
-1.701457940804442046e+02 2.861982887434977556e+02 -5.088558526686806971e+00
-1.700422512044359564e+02 2.859280063464271393e+02 -5.041184608356429564e+00
-1.700426261658705016e+02 2.858499817075604028e+02 -5.030061080508048121e+00
-1.699888947046885335e+02 2.856752471810666520e+02 -5.000259096507241097e+00
-1.699776273254040859e+02 2.856162425381879189e+02 -4.990019758145810336e+00
-1.699958855226510082e+02 2.855732128986921339e+02 -4.984932860083343797e+00
-1.700012510770899326e+02 2.855053278590571608e+02 -4.975397652708918095e+00
-1.700048497699762038e+02 2.854388534750139002e+02 -4.965918703429587744e+00
-1.700325397200290922e+02 2.854132219194800086e+02 -4.963849909913264469e+00
-1.700675527688521811e+02 2.853992793663939551e+02 -4.964475997931985241e+00
-1.700908078698333270e+02 2.853664211036899019e+02 -4.960978806699923638e+00
-1.701178661496224720e+02 2.853748106000243752e+02 -4.963702638773386688e+00
-1.701474678293570264e+02 2.853538598081780719e+02 -4.962901945677971938e+00
-1.701703439006039105e+02 2.853190166216573971e+02 -4.959296296291056727e+00
-1.702069024227088505e+02 2.853078338545134329e+02 -4.960083922810213153e+00
-1.702305244826524699e+02 2.852768964354038417e+02 -4.957693293382451571e+00
-1.702699733966817917e+02 2.852701871819591588e+02 -4.959748138112683336e+00
-1.703082660251639879e+02 2.852627558582732377e+02 -4.960751540564713125e+00
-1.703297250870825224e+02 2.852631521081193000e+02 -4.961994475052440734e+00
-1.703705311560532607e+02 2.852582177160227843e+02 -4.964156860925789339e+00
-1.703964857601307301e+02 2.852288320387017393e+02 -4.961872256790861968e+00
-1.704247323608558133e+02 2.852061147146143867e+02 -4.960964483991087803e+00
-1.704551222954704315e+02 2.851839595370541360e+02 -4.960108363692107503e+00
-1.704990093447121353e+02 2.851844967423757566e+02 -4.963592325976183162e+00
-1.705311342668840950e+02 2.851660938095159281e+02 -4.962952032773479516e+00
-1.705537612711333111e+02 2.851672753128491991e+02 -4.964248373685942184e+00
-1.705974615965011765e+02 2.851668321300933258e+02 -4.967678713931245937e+00
-1.706207136030494098e+02 2.851339589332113178e+02 -4.964180940338314585e+00
-1.706582430732872808e+02 2.851225301935139100e+02 -4.965966934849489256e+00
-1.706988637385498748e+02 2.851166248693081684e+02 -4.968075973483638386e+00
-1.707354268503210903e+02 2.851054674088043726e+02 -4.968864865553305421e+00
-1.707698763032188367e+02 2.850885746568702075e+02 -4.969329455894168746e+00
-1.707955864299648852e+02 2.850952389760432197e+02 -4.971948107609128975e+00
-1.708356413439858841e+02 2.850863683525430474e+02 -4.973894827975993138e+00
-1.708635196917634289e+02 2.850617284929422794e+02 -4.971880390967660546e+00
-1.709165092529440528e+02 2.850726046920259478e+02 -4.978005833562060722e+00
-1.709581110267065185e+02 2.850665061997506200e+02 -4.980114640181946939e+00
-1.709929416527476462e+02 2.850516095963545808e+02 -4.980688304032604208e+00
-1.710192537233049279e+02 2.850560900324126123e+02 -4.983197957746080320e+00
-1.710606671231568612e+02 2.850490075956537908e+02 -4.985252818326949331e+00
-1.711047846606177245e+02 2.850454182013826880e+02 -4.988521155965843334e+00
-1.711614705344514391e+02 2.850596556383601410e+02 -4.994861586193273695e+00
-1.711891619809209715e+02 2.850340344615883055e+02 -4.992793356829761997e+00
-1.712468268873225838e+02 2.850480704013891113e+02 -4.999133093604173794e+00
-1.712951972118577544e+02 2.850507555536645441e+02 -5.003777150239408833e+00
-1.713311783287257413e+02 2.850685469262671177e+02 -5.009090842528162391e+00
-1.714091575885805696e+02 2.851089785577145221e+02 -5.021036748458104881e+00
-1.703280705194395068e+02 2.875580252360292661e+02 -5.390532589244198647e+00
-1.702898199586713304e+02 2.873843803223952591e+02 -5.360944062891814355e+00
-1.702621261412141394e+02 2.872340236332086647e+02 -5.334696310478310721e+00
-1.702351623085487518e+02 2.870874880336555179e+02 -5.310660910633171028e+00
-1.701764502277799522e+02 2.868333506963831496e+02 -5.266599844968917310e+00
-1.701507954822523629e+02 2.866936705954812510e+02 -5.242940273153799069e+00
-1.701372339309492361e+02 2.865799942021603215e+02 -5.223782194414764213e+00
-1.701244141335449171e+02 2.864702001277976251e+02 -5.205838210717187664e+00
-1.701208239124769079e+02 2.863767457723463963e+02 -5.191856044098926759e+00
-1.700814437063290541e+02 2.862185111065770684e+02 -5.164072748737703833e+00
-1.701117711604989609e+02 2.862333552031197428e+02 -5.168172171018163397e+00
-1.700336866239613869e+02 2.860057433514073182e+02 -5.127317230589522268e+00
-1.700127294084892355e+02 2.858853285680103227e+02 -5.107728542905253022e+00
-1.700081129932271722e+02 2.857971649060307868e+02 -5.094015699222465443e+00
-1.699961716918373611e+02 2.856973028813690689e+02 -5.077607580245680374e+00
-1.699609353471821578e+02 2.855554361897571312e+02 -5.052734952333063134e+00
-1.699778371039573415e+02 2.855106354304870138e+02 -5.047540718245794089e+00
-1.699806240558350794e+02 2.854772386898640093e+02 -5.041801538909473912e+00
-1.699834760467381045e+02 2.854068548031356158e+02 -5.031107245515847204e+00
-1.700171333707424708e+02 2.853911448781489071e+02 -5.031626083591249632e+00
-1.700344096870832118e+02 2.853483056326596738e+02 -5.026539501816695399e+00
-1.700680768130363845e+02 2.853326466350700343e+02 -5.026059756363489228e+00
-1.701063579633524512e+02 2.853251530635316726e+02 -5.028061245948566516e+00
-1.701296116342109315e+02 2.852922873113801643e+02 -5.024563763516708192e+00
-1.701454680254078653e+02 2.852846735034731864e+02 -5.024325234535505835e+00
-1.701775905699831242e+02 2.852662593906089228e+02 -5.023684326016586432e+00
-1.702112480726048886e+02 2.852505504010156869e+02 -5.024203215371566777e+00
-1.702468290029884486e+02 2.852395804899209111e+02 -5.024992150814856728e+00
-1.702775963030270816e+02 2.852194027914467824e+02 -5.024244197509656118e+00
-1.703068186525458998e+02 2.851964642311863258e+02 -5.023334773345099258e+00
-1.703418425750224117e+02 2.851825782178580653e+02 -5.022962585512682487e+00
-1.704220295080603762e+02 2.852079063548760587e+02 -5.033135105215665206e+00
-1.704481727333262029e+02 2.851795084593460956e+02 -5.030904533278687474e+00
-1.705215782453965119e+02 2.852279771241395565e+02 -5.043229128185217292e+00
-1.705122323501081212e+02 2.851417063995941135e+02 -5.029569334122295565e+00
-1.705462701978968596e+02 2.851279917645863975e+02 -5.030197432579022632e+00
-1.706603562982770939e+02 2.851335437093733844e+02 -5.039674975981295546e+00
-1.706953738692892841e+02 2.851196235673131696e+02 -5.040302175634343129e+00
-1.707648407820589966e+02 2.850888126335396464e+02 -5.041394068264859030e+00
-1.708112462742605260e+02 2.850918729677673014e+02 -5.046038330761618340e+00
-1.708447053734535928e+02 2.851071224909949819e+02 -5.050190935319780472e+00
-1.709580247920586373e+02 2.851406560909526320e+02 -5.064139898746594426e+00
-1.710875507997270120e+02 2.850297660983866308e+02 -5.058620990268299700e+00
-1.711289655610411842e+02 2.850226882491610922e+02 -5.060676107169611804e+00
-1.711701915237328251e+02 2.850146216890508413e+02 -5.062677021556565293e+00
-1.712199162660114382e+02 2.850190686392834323e+02 -5.067428139533204146e+00
-1.712709991130719516e+02 2.850252941540207985e+02 -5.072286884695716758e+00
-1.713290354450550410e+02 2.850412743285523334e+02 -5.079734346227056996e+00
-1.704856439404664741e+02 2.882498189972808973e+02 -5.592910681535030015e+00
-1.704805493479092604e+02 2.880845029853464325e+02 -5.565102135170968189e+00
-1.705399384698144729e+02 2.881022288067437671e+02 -5.572655428948040779e+00
-1.705879981023156802e+02 2.880979550121768966e+02 -5.574925115699938871e+00
-1.703169268984777602e+02 2.873609701137528987e+02 -5.436095987651846428e+00
-1.702755572425571131e+02 2.871869876336469929e+02 -5.405456499566181350e+00
-1.702253779880034017e+02 2.870415244400929282e+02 -5.378235322394504969e+00
-1.702074373139718091e+02 2.869155804049743210e+02 -5.356381360169276462e+00
-1.701837059430023658e+02 2.867806403752809956e+02 -5.332991647687110870e+00
-1.701572600811661573e+02 2.866421496748982918e+02 -5.309387039712795797e+00
-1.701361865780833398e+02 2.865157965546550827e+02 -5.287479809205830605e+00
-1.701376066374134268e+02 2.864325832238614566e+02 -5.274089553407274700e+00
-1.700968831332701825e+02 2.862726471309006229e+02 -5.245201126049274798e+00
-1.701052683136267945e+02 2.862472375887371072e+02 -5.241943413061013857e+00
-1.700601047769566208e+02 2.860800476432963819e+02 -5.211625457989992327e+00
-1.700362701997129591e+02 2.859552309927040028e+02 -5.189771977796108438e+00
-1.700445451745704020e+02 2.858919161705098873e+02 -5.180507322541892279e+00
-1.700137488068719733e+02 2.857573043114883262e+02 -5.157064273660599163e+00
-1.700033500653149758e+02 2.856601880865837870e+02 -5.140816924029298463e+00
-1.699719462567783808e+02 2.855277262387452311e+02 -5.117481384040259762e+00
-1.699812684641680107e+02 2.855072237706606302e+02 -5.114492683720233579e+00
-1.699947225301708613e+02 2.854550344139854019e+02 -5.106870278540040609e+00
-1.700087322981886473e+02 2.854057555918998901e+02 -5.100408688996807882e+00
-1.700256405850455792e+02 2.853609898967552567e+02 -5.094215118703653289e+00
-1.700608422538738012e+02 2.853480351191604996e+02 -5.094895357957153870e+00
-1.700858200386362000e+02 2.853188650719516204e+02 -5.092611978472709744e+00
-1.701043873448016370e+02 2.853147832079654904e+02 -5.092587676502580152e+00
-1.701307199057255275e+02 2.852873768358005009e+02 -5.090411341881865503e+00
-1.701688122574190629e+02 2.852788945533773699e+02 -5.092358628952584176e+00
-1.701980446561645408e+02 2.852560107578216275e+02 -5.090450707418352039e+00
-1.702247452477554930e+02 2.852305308416118805e+02 -5.089381242279406692e+00
-1.702732533198169449e+02 2.852392684476762383e+02 -5.094347103318431103e+00
-1.702997748591640743e+02 2.852128517280892197e+02 -5.092224903454823703e+00
-1.703164199180460514e+02 2.852040344251448118e+02 -5.091930998510909134e+00
-1.703576035866283860e+02 2.852010774674174058e+02 -5.094201551339312850e+00
-1.705901216556405586e+02 2.851176248403447744e+02 -5.100202491700158269e+00
-1.706353676340908976e+02 2.851199423852242489e+02 -5.103794302688646312e+00
-1.707444768503619912e+02 2.850834362218308229e+02 -5.106996389077433918e+00
-1.708058035903895586e+02 2.850739864053686006e+02 -5.110132678523493510e+00
-1.708445021858029236e+02 2.850633465712982115e+02 -5.111972284500265751e+00
-1.708810563343255637e+02 2.850521438467748681e+02 -5.113759948777905961e+00
-1.709226580406108269e+02 2.850460424588851538e+02 -5.115868601481608380e+00
-1.710060410662748609e+02 2.850347870504128309e+02 -5.121139086884554104e+00
-1.710459088567073707e+02 2.850249390301834183e+02 -5.123032220169449147e+00
-1.710762801569733256e+02 2.850346829229948185e+02 -5.126862516842966677e+00
-1.711234800349841123e+02 2.850365697073752358e+02 -5.131452806249861887e+00
-1.711689550302343719e+02 2.850347580316495169e+02 -5.134828719872500891e+00
-1.712175132591217164e+02 2.850384272115425688e+02 -5.139526841661033352e+00
-1.712616334782104559e+02 2.850348518607729602e+02 -5.142795710419942878e+00
-1.713204678670224439e+02 2.850496785769876169e+02 -5.149189161219108968e+00
-1.713879607435797823e+02 2.851098509609194025e+02 -5.164071286039487063e+00
-1.704532405731787037e+02 2.881333993232249782e+02 -5.644515333529190215e+00
-1.704961143790926315e+02 2.881179635191779198e+02 -5.645141127375272738e+00
-1.705512603107939640e+02 2.881294663231847721e+02 -5.651320808350559943e+00
-1.705950717926847346e+02 2.881669321299160060e+02 -5.660758057867749216e+00
-1.707193822128511442e+02 2.883166737998492408e+02 -5.693972697519655846e+00
-1.707597840336855199e+02 2.882936257984522399e+02 -5.693169680823604750e+00
-1.708009395668670152e+02 2.882745261501567029e+02 -5.692582877193002489e+00
-1.708576708883627759e+02 2.882836679577182508e+02 -5.698653842911058476e+00
-1.708805764065700714e+02 2.882276534081505588e+02 -5.690923779932990811e+00
-1.702002130939965525e+02 2.868030457769027635e+02 -5.404444876031204714e+00
-1.701530685249941257e+02 2.866681402899797035e+02 -5.378813988755288378e+00
-1.701235522123958219e+02 2.865242365431744247e+02 -5.352889512157607221e+00
-1.700992090546500606e+02 2.863914250364321106e+02 -5.329606486286607492e+00
-1.700819612954906006e+02 2.862744411898116255e+02 -5.309234871226563790e+00
-1.700789529116001120e+02 2.861840342941695781e+02 -5.293416897945331989e+00
-1.700368761009692378e+02 2.860223443604845102e+02 -5.263421062118315064e+00
-1.700379365206118791e+02 2.859852383837423986e+02 -5.257467938360278481e+00
-1.699937085796688336e+02 2.858229480166332337e+02 -5.227418823794524272e+00
-1.699440647367242718e+02 2.856536231303130080e+02 -5.195941492208991264e+00
-1.699569554433557812e+02 2.855984835426723407e+02 -5.188157351238555037e+00
-1.699688773559873312e+02 2.855436050217315369e+02 -5.179375781902358256e+00
-1.699777095592869500e+02 2.854832095946361505e+02 -5.170271408324682127e+00
-1.699745937658000230e+02 2.854029031992837986e+02 -5.156989194024816925e+00
-1.699760240985885957e+02 2.853677344034929888e+02 -5.151142627384116324e+00
-1.700038916163757960e+02 2.853430331482991278e+02 -5.150126209674131594e+00
-1.700329349148339872e+02 2.853191577909612988e+02 -5.148163931748080735e+00
-1.700625357558682822e+02 2.852982013357374171e+02 -5.147363049973301408e+00
-1.700915786959083675e+02 2.852743241013127999e+02 -5.145400788524923996e+00
-1.701225347270923862e+02 2.852551322181091109e+02 -5.144706883817898202e+00
-1.701521350334576255e+02 2.852341729630046530e+02 -5.143905729167554064e+00
-1.701645334504680136e+02 2.852191158377049192e+02 -5.142237526501826750e+00
-1.702014689795788627e+02 2.852099086725603456e+02 -5.143133336492437202e+00
-1.702332126742205389e+02 2.851895105775727188e+02 -5.142383902061412826e+00
-1.711142554340998458e+02 2.850095485889361839e+02 -5.188016616524878444e+00
-1.711422940660014262e+02 2.850177388181554079e+02 -5.191740904344509744e+00
-1.712028510167305910e+02 2.850362518406611230e+02 -5.199347945256581838e+00
-1.712608853827387065e+02 2.850522217195648409e+02 -5.206794961749390716e+00
-1.713214353350110457e+02 2.850706997673790966e+02 -5.215401338944797516e+00
-1.713723311684400699e+02 2.850759459188664664e+02 -5.220206513425566186e+00
-1.700998495501519017e+02 2.861920837937963711e+02 -5.383185039165143237e+00
-1.702007424277333882e+02 2.862138616725283669e+02 -5.394384025700347252e+00
-1.700289491853576465e+02 2.858207983269851979e+02 -5.313791969344135779e+00
-1.700156629784155768e+02 2.857192264565908886e+02 -5.296278256854367150e+00
-1.700208641643498879e+02 2.856504798353880688e+02 -5.284692707346493101e+00
-1.700330771776521033e+02 2.856344517779790522e+02 -5.282971157441567200e+00
-1.700234398057986596e+02 2.855413236025516994e+02 -5.265940941028996569e+00
-1.700399729416676280e+02 2.854945945675563053e+02 -5.259639615902695908e+00
-1.700799887897833571e+02 2.854908542655458632e+02 -5.261856983941077814e+00
-1.700949763837100761e+02 2.854413625426941508e+02 -5.255394085434987872e+00
-1.701224875831838403e+02 2.854147970346804755e+02 -5.252272711071460876e+00
-1.701565248276430964e+02 2.854010766978780111e+02 -5.252900501773268616e+00
-1.701699023208844324e+02 2.853858132195662165e+02 -5.251231349101732171e+00
-1.702008604966608232e+02 2.853666325673838173e+02 -5.250537940712816543e+00
-1.702343303942286923e+02 2.853499423884705948e+02 -5.251003156865620802e+00
-1.702695347990717210e+02 2.853370006679670610e+02 -5.251683994957664581e+00
-1.703014700970111619e+02 2.853176072428696557e+02 -5.250989396758894756e+00
-1.703409208551513530e+02 2.853109063758487309e+02 -5.253044464892948184e+00
-1.703502307575816985e+02 2.852903398722589827e+02 -5.251053868261092106e+00
-1.703854356982770071e+02 2.852774009579358676e+02 -5.251734860191870524e+00
-1.704235313881315790e+02 2.852689374280989227e+02 -5.253683172892881892e+00
-1.704639605743269328e+02 2.852620293558067033e+02 -5.255737358855826713e+00
-1.705007115940000233e+02 2.852518559418199970e+02 -5.256579958968300659e+00
-1.705339937078965704e+02 2.852341836381934854e+02 -5.256991450639349139e+00
-1.705746141270645353e+02 2.852282744829798844e+02 -5.259100284077735665e+00
-1.705968534257221734e+02 2.852274247610499174e+02 -5.261287125759949390e+00
-1.706318705970196845e+02 2.852135076103378424e+02 -5.261914360369799759e+00
-1.706680553947096257e+02 2.852003689738910452e+02 -5.262594880366097350e+00
-1.707100235229218299e+02 2.851961856171156455e+02 -5.265810060072193544e+00
-1.707492896593007856e+02 2.851885204551737161e+02 -5.267812140001545629e+00
-1.707939605211798550e+02 2.851878304154878379e+02 -5.272240677961184119e+00
-1.708311244625778897e+02 2.851744883216434232e+02 -5.272920401867856377e+00
-1.708533763015655893e+02 2.851737025968013768e+02 -5.274109020786345248e+00
-1.709009413523645833e+02 2.851775008708417545e+02 -5.279805359201755977e+00
-1.709384847470256830e+02 2.851661484609154513e+02 -5.280593916775452534e+00
-1.709841368297280724e+02 2.851652632992388590e+02 -5.285022001047392948e+00
-1.710270873179453872e+02 2.851608933284479122e+02 -5.288237188659445920e+00
-1.710640647827474652e+02 2.851465746838337054e+02 -5.288863376686278706e+00
-1.711207395475570081e+02 2.851607556194705921e+02 -5.296202201840401358e+00
-1.711623120486881930e+02 2.851864996193918955e+02 -5.303995582208368198e+00
-1.712108613568068165e+02 2.851901186731303710e+02 -5.309692338688913438e+00
-1.712688964384678911e+02 2.852060922999077093e+02 -5.317139441263204702e+00
-1.713248186856822315e+02 2.852163324103078139e+02 -5.324262463627229991e+00
-1.714143669972687007e+02 2.852746896631271056e+02 -5.341278390490644234e+00
-1.704715396269889425e+02 2.868533621885370053e+02 -5.614180811048834485e+00
-1.700568799011823558e+02 2.860363198396082112e+02 -5.436612593081799005e+00
-1.700486529774468352e+02 2.859399153910075597e+02 -5.418421868043977518e+00
-1.700238561942215370e+02 2.858153939037297278e+02 -5.394571333886483799e+00
-1.699850089862244999e+02 2.856652845673093566e+02 -5.365220483986015587e+00
-1.700107906701705360e+02 2.856349929287776490e+02 -5.361884480203297443e+00
-1.700440835370396258e+02 2.856173752620046571e+02 -5.361297355351666738e+00
-1.700668870905222150e+02 2.856194804606070079e+02 -5.363645951148354740e+00
-1.701019037128771458e+02 2.856055566216899706e+02 -5.364272945721813457e+00
-1.702470497079838765e+02 2.857844226175379845e+02 -5.407249326191806205e+00
-1.703003546123510432e+02 2.858022821214927944e+02 -5.415749757717602364e+00
-1.707578690010538480e+02 2.865184805730560242e+02 -5.579416782989524926e+00
-1.703567352220574378e+02 2.854096594224541832e+02 -5.351551090396920785e+00
-1.703634268126466509e+02 2.853487182372053894e+02 -5.341394940633383825e+00
-1.704042243867439481e+02 2.853437384916553583e+02 -5.344556098637255559e+00
-1.714290186123351418e+02 2.857512809946337597e+02 -5.506769523716195103e+00
-1.714046144760328332e+02 2.856448089533001280e+02 -5.486882376663267280e+00
-1.714269412353789050e+02 2.856070937810889632e+02 -5.482117657146513778e+00
-1.713776071113371131e+02 2.854660521909166278e+02 -5.454142882457226449e+00
-1.713622591061111962e+02 2.853750149705284684e+02 -5.437166323268404433e+00
-1.713713812141463677e+02 2.853534624728003450e+02 -5.435121677883476998e+00
-1.713956172557337538e+02 2.853204139760582621e+02 -5.431624527628891030e+00
-1.714432348165790927e+02 2.853191544720891102e+02 -5.436052576278267878e+00
-1.702432459422912814e+02 2.864309966605887894e+02 -5.578528632816063926e+00
-1.700307812826789586e+02 2.859582625870317543e+02 -5.475287149898418804e+00
-1.700258196025575330e+02 2.858682921536834556e+02 -5.458471005953699162e+00
-1.699892747420994965e+02 2.857249087860989789e+02 -5.429498643896168986e+00
-1.699927531874992042e+02 2.856524749232116278e+02 -5.416699452995811015e+00
-1.700214238911835594e+02 2.856266483414208892e+02 -5.414630086832408651e+00
-1.700579745761313859e+02 2.856154249362078872e+02 -5.416416860955534318e+00
-1.700873134418792176e+02 2.856304234335380556e+02 -5.421515765413383647e+00
-1.701233080120071577e+02 2.856162886030588197e+02 -5.422141672658694844e+00
-1.713822425832077840e+02 2.855809351355838999e+02 -5.531352686452308376e+00
-1.713696116806328860e+02 2.854934597211726555e+02 -5.514591638033127907e+00
-1.713629514357836285e+02 2.854159256763049370e+02 -5.500419179117437274e+00
-1.713651214441726438e+02 2.853846308577655577e+02 -5.495786484153098783e+00
-1.713976675103874641e+02 2.853631023046462474e+02 -5.494985078421050773e+00
-1.714452849600925504e+02 2.853618447608980091e+02 -5.499413229707031725e+00
-1.700042662045279656e+02 2.858406731762696609e+02 -5.538910312398828140e+00
-1.699937117798643271e+02 2.857427455343691349e+02 -5.519614105017621952e+00
-1.700187489076027703e+02 2.857085556304734268e+02 -5.515063134401887446e+00
-1.700477884782879698e+02 2.856846611554158812e+02 -5.514101064473279301e+00
-1.700982083935377887e+02 2.856980775775465418e+02 -5.520334685222946902e+00
-1.701572888212807868e+02 2.857248502048506111e+02 -5.531367825949280004e+00
