-1.711761582026841495e+02 2.906848580267102875e+02 -4.418649352600697355e+00
-1.711426613302650992e+02 2.905135149272177841e+02 -4.403129941124117153e+00
-1.711275762137043159e+02 2.903802260228632690e+02 -4.391836296125714689e+00
-1.711144014860218476e+02 2.902516449715240583e+02 -4.380814125027038486e+00
-1.710973524480573360e+02 2.901187360638618884e+02 -4.369521517902233754e+00
-1.710920061936626837e+02 2.900099723829707159e+02 -4.360640907195319826e+00
-1.710806798005684470e+02 2.899394767305375353e+02 -4.354750279131296864e+00
-1.711066308818975301e+02 2.898937807989703401e+02 -4.351563865676174814e+00
-1.711264211014792522e+02 2.898370647408966079e+02 -4.347725631254140133e+00
-1.711427645288800363e+02 2.897729073012303047e+02 -4.342453009619299031e+00
-1.711754260018891785e+02 2.897411278260047993e+02 -4.341080722281581039e+00
-1.712003958316964543e+02 2.896956256339774427e+02 -4.337895057868450976e+00
-1.712299752518963203e+02 2.896583300993218586e+02 -4.336196589473181540e+00
-1.712432345600675490e+02 2.896369791835031720e+02 -4.334185802828279144e+00
-1.712837834922141838e+02 2.896199593901378648e+02 -4.333683015868809996e+00
-1.713179832157366320e+02 2.895909258606798176e+02 -4.332473329864797051e+00
-1.713529329569636843e+02 2.895658489924113610e+02 -4.331482984063828923e+00
-1.713905886521155821e+02 2.895443066627964299e+02 -4.330709049363810514e+00
-1.714311377613177569e+02 2.895272878034324435e+02 -4.330206344109076788e+00
-1.714730402592278153e+02 2.895120371053910162e+02 -4.329811881410680741e+00
-1.715007069326889280e+02 2.895183573237995347e+02 -4.331430036991426036e+00
-1.714831249229144419e+02 2.893987500936326569e+02 -4.320846256351753567e+00
-1.715860437247094978e+02 2.894905689919768861e+02 -4.331803150089181820e+00
-1.716371818584881908e+02 2.894918198095841717e+02 -4.333386141838596828e+00
-1.716792734768208391e+02 2.894775693623061557e+02 -4.333047061451806847e+00
-1.717377423044038665e+02 2.894906401288733946e+02 -4.335336262658169737e+00
-1.718066135837788408e+02 2.895209963219958240e+02 -4.339656542741485268e+00
-1.718381560435165056e+02 2.895316509031076180e+02 -4.341545468155137755e+00
-1.719426813659443383e+02 2.896212057576524330e+02 -4.351395031664260671e+00
-1.720092665694493803e+02 2.896448734697769396e+02 -4.355334090018071258e+00
-1.711718022870172717e+02 2.909410165776579333e+02 -4.537476832385115344e+00
-1.710217662135502792e+02 2.901709855057844152e+02 -4.465697531559190026e+00
-1.710410107429712525e+02 2.901113908142122568e+02 -4.460697815180245662e+00
-1.710610442719417108e+02 2.900505881720055186e+02 -4.455641471073064963e+00
-1.710566337209901064e+02 2.899467607231349575e+02 -4.447034588721174408e+00
-1.709719280253130478e+02 2.896395303339184011e+02 -4.417718484806138157e+00
-1.709461637486249117e+02 2.894982394357132875e+02 -4.403887511005911470e+00
-1.709442167391136138e+02 2.894020379532371976e+02 -4.395714421763955215e+00
-1.709682026564081241e+02 2.893567154627926925e+02 -4.392528801588125198e+00
-1.709625780330862312e+02 2.892572238938437295e+02 -4.383141406747148139e+00
-1.709932748178035524e+02 2.892258216497248213e+02 -4.381770061020962004e+00
-1.710393646647159187e+02 2.892219203638377394e+02 -4.383027070945063386e+00
-1.710560659735158993e+02 2.892079855517108626e+02 -4.382449581412983797e+00
-1.710915810642133579e+02 2.891858925338027575e+02 -4.380623549062958588e+00
-1.711272737254497542e+02 2.891647348828597615e+02 -4.379850837574640110e+00
-1.711625911114400367e+02 2.891415974959298865e+02 -4.378968415262406211e+00
-1.711975333992397168e+02 2.891164813070145669e+02 -4.377976363830993201e+00
-1.712486120721628140e+02 2.891227860272167050e+02 -4.380831192866488699e+00
-1.712655107306746913e+02 2.891098937113197280e+02 -4.379310019161377632e+00
-1.713112279065817347e+02 2.891040277081988847e+02 -4.380458060195634218e+00
-1.713528865629048710e+02 2.890928607866990205e+02 -4.381281566221447044e+00
-1.713910987817476155e+02 2.890742543548020649e+02 -4.380670788927770509e+00
-1.714306637435997231e+02 2.890574152382284296e+02 -4.380168187488249210e+00
-1.714721455390797189e+02 2.890453166937508058e+02 -4.379938550680914311e+00
-1.715132418785817947e+02 2.890311858730519248e+02 -4.380597757637207934e+00
-1.715574310473783157e+02 2.890226293552024117e+02 -4.380584887987939879e+00
-1.715966643268269252e+02 2.890470048691246348e+02 -4.384287116465278800e+00
-1.716317960256050696e+02 2.890228879033818430e+02 -4.383350454791451689e+00
-1.716858256206652129e+02 2.890286518892886534e+02 -4.385204298000403789e+00
-1.717271127275716935e+02 2.890155248873362552e+02 -4.385919035291754753e+00
-1.717794147232215778e+02 2.890175465919145950e+02 -4.387555192163294038e+00
-1.718191710480841152e+02 2.890017169964742152e+02 -4.387108432862299345e+00
-1.718678839180465161e+02 2.890385082855167411e+02 -4.391570117441600196e+00
-1.719032049151869899e+02 2.890153925093279668e+02 -4.390688830509883900e+00
-1.710069856065558724e+02 2.902003059747173666e+02 -4.552244543277428335e+00
-1.710060861103457626e+02 2.900988914483645544e+02 -4.542800313542791457e+00
-1.710360987208821371e+02 2.900585084719301108e+02 -4.539938976306060248e+00
-1.708946207709302882e+02 2.894464092597852982e+02 -4.478709786267184079e+00
-1.709007491499143896e+02 2.893659563059574680e+02 -4.471460941229105757e+00
-1.709059072318016206e+02 2.892857562738792581e+02 -4.463214580000412823e+00
-1.709605876270809119e+02 2.892090193701597514e+02 -4.458657057824138903e+00
-1.709866728121813821e+02 2.891694011491099445e+02 -4.455798145465644566e+00
-1.710296909079111458e+02 2.891600382620174514e+02 -4.455730479062611771e+00
-1.710719101069631165e+02 2.891518258805464257e+02 -4.456717824207506951e+00
-1.710916912893923438e+02 2.891434007522751699e+02 -4.456466226748588610e+00
-1.712022639278886516e+02 2.890822515314826546e+02 -4.454307809028839493e+00
-1.719912797312520070e+02 2.897108576430131848e+02 -4.538950940377281640e+00
-1.720135883929158354e+02 2.897050229640381644e+02 -4.538863012378013373e+00
-1.721215970594258806e+02 2.897968442175628070e+02 -4.550871455925499021e+00
-1.720930139050136347e+02 2.896621635718703942e+02 -4.537368005250844050e+00
-1.717283333863282735e+02 2.889788897200650126e+02 -4.463088213749301758e+00
-1.718539330497953301e+02 2.890185078074640046e+02 -4.470478096549032720e+00
-1.718848184138688566e+02 2.889880991189528459e+02 -4.469162007387183166e+00
-1.719055806116562621e+02 2.889794802851654936e+02 -4.468909854375531232e+00
-1.719551790733194423e+02 2.889779776570578633e+02 -4.470330111919700755e+00
-1.711346937433061726e+02 2.912283608947373637e+02 -4.738766444883403040e+00
-1.709550895456358148e+02 2.901680967250680396e+02 -4.628113676704050050e+00
-1.709622543057037376e+02 2.900823706071614652e+02 -4.620591949096354512e+00
-1.709732284828328943e+02 2.900543349147211529e+02 -4.618200029414518681e+00
-1.708359838892412768e+02 2.893141958565796585e+02 -4.541146300207689279e+00
-1.708146480327997381e+02 2.892284933040801320e+02 -4.531336965570822883e+00
-1.708232494785466997e+02 2.891557178476571721e+02 -4.524524235125294780e+00
-1.709691632203040399e+02 2.891628554059871021e+02 -4.530382510827398512e+00
-1.709921668215330044e+02 2.891177210391014683e+02 -4.527197372650722862e+00
-1.710292104510970432e+02 2.890983213411189467e+02 -4.526532436582277441e+00
-1.710478266417877080e+02 2.890891168047238011e+02 -4.526227429543366654e+00
-1.718680057899112512e+02 2.897854418638871721e+02 -4.622822862534309962e+00
-1.718585029578694332e+02 2.896816057126982855e+02 -4.613164439030500219e+00
-1.718430412941601446e+02 2.895678154543680876e+02 -4.600910598396430018e+00
-1.718356118402400341e+02 2.888895235852875203e+02 -4.535499462792003555e+00
-1.718811475876994450e+02 2.888827004704705246e+02 -4.536594273119867182e+00
-1.719147377272116159e+02 2.888558226638295423e+02 -4.535494446912000654e+00
-1.709448426458596941e+02 2.900709518516197818e+02 -4.707935868774119292e+00
-1.707940932613821587e+02 2.892488362002423514e+02 -4.617344529348613946e+00
-1.707846592995925334e+02 2.891399920574884277e+02 -4.605415186551628182e+00
-1.709288277416105757e+02 2.891916272172117033e+02 -4.616641879912501523e+00
-1.709608863287751035e+02 2.891620401934655433e+02 -4.614379925539466853e+00
-1.709950377221856286e+02 2.891381206788225313e+02 -4.613443967688856340e+00
-1.710334345063571106e+02 2.891204891873608744e+02 -4.612887259359466974e+00
-1.710781711980725959e+02 2.891148196917602036e+02 -4.614036101060666084e+00
-1.718556845271408520e+02 2.896988386018034589e+02 -4.704191666637356661e+00
-1.721712534437536135e+02 2.895698474227524457e+02 -4.704467890067187241e+00
-1.718979530745682496e+02 2.888423442776276033e+02 -4.619730263027236994e+00
-1.719201702305016681e+02 2.887984340081866890e+02 -4.615601886450676261e+00
-1.719454593230992998e+02 2.887599901591223670e+02 -4.612798297329431918e+00
-1.711828551413594823e+02 2.917292184191855995e+02 -4.973379677551017508e+00
-1.711413771837317483e+02 2.915211530054349964e+02 -4.948800933226795706e+00
-1.711029195737014277e+02 2.913236482737613073e+02 -4.925819925967747537e+00
-1.710837935000870687e+02 2.911690485759324929e+02 -4.908335492090749597e+00
-1.710356099300981043e+02 2.910115346666154323e+02 -4.888400338675304546e+00
-1.710148941451929545e+02 2.908592890822920936e+02 -4.871026445969134144e+00
-1.709891807090869804e+02 2.906967895424299400e+02 -4.853053518590815685e+00
-1.709645954782756974e+02 2.905402444361082530e+02 -4.834409537786767075e+00
-1.709376658311486210e+02 2.903820693817792176e+02 -4.816656491726986289e+00
-1.709188044171873173e+02 2.902396063882413841e+02 -4.799826110384296740e+00
-1.708464998678642530e+02 2.897507648180814499e+02 -4.743885605604711841e+00
-1.708319493076890865e+02 2.896256716401920244e+02 -4.730032492711880643e+00
-1.708198722821829563e+02 2.895082558677144107e+02 -4.716615553804237138e+00
-1.707939417454077216e+02 2.893660906631331500e+02 -4.700732963891669058e+00
-1.707939295743102832e+02 2.892747275212514069e+02 -4.690835404054803703e+00
-1.707597309916809820e+02 2.891641334833617520e+02 -4.677561196871678817e+00
-1.708668011690307083e+02 2.891006193482685944e+02 -4.675241074334496538e+00
-1.709699558509760777e+02 2.892044189485643528e+02 -4.689847534947979568e+00
-1.710048981965575194e+02 2.891793017844402129e+02 -4.688855342233918755e+00
-1.710283134466956767e+02 2.891793021549770515e+02 -4.690092749929729798e+00
-1.710805549178304261e+02 2.891863721509583911e+02 -4.693000387770279502e+00
-1.711252930295270289e+02 2.891807101465251435e+02 -4.694149526012442841e+00
-1.711808049646398899e+02 2.891942927111072663e+02 -4.697438504556475714e+00
-1.712403672394030423e+02 2.892131290882234680e+02 -4.702050913887496186e+00
-1.712820272521521190e+02 2.892019667622974453e+02 -4.702874560490780453e+00
-1.713229456670041486e+02 2.891868987066307568e+02 -4.702480283175895615e+00
-1.713398353232703926e+02 2.891739575072828075e+02 -4.701957812205293408e+00
-1.713570608063201064e+02 2.891198261013587398e+02 -4.697231683506020161e+00
-1.713948987507579318e+02 2.890992426530641524e+02 -4.696511321346813261e+00
-1.714269476880625405e+02 2.890696058894913563e+02 -4.695248196433606580e+00
-1.714380175220784395e+02 2.890044806885856588e+02 -4.688870460859003053e+00
-1.714571557576365706e+02 2.889550683248350538e+02 -4.684416310325298483e+00
-1.713940782663942741e+02 2.887673125307156283e+02 -4.661717304156709929e+00
-1.716258539621095451e+02 2.891146304022919367e+02 -4.708673414723042683e+00
-1.716798743778685434e+02 2.891203445707463402e+02 -4.711525878961769109e+00
-1.717161734889128581e+02 2.890970172222877181e+02 -4.710643079125359733e+00
-1.717495871873113344e+02 2.890692125674398767e+02 -4.708490221150770871e+00
-1.717712357367352354e+02 2.890222987049002654e+02 -4.705196559152220459e+00
-1.718152304584531862e+02 2.890127175639600523e+02 -4.706128211995635802e+00
-1.718590381882465863e+02 2.890021474010255815e+02 -4.707005076129275878e+00
-1.719006083565809320e+02 2.890281104794989346e+02 -4.710815525435942064e+00
-1.719035619406062665e+02 2.889523941178376845e+02 -4.702788363673183980e+00
-1.719065035050734025e+02 2.888766129547929040e+02 -4.695759259616348658e+00
-1.719283455634057134e+02 2.888307238865592126e+02 -4.691521194404455031e+00
-1.719609574116637134e+02 2.888040567165903099e+02 -4.690422829154622164e+00
-1.712350780676232205e+02 2.920690014142450650e+02 -5.123296278123877556e+00
-1.711427968186467297e+02 2.918023806319745290e+02 -5.089062044084514014e+00
-1.710915994234725872e+02 2.915698952536281467e+02 -5.060073141661708185e+00
-1.710216559725271281e+02 2.911848163249850927e+02 -5.012709894070341399e+00
-1.709885679903438529e+02 2.909995305553255776e+02 -4.989436081697564696e+00
-1.709634842133083339e+02 2.908349852627281962e+02 -4.969356638817598260e+00
-1.709278161457614544e+02 2.906521965478655716e+02 -4.947192700558037615e+00
-1.708905265901832990e+02 2.905199288491156722e+02 -4.930722248430155830e+00
-1.708673014434456263e+02 2.903651886176131711e+02 -4.911187266052714051e+00
-1.708497946606757125e+02 2.902245003401692998e+02 -4.894465386739705437e+00
-1.708263215910842518e+02 2.900738223544876178e+02 -4.876147401498892364e+00
-1.708102942506230022e+02 2.899409386485931464e+02 -4.860860205721683869e+00
-1.707967393244210541e+02 2.898157277177145943e+02 -4.846008864741971678e+00
-1.707630319165472770e+02 2.896969858266763254e+02 -4.830299662261642091e+00
-1.707553912274410379e+02 2.895868628365132054e+02 -4.817317465882705818e+00
-1.707458324623707426e+02 2.894719927202808663e+02 -4.804062030519201443e+00
-1.707385601274288263e+02 2.893638129538473436e+02 -4.791187965415634409e+00
-1.707285793544792512e+02 2.892520855440064906e+02 -4.778096880990201356e+00
-1.707239134378934864e+02 2.890180221513635956e+02 -4.751501825692778347e+00
-1.707390563529160659e+02 2.889582747997654337e+02 -4.744451034358966979e+00
-1.707945088836287653e+02 2.889769102845500015e+02 -4.749011842817779439e+00
-1.708234828693144607e+02 2.889417911954390661e+02 -4.746423047356053360e+00
-1.708580050452535204e+02 2.889198289956628400e+02 -4.745595761977838833e+00
-1.708938800208047155e+02 2.888996331296156654e+02 -4.744876630203438417e+00
-1.709285898339247467e+02 2.888786607954382930e+02 -4.744104244874296938e+00
-1.709533555200449655e+02 2.888804163105460248e+02 -4.745449301908081452e+00
-1.709834539111931804e+02 2.888512289366319123e+02 -4.743189372135213411e+00
-1.710270115911084474e+02 2.888447097987309462e+02 -4.745282491013265158e+00
-1.710690393121759598e+02 2.888354898497370300e+02 -4.746214217068775554e+00
-1.711047270040677972e+02 2.888143059829009758e+02 -4.745440408170928492e+00
-1.711484840986377947e+02 2.888088376744055381e+02 -4.746590280514287663e+00
-1.711845471296257131e+02 2.887896364407462784e+02 -4.745926308645771918e+00
-1.712062430163005899e+02 2.887859406510127087e+02 -4.745947171491440741e+00
-1.712477097113546165e+02 2.887737584916254718e+02 -4.746714791397949718e+00
-1.712897390933087536e+02 2.887645498649902720e+02 -4.747647021904574771e+00
-1.713269586949013785e+02 2.887460771008222196e+02 -4.748035177242519111e+00
-1.713672705940324192e+02 2.887331758343066213e+02 -4.747751070376849292e+00
-1.714133513797384865e+02 2.887292266337919386e+02 -4.750007043350416680e+00
-1.714306134709938192e+02 2.887182501864996880e+02 -4.749593719879879217e+00
-1.714780577769313084e+02 2.887161265487184778e+02 -4.750959536649296489e+00
-1.715258688876253643e+02 2.887159365686699743e+02 -4.753433952575192301e+00
-1.715596425202332682e+02 2.886900242053044963e+02 -4.752387824470133637e+00
-1.716057356796086140e+02 2.886861416741760422e+02 -4.753645903147249996e+00
-1.716547138466893614e+02 2.886867394338307236e+02 -4.756174196049553160e+00
-1.716931020378554251e+02 2.886690599373446275e+02 -4.756616480404191272e+00
-1.717461427420844018e+02 2.886749772497073536e+02 -4.759470138818064910e+00
-1.717792149181433103e+02 2.886883288019407132e+02 -4.762520412813533000e+00
-1.718191451500915718e+02 2.886734178071391170e+02 -4.763126307280590943e+00
-1.718689175191352376e+02 2.886728337812667178e+02 -4.765599188834736211e+00
-1.719227517153365454e+02 2.886775655625186801e+02 -4.768397287629969838e+00
-1.719669331863051127e+02 2.886689696028031449e+02 -4.769383699821470479e+00
-1.720336850044504899e+02 2.886935134917010828e+02 -4.775374493059979741e+00
-1.711953116198438352e+02 2.919933738693405871e+02 -5.191954945165367263e+00
-1.709868648961357849e+02 2.910172953918536791e+02 -5.065481439878571912e+00
-1.709566218206879284e+02 2.908416461724606847e+02 -5.042752518278785345e+00
-1.709261341938099292e+02 2.906700769848238224e+02 -5.021241402253687980e+00
-1.708893922114333463e+02 2.904332911614500858e+02 -4.991168455662035264e+00
-1.708494352946366064e+02 2.902493606513300506e+02 -4.967899492418661467e+00
-1.708296044152007198e+02 2.901071562471066159e+02 -4.950071728078606625e+00
-1.708137854353317380e+02 2.899753732372593618e+02 -4.932842575524457374e+00
-1.707964124665141696e+02 2.898407637019146819e+02 -4.916448115466903523e+00
-1.707849566879602037e+02 2.897212551264315721e+02 -4.901923348591374463e+00
-1.707519963453599701e+02 2.896064568814276186e+02 -4.886432863337649479e+00
-1.707416584061819833e+02 2.894928453816758633e+02 -4.872235456737675108e+00
-1.707508805659460620e+02 2.894179743106651586e+02 -4.864314831758514757e+00
-1.707397377726184402e+02 2.891228945988457326e+02 -4.828379235684855608e+00
-1.707518027727014385e+02 2.890576517369440239e+02 -4.821003212630732726e+00
-1.707671497417501030e+02 2.890419411859214165e+02 -4.820317139240721360e+00
-1.708078235996932790e+02 2.890309492928048485e+02 -4.821140340496307353e+00
-1.708467803367610429e+02 2.890162705097876028e+02 -4.820747456728671665e+00
-1.708649934059295390e+02 2.889619763342262218e+02 -4.815020963476293048e+00
-1.708960702090793404e+02 2.889325802408321238e+02 -4.812759646942389224e+00
-1.709336637248976558e+02 2.889160787526602121e+02 -4.813256956248330276e+00
-1.709511126876247715e+02 2.889060894117665157e+02 -4.812898317532492420e+00
-1.709962213403549924e+02 2.889023808878159798e+02 -4.814155979853054212e+00
-1.710305560625315593e+02 2.888794336304373473e+02 -4.813274113860487979e+00
-1.710752905607201058e+02 2.888737500024921019e+02 -4.814422354786748848e+00
-1.711080855488469865e+02 2.888480464125850631e+02 -4.813377434956021439e+00
-1.711487613001561954e+02 2.888370657878487577e+02 -4.814201319149427505e+00
-1.711844497020386200e+02 2.888158856665963299e+02 -4.813427658522062558e+00
-1.712247510021820744e+02 2.888029270930574057e+02 -4.814141846387125057e+00
-1.712464472435574976e+02 2.887992331745193155e+02 -4.814162813126111828e+00
-1.713672814503790391e+02 2.888405533323861505e+02 -4.825602998590387216e+00
-1.713671744732208708e+02 2.887594345145126340e+02 -4.815252761294783745e+00
-1.714132552589269380e+02 2.887554853139979514e+02 -4.817508734268351134e+00
-1.714610661287155438e+02 2.887552915027581548e+02 -4.819982942284095628e+00
-1.714883548649079898e+02 2.887596179416355540e+02 -4.821490786389502681e+00
-1.715267418775878525e+02 2.887419347883661089e+02 -4.821932922597174098e+00
-1.715682116535096782e+02 2.887297714425049548e+02 -4.822701343495761961e+00
-1.716185432097404089e+02 2.887321373658766674e+02 -4.825337834317287466e+00
-1.716540468120462890e+02 2.887099823485892216e+02 -4.824510104787393949e+00
-1.717057337082800643e+02 2.887141267272531309e+02 -4.827255364941390070e+00
-1.717555043038209703e+02 2.887135333454033344e+02 -4.829727727028945594e+00
-1.717800890375310701e+02 2.887143355403950409e+02 -4.831019671930498305e+00
-1.718196444624340984e+02 2.886974447192098410e+02 -4.831515885208203187e+00
-1.719452181185318409e+02 2.887369188678632099e+02 -4.841902150960233797e+00
-1.720282065927039810e+02 2.887074838453543748e+02 -4.843165918625363275e+00
-1.721933067654860849e+02 2.888802884398685364e+02 -4.872098184957076583e+00
-1.712136484336258491e+02 2.920899587250356149e+02 -5.309478098037570426e+00
-1.712107270873412688e+02 2.919617729991902024e+02 -5.293569945288930434e+00
-1.708661476762445659e+02 2.903696165348741829e+02 -5.076657350368642518e+00
-1.708073259319088777e+02 2.900915411797503225e+02 -5.039144983117370913e+00
-1.707809774530531115e+02 2.899364374923160312e+02 -5.018558333204176769e+00
-1.707636246750065538e+02 2.898019359774336863e+02 -5.000166919996787307e+00
-1.707535209860741645e+02 2.896841899900959447e+02 -4.985750158454591130e+00
-1.707455252769321987e+02 2.895721981847910911e+02 -4.970661364791165049e+00
-1.707014287422739187e+02 2.894362451157534224e+02 -4.951923500680950774e+00
-1.706859245275884689e+02 2.893114941617358227e+02 -4.935074998546795655e+00
-1.706847570885236109e+02 2.890368144521725640e+02 -4.901333616044519559e+00
-1.707112246565708631e+02 2.889992135757948404e+02 -4.897585147869918387e+00
-1.707501698504126750e+02 2.889844737845706959e+02 -4.898190410624291502e+00
-1.707762612561676860e+02 2.889448884926210894e+02 -4.894332001650558261e+00
-1.708284728875519249e+02 2.890001316575377359e+02 -4.903823637721984596e+00
-1.708282316854327689e+02 2.889129332095602649e+02 -4.893145869769869094e+00
-1.708031950557829362e+02 2.887808580653372132e+02 -4.875810765005060610e+00
-1.708972757389183812e+02 2.888690059556216738e+02 -4.891491202627859636e+00
-1.709316197556648547e+02 2.888461065636814737e+02 -4.889610462798300361e+00
-1.709703779564031834e+02 2.888303777440776230e+02 -4.890161055875205776e+00
-1.710020463501730887e+02 2.888470668246097830e+02 -4.893376229039015257e+00
-1.710252416220735370e+02 2.888029449940736981e+02 -4.889246131251221428e+00
-1.710689871165200202e+02 2.887974166573692969e+02 -4.891394202125006530e+00
-1.711064031178127038e+02 2.887799788174452829e+02 -4.890838227835055285e+00
-1.711497839362953926e+02 2.887725280533737759e+02 -4.891878263396114868e+00
-1.711873779260880326e+02 2.887560303456075417e+02 -4.892375899582757093e+00
-1.712280539685425822e+02 2.887450486964731340e+02 -4.893199731705988320e+00
-1.712497500319782660e+02 2.887413538391445513e+02 -4.893220706014470345e+00
-1.712929349198459761e+02 2.887328680652213961e+02 -4.895204811563756309e+00
-1.713349651249963017e+02 2.887236612209812847e+02 -4.896137145840183891e+00
-1.713735473588899936e+02 2.887070093351725859e+02 -4.895635004272993029e+00
-1.714140375376663599e+02 2.886950471764166650e+02 -4.896404455813740952e+00
-1.714572342665630629e+02 2.886866252618937665e+02 -4.897390570742754079e+00
-1.714956198604407120e+02 2.886689346238424605e+02 -4.897832291377152814e+00
-1.715321365219480185e+02 2.886897153885123544e+02 -4.902316396311168667e+00
-1.715705328921635271e+02 2.886720829930820855e+02 -4.901759874161493613e+00
-1.716092953583240046e+02 2.886563805161864025e+02 -4.902311683865508307e+00
-1.716536502551568333e+02 2.886486954979198458e+02 -4.904350274488605166e+00
-1.717066900714555118e+02 2.886546081259083962e+02 -4.907203792201491943e+00
-1.717466197077977483e+02 2.886396914287200275e+02 -4.907809374865080621e+00
-1.718489691314962613e+02 2.886049833482906593e+02 -4.908986266685568367e+00
-1.719870036351467490e+02 2.887424130020610278e+02 -4.933751439697004137e+00
-1.721031478033137887e+02 2.887643667111689751e+02 -4.943105144813529250e+00
-1.721309671663004224e+02 2.887285294281782626e+02 -4.939465091139361164e+00
-1.712267085462779619e+02 2.921372454441881814e+02 -5.408284449690937912e+00
-1.711554876845183628e+02 2.918582130525784919e+02 -5.368589078692243888e+00
-1.707550747737770394e+02 2.898157968666733950e+02 -5.080941452034693384e+00
-1.707365532282173035e+02 2.896805011453186580e+02 -5.062495917380106292e+00
-1.707093709204029892e+02 2.895317392833004533e+02 -5.041239682243575437e+00
-1.706888852759419137e+02 2.893968226222421549e+02 -5.022795148394965103e+00
-1.706699057906402004e+02 2.893128119171543062e+02 -5.011096784376723789e+00
-1.706789173882729074e+02 2.890596093947318650e+02 -4.978607347473627875e+00
-1.706858087642422959e+02 2.889831856386877575e+02 -4.969579287615196073e+00
-1.707220587169418593e+02 2.889649666558376566e+02 -4.968969740521053780e+00
-1.707704222090100075e+02 2.889676881607620089e+02 -4.971605933358565821e+00
-1.707861435093611533e+02 2.889539536461391549e+02 -4.971029392825667692e+00
-1.708345082434707081e+02 2.889566817034404380e+02 -4.973665889773638327e+00
-1.708515546739187982e+02 2.889016045517722091e+02 -4.967885838917817765e+00
-1.709809954175550502e+02 2.890527673532837980e+02 -4.994305098690408506e+00
-1.709127289814654205e+02 2.888430164064753285e+02 -4.963364332877750584e+00
-1.709501438617589031e+02 2.888255739329628113e+02 -4.962808098916262622e+00
-1.709846657393054841e+02 2.888036088788004463e+02 -4.961980717152467690e+00
-1.710053725575041597e+02 2.888000654783286905e+02 -4.963001373014474638e+00
-1.710445061542360747e+02 2.887863183119037558e+02 -4.963661751112294240e+00
-1.710878867318132848e+02 2.887788637166409558e+02 -4.964701578763202505e+00
-1.711208678239343897e+02 2.887541444643539421e+02 -4.963711306941263501e+00
-1.711642486424170500e+02 2.887466937002824920e+02 -4.964751342502323084e+00
-1.712049240390256841e+02 2.887357112043507072e+02 -4.965575122802411201e+00
-1.712291288201746795e+02 2.887345064278534892e+02 -4.966756118126117059e+00
-1.712638389305082285e+02 2.887135369416767503e+02 -4.965983948214863553e+00
-1.713039517690955904e+02 2.886995867137583218e+02 -4.966643251293358929e+00
-1.713084556740217863e+02 2.886266762468513889e+02 -4.957780313661903193e+00
-1.713843666166380615e+02 2.886726816514992038e+02 -4.968017009539705597e+00
-1.714279382657855990e+02 2.886662376001713142e+02 -4.969112761157392200e+00
-1.714711349946823020e+02 2.886578156856484725e+02 -4.970098876086405326e+00
-1.715012982533876880e+02 2.886665631482897538e+02 -4.973875125130899910e+00
-1.715444958690357566e+02 2.886581459117555823e+02 -4.974861499793207464e+00
-1.715903909690033515e+02 2.886532171404098222e+02 -4.977063084614796296e+00
-1.716364745940822445e+02 2.886492829190371481e+02 -4.979319710186445036e+00
-1.716835370409924337e+02 2.886451408598037460e+02 -4.981575179430421940e+00
-1.717234762122205893e+02 2.886302758560523216e+02 -4.981182155683323565e+00
-1.717790168722332851e+02 2.886386381937939518e+02 -4.986194805273235886e+00
-1.718632045125483785e+02 2.886531233068262168e+02 -4.992824757830293336e+00
-1.718713476526938280e+02 2.885886733926531065e+02 -4.984451671066808309e+00
-1.719654495095939239e+02 2.886554557974328077e+02 -4.998986346764763056e+00
-1.719625835192230170e+02 2.885758940670282300e+02 -4.988692611417429035e+00
-1.720719375169599061e+02 2.886640610808518090e+02 -5.006527460392158346e+00
-1.706511037126598183e+02 2.891598156815930452e+02 -5.068816181866406367e+00
-1.706376666825577502e+02 2.890889328907465483e+02 -5.058878015227775471e+00
-1.706549159434741227e+02 2.889436310003076187e+02 -5.040259002693179724e+00
-1.707378002483976900e+02 2.889243818342905001e+02 -5.042067561603095882e+00
-1.707788477839608561e+02 2.889153612487992859e+02 -5.043000154953051428e+00
-1.707723044676472171e+02 2.888593632959673414e+02 -5.034929998317959843e+00
-1.708196908466526622e+02 2.888622990927507317e+02 -5.037567830018550019e+00
-1.708444270885759977e+02 2.888209362747211912e+02 -5.033600822691314036e+00
-1.708866300737446693e+02 2.888126395251326812e+02 -5.035585283576192950e+00
-1.709153842559282452e+02 2.887817338097430593e+02 -5.032218445580099342e+00
-1.709716201547789751e+02 2.887991302431845497e+02 -5.037722196999397717e+00
-1.709919208350271447e+02 2.887504812904032292e+02 -5.033320632345120060e+00
-1.710138032306366540e+02 2.887477668538957687e+02 -5.033395987112569969e+00
-1.710531241092595280e+02 2.887350076786814839e+02 -5.034111220882297566e+00
-1.710934226341748285e+02 2.887220370247868004e+02 -5.034824852596616829e+00
-1.711329312153022499e+02 2.887102706203431808e+02 -5.035594963830448023e+00
-1.711736061930656660e+02 2.886992833544296104e+02 -5.036418543789880076e+00
-1.712077526171316322e+02 2.886753376238935402e+02 -5.035481488529741867e+00
-1.712455436016408896e+02 2.886598805395653358e+02 -5.035035366408110669e+00
-1.712787857824899902e+02 2.886741301060945943e+02 -5.039137210861287741e+00
-1.713146608204174299e+02 2.886539371292554961e+02 -5.038418354082688566e+00
-1.713551396902156512e+02 2.886419139178925093e+02 -5.040185952083687582e+00
-1.713987101614664539e+02 2.886354662129740518e+02 -5.041281496038253707e+00
-1.714388243547113575e+02 2.886215205710512350e+02 -5.041941118242682762e+00
-1.714791260725210975e+02 2.886085667611085910e+02 -5.042655625480708892e+00
-1.715252075682177235e+02 2.886046213061775916e+02 -5.044911746724758395e+00
-1.715509555686351177e+02 2.886061886881481655e+02 -5.046256500307850779e+00
-1.715941434720469942e+02 2.885977188225792816e+02 -5.048241429434185967e+00
-1.716386845376081851e+02 2.885910210439118373e+02 -5.050334704997255564e+00
-1.716874760044992456e+02 2.885906287603669398e+02 -5.052808097603455728e+00
-1.717316433259379096e+02 2.885819567625168816e+02 -5.054792122689434564e+00
-1.717746556111375469e+02 2.885725618295398931e+02 -5.055724153576927726e+00
-1.718278655921767495e+02 2.885793693630185430e+02 -5.060630132647883528e+00
-1.718592086362281179e+02 2.885889731091374415e+02 -5.063462408749499488e+00
-1.718931706783837967e+02 2.885640572461626334e+02 -5.062471603959796340e+00
-1.719502568014316637e+02 2.885752010191273484e+02 -5.067648352603709050e+00
-1.719913542035616842e+02 2.885610758040330666e+02 -5.068308020030341865e+00
-1.711587782420745896e+02 2.918967837739277229e+02 -5.568981799311394809e+00
-1.711166395568130270e+02 2.916852426058275114e+02 -5.536197844765357701e+00
-1.708073941507516054e+02 2.900969239265972419e+02 -5.293810468423035154e+00
-1.707363525676644826e+02 2.897060634721817678e+02 -5.234114297682432415e+00
-1.708033494411089066e+02 2.897426340184612741e+02 -5.242755575851658634e+00
-1.707203810423486061e+02 2.894821850308410944e+02 -5.201939601304008676e+00
-1.706874268373043151e+02 2.893244590604810469e+02 -5.178142849271562653e+00
-1.706408252958928529e+02 2.891430741036969607e+02 -5.149937977621914520e+00
-1.706333608365273449e+02 2.890822168441856093e+02 -5.140596606017416192e+00
-1.706471638582473531e+02 2.890207726382306532e+02 -5.132439863107160605e+00
-1.706527127351996569e+02 2.889426370010947380e+02 -5.122305258528599303e+00
-1.706711225666053622e+02 2.888893835029498973e+02 -5.115634828481244512e+00
-1.707108164152155041e+02 2.888785919025482372e+02 -5.116459068010243527e+00
-1.707453375827714979e+02 2.888566231028021889e+02 -5.115631537975966481e+00
-1.707812109609913023e+02 2.888364188099898797e+02 -5.114912057713943305e+00
-1.708000117161264484e+02 2.888281892092408611e+02 -5.114661208913550361e+00
-1.708345320604862820e+02 2.888062186270997245e+02 -5.113833575109470786e+00
-1.708740393935041197e+02 2.887944417978804381e+02 -5.114603114744779688e+00
-1.709099129490741689e+02 2.887742384406658402e+02 -5.113883686429415931e+00
-1.709490455386019789e+02 2.887604846806565320e+02 -5.114543700838864559e+00
-1.709822229166280465e+02 2.887368023126094272e+02 -5.112609403405862452e+00
-1.710054479868364865e+02 2.887358006832133128e+02 -5.113791533388562627e+00
-1.710403441387879866e+02 2.887158126454485796e+02 -5.113073736490297172e+00
-1.710806425983796828e+02 2.887028390863821414e+02 -5.113787390789585885e+00
-1.711216821394907868e+02 2.886937762142169959e+02 -5.115718991046267483e+00
-1.711602618898911601e+02 2.886771112268472166e+02 -5.115216181742003876e+00
-1.712040087389952134e+02 2.886715874761384271e+02 -5.117364571741722656e+00
-1.712416020187972663e+02 2.886550860227885096e+02 -5.117862059657882767e+00
-1.712619443389718867e+02 2.886496211337401405e+02 -5.117774672637670719e+00
-1.713064819054095551e+02 2.886428997747575522e+02 -5.119866887351850693e+00
-1.713363913531907201e+02 2.886127130840814061e+02 -5.117551656972112895e+00
-1.713915092959230151e+02 2.886242143858236204e+02 -5.122728449713461529e+00
-1.714319984741529197e+02 2.886122495090748998e+02 -5.123497745537748393e+00
-1.714751847814123096e+02 2.886037712231263868e+02 -5.125482207144152369e+00
-1.715156746690433067e+02 2.885918100887685682e+02 -5.126251710755076019e+00
-1.715400689256101430e+02 2.885916074358266314e+02 -5.127488162525628113e+00
-1.715798082621593892e+02 2.885756868263023307e+02 -5.128038304004875592e+00
-1.716289634680230165e+02 2.885772171477252641e+02 -5.131619732170831227e+00
-1.716835342437158829e+02 2.885858333047996211e+02 -5.135634798422722191e+00
-1.717221090709269902e+02 2.885691409527267979e+02 -5.136131886626126075e+00
-1.717664650318614861e+02 2.885614615480466796e+02 -5.138170788929176780e+00
-1.718179554660189581e+02 2.885645681132584173e+02 -5.141859903715268132e+00
-1.718446738828069726e+02 2.885658844826895688e+02 -5.144202396476359240e+00
-1.718930921532995342e+02 2.885635285507091226e+02 -5.146566872324647157e+00
-1.719372626070247918e+02 2.885548705171812003e+02 -5.148551319390071157e+00
-1.720012962737473856e+02 2.885758141272517037e+02 -5.155323766803048713e+00
-1.711305710527389010e+02 2.917585974071493524e+02 -5.644420652109832126e+00
-1.710985903332684472e+02 2.915684208742016494e+02 -5.613884706266985880e+00
-1.707886236502660040e+02 2.899816800573336764e+02 -5.361561404311125045e+00
-1.707791583889913340e+02 2.898619372483046277e+02 -5.344039365078375958e+00
-1.707360867448780937e+02 2.897260262257847785e+02 -5.321307772960426341e+00
-1.707591635386789335e+02 2.896759092300443967e+02 -5.315852880109266820e+00
-1.707001991557565930e+02 2.894615348361850806e+02 -5.280749608984128152e+00
-1.706647881161168527e+02 2.892962197857303295e+02 -5.254518698391214215e+00
-1.706544725133131237e+02 2.891827315780173535e+02 -5.237324123047609525e+00
-1.706287936958976843e+02 2.890419040495493732e+02 -5.214505587657884078e+00
-1.706301223747685469e+02 2.890005801340369658e+02 -5.209302937719678006e+00
-1.706422063816576440e+02 2.889354377666083451e+02 -5.199929486364535336e+00
-1.706665688890634556e+02 2.888921046209513861e+02 -5.195853138951346040e+00
-1.707012874072155455e+02 2.888711783222243525e+02 -5.194081835469805064e+00
-1.707375259934499638e+02 2.888528992635723966e+02 -5.194470546360484775e+00
-1.707814657024956659e+02 2.888483956039371492e+02 -5.195673916254881064e+00
-1.708194327174047373e+02 2.888338644814073746e+02 -5.196280684740839817e+00
-1.708274710791440043e+02 2.888064532830384792e+02 -5.192891893617248122e+00
-1.708602736501248387e+02 2.887807910886077707e+02 -5.190847914994892953e+00
-1.708932537913498777e+02 2.887560642595458376e+02 -5.189857286992321406e+00
-1.709295020335124207e+02 2.887378388131191969e+02 -5.189247435911235051e+00
-1.709624819973872150e+02 2.887131110484594956e+02 -5.188256755962004085e+00
-1.710046952262534319e+02 2.887048697315061077e+02 -5.189242877738987403e+00
-1.710872200158931093e+02 2.887266867472729928e+02 -5.198252568580260302e+00
-1.711017615206234836e+02 2.886691383511399636e+02 -5.190312488655026257e+00
-1.711681938738618385e+02 2.887027307018529427e+02 -5.199789824631174895e+00
-1.711938659392388615e+02 2.886663060290451881e+02 -5.196096694251153281e+00
-1.712341653503160614e+02 2.886533400499464506e+02 -5.196810645214921642e+00
-1.712717586301181143e+02 2.886368385965964762e+02 -5.197308133131081753e+00
-1.713180253938869555e+02 2.886338679489002175e+02 -5.199618323154144406e+00
-1.713368273335765082e+02 2.886256458773332838e+02 -5.199367889988780966e+00
-1.713740458687096009e+02 2.886071674868078389e+02 -5.199755971711388369e+00
-1.714116501027892809e+02 2.885907252148694511e+02 -5.199255209273980327e+00
-1.714473276127703514e+02 2.885694888014135699e+02 -5.199480073995985663e+00
-1.715009168410541918e+02 2.885782958572107759e+02 -5.203495539960633742e+00
-1.716995828504506392e+02 2.887831543934929073e+02 -5.246500878758569186e+00
-1.716074479761280429e+02 2.885549022150303813e+02 -5.207323222483316805e+00
-1.716548746305064128e+02 2.885526826719644191e+02 -5.210686727163533760e+00
-1.716990417122185306e+02 2.885440068493085164e+02 -5.212670425307052824e+00
-1.717493643285799294e+02 2.885463267784373329e+02 -5.216305893858888432e+00
-1.717906473540721493e+02 2.885331782449660523e+02 -5.217019674441698562e+00
-1.718448354481310218e+02 2.885397742013857396e+02 -5.221924229882192847e+00
-1.718845773334972193e+02 2.885238695985943309e+02 -5.222475016513541846e+00
-1.719419206891328429e+02 2.885739604552223909e+02 -5.233743793039419501e+00
-1.719803201390371896e+02 2.885563468669327563e+02 -5.233188190914132676e+00
-1.720701680780839808e+02 2.886167961518713128e+02 -5.248342527673768743e+00
-1.712470946808899157e+02 2.920401646837450471e+02 -5.797873766342109825e+00
-1.711137689181292671e+02 2.916268653243562881e+02 -5.726328862073428283e+00
-1.711640290795890849e+02 2.916181116501166457e+02 -5.727366124168316475e+00
-1.712094843737238534e+02 2.916001210374279253e+02 -5.727860400996314993e+00
-1.712630012043323973e+02 2.915978057648499089e+02 -5.730276720582480721e+00
-1.709735715349369229e+02 2.909249267867397180e+02 -5.609214384198068615e+00
-1.708987654152506934e+02 2.905518079122118706e+02 -5.547422581659154694e+00
-1.708709827329462030e+02 2.903891438796201783e+02 -5.521408364788385370e+00
-1.708370564260553408e+02 2.902155547194435599e+02 -5.492744869856736045e+00
-1.708184403912307801e+02 2.900743945621122748e+02 -5.469977846422821699e+00
-1.707959599361527410e+02 2.899289601154849834e+02 -5.445941839808292606e+00
-1.707494455812728233e+02 2.897856292428915594e+02 -5.421776817186078290e+00
-1.707644796729449581e+02 2.897199403319289672e+02 -5.412402787849442731e+00
-1.707288992235315561e+02 2.895537329663723654e+02 -5.385120678118444637e+00
-1.707554267866957787e+02 2.895110810061657958e+02 -5.380100305312162767e+00
-1.706691806930672612e+02 2.892494571324472190e+02 -5.335183064003881981e+00
-1.706772728132206964e+02 2.891740004523144307e+02 -5.323214055282491586e+00
-1.706548501329031922e+02 2.890396085187148287e+02 -5.301774421544067195e+00
-1.706579061775259731e+02 2.890020269321237834e+02 -5.296789398488877865e+00
-1.706763274952600966e+02 2.889488354221837199e+02 -5.289120873927931399e+00
-1.707072164826997209e+02 2.889184485212074947e+02 -5.286804724430603564e+00
-1.707405727873959620e+02 2.888957061141028930e+02 -5.285923918194856519e+00
-1.707733764236573677e+02 2.888700495396441283e+02 -5.283880132220147630e+00
-1.708048270817774323e+02 2.888426256894731523e+02 -5.281728259727271890e+00
-1.708389729180739778e+02 2.888186781385272752e+02 -5.280790981603264989e+00
-1.708641129929836779e+02 2.888224087132294926e+02 -5.282245459969591828e+00
-1.708955535835775379e+02 2.887949303596356003e+02 -5.281092097563580445e+00
-1.709331553347533372e+02 2.887784749893289131e+02 -5.280590607872945874e+00
-1.709724759167521313e+02 2.887657129693067191e+02 -5.281305566708631716e+00
-1.710112337070713124e+02 2.887499832648907727e+02 -5.281855988868327856e+00
-1.710386343227546035e+02 2.887173084501863514e+02 -5.278380901006352488e+00
-1.711067613944590562e+02 2.887115040579834613e+02 -5.282763073105805063e+00
-1.711431981678011027e+02 2.886942770339285858e+02 -5.282208530262842316e+00
-1.711894635115887695e+02 2.886912988950649037e+02 -5.284518423744941629e+00
-1.712224445383862417e+02 2.886665767376061353e+02 -5.283528174507972963e+00
-1.712660039918042685e+02 2.886600669556825096e+02 -5.285621812852614454e+00
-1.713078454944930229e+02 2.886498646258716576e+02 -5.286499054432323597e+00
-1.713467932281361925e+02 2.886351369530179340e+02 -5.287104992431505224e+00
-1.713650318998139142e+02 2.886239434038806735e+02 -5.286689933774066930e+00
-1.714232231350469249e+02 2.886409157183805405e+02 -5.293191714064358067e+00
-1.714546633775978535e+02 2.886134393691826290e+02 -5.292038455736937763e+00
-1.714961316693938613e+02 2.886012656333678024e+02 -5.292806483647224169e+00
-1.715454736250975714e+02 2.886037811392081949e+02 -5.296442611645112208e+00
-1.716570349378726519e+02 2.885854439536479390e+02 -5.301592902222774129e+00
-1.717056290541676162e+02 2.885840091690839699e+02 -5.305010068276237334e+00
-1.717501621827638019e+02 2.885772681269374971e+02 -5.308102239221462071e+00
-1.718014650917669712e+02 2.885793828569762809e+02 -5.311736528490110132e+00
-1.718529565900260820e+02 2.885824950357744569e+02 -5.315425954956155330e+00
-1.719009891627510171e+02 2.885781029915924591e+02 -5.318679155932151126e+00
-1.719427196062394216e+02 2.886049074109234311e+02 -5.325540569114256328e+00
-1.719878686559742391e+02 2.885960454691046948e+02 -5.327523889337211216e+00
-1.720771526176080783e+02 2.886535195340819655e+02 -5.342513392818137419e+00
-1.711338856821818979e+02 2.917274781592773820e+02 -5.839077997257774655e+00
-1.711816729530501391e+02 2.917110479168451320e+02 -5.839679315739080501e+00
-1.712441676016083534e+02 2.917292389718983259e+02 -5.846288262422838500e+00
-1.713687763464730267e+02 2.917636121149083124e+02 -5.860396149306556168e+00
-1.714834687313480117e+02 2.917134583562673811e+02 -5.858861312805915489e+00
-1.715254837987989163e+02 2.916880609982588339e+02 -5.857922767350566495e+00
-1.708444455881956117e+02 2.901631194066943067e+02 -5.572133549196701452e+00
-1.708013028998053642e+02 2.899731369321248167e+02 -5.539495587398281629e+00
-1.708479567038254459e+02 2.898218452432603840e+02 -5.517845229149299868e+00
-1.706734755635784211e+02 2.893740349963124459e+02 -5.436033756465478817e+00
-1.707776013345185504e+02 2.894883138300160681e+02 -5.461226493892883838e+00
-1.706486310080255464e+02 2.891409463259304289e+02 -5.398270382394230182e+00
-1.706473131796946916e+02 2.890480725107112221e+02 -5.383271481060138086e+00
-1.706653606406901531e+02 2.889929087479698069e+02 -5.375493691006624886e+00
-1.706807070213799307e+02 2.889771963733446682e+02 -5.374807454268898610e+00
-1.706910720769932936e+02 2.889083587400359079e+02 -5.364217450432359868e+00
-1.707213578710746447e+02 2.888801612761208730e+02 -5.362012420770323473e+00
-1.707589595586952669e+02 2.888637030102206609e+02 -5.361510775116196115e+00
-1.707917529500801948e+02 2.888379909967412118e+02 -5.360465447281692164e+00
-1.708249309751311102e+02 2.888143094818769896e+02 -5.358531082639525600e+00
-1.708796149502708488e+02 2.888288877245930735e+02 -5.364869934435681387e+00
-1.708953254071118124e+02 2.887721383493144458e+02 -5.356984176360058747e+00
-1.709156571198727761e+02 2.887666122680730041e+02 -5.357895054647133115e+00
-1.709582458028090741e+02 2.887603516306861025e+02 -5.358990790404304150e+00
-1.709925790414492894e+02 2.887373939865465786e+02 -5.358108471907282677e+00
-1.710272882014762672e+02 2.887164169267875877e+02 -5.357335886299241956e+00
-1.710737285823643958e+02 2.887143659105137203e+02 -5.360698663128223629e+00
-1.711038258440873392e+02 2.886851700178414148e+02 -5.358438444260371192e+00
-1.711332046118870664e+02 2.886951518886590407e+02 -5.361271669221304492e+00
-1.711830942054837408e+02 2.887005524631379672e+02 -5.366069285520517873e+00
-1.712251129237161820e+02 2.886912836275002974e+02 -5.367999773826691801e+00
-1.712636945614143826e+02 2.886746260361121017e+02 -5.367497379972184568e+00
-1.713130233699030782e+02 2.886770682313889438e+02 -5.372131098032548735e+00
-1.713444742622709498e+02 2.886496443368178006e+02 -5.369979225477916174e+00
-1.713726641741278058e+02 2.886157644162867086e+02 -5.366447784821748002e+00
-1.714018487224390697e+02 2.886247177440219502e+02 -5.370225324241697962e+00
-1.714394439542731448e+02 2.886082265886326468e+02 -5.370723264538798780e+00
-1.714837961884939546e+02 2.886005275236290686e+02 -5.372761314026627488e+00
-1.715315968781401921e+02 2.886002811753476749e+02 -5.376234017113760366e+00
-1.715734313282574135e+02 2.885900402472753967e+02 -5.378110651873535986e+00
-1.716324171848880269e+02 2.886058355494227499e+02 -5.384557161640170619e+00
-1.716650247108263159e+02 2.885791430167436147e+02 -5.383457631771645602e+00
-1.716865347973781866e+02 2.885744696129820568e+02 -5.383424269998323020e+00
-1.717324219580228828e+02 2.885694975653862571e+02 -5.386624988266683900e+00
-1.717896824578310770e+02 2.885815598565749838e+02 -5.392854271522825371e+00
-1.718394438731866103e+02 2.885809166524837224e+02 -5.396325343914385009e+00
-1.718880407144698665e+02 2.885794988038648512e+02 -5.399743326098917606e+00
-1.719489798918955330e+02 2.885948567935163851e+02 -5.407187256392110619e+00
-1.707038612813932730e+02 2.895503221631425959e+02 -5.543921509225651079e+00
-1.706861220934412984e+02 2.894191580004509774e+02 -5.521699524617238453e+00
-1.706648934048972137e+02 2.892856974084656940e+02 -5.498318253033041003e+00
-1.706482704607582264e+02 2.891604219043185822e+02 -5.476423101664097182e+00
-1.706893101780406710e+02 2.891513599613656993e+02 -5.478354872899746653e+00
-1.706972124105886905e+02 2.890749002632872475e+02 -5.466330415362761208e+00
-1.706841677731778759e+02 2.890060902957445705e+02 -5.454504324103806923e+00
-1.707119976194151434e+02 2.889703084297235023e+02 -5.449865395614597929e+00
-1.707384643007110299e+02 2.889327028753571085e+02 -5.446116667706703218e+00
-1.707729864766500896e+02 2.889107406755808825e+02 -5.445289382328487804e+00
-1.708119416163864059e+02 2.888960534657985590e+02 -5.444896150073229357e+00
-1.708420399512265249e+02 2.888668670750751062e+02 -5.442636212792624661e+00
-1.708779149836752822e+02 2.888466702290299963e+02 -5.441917029009808005e+00
-1.708949881399896640e+02 2.888346983501453451e+02 -5.441448434355846686e+00
-1.709324031970439535e+02 2.888172568090378718e+02 -5.440892311857171926e+00
-1.709746078352626455e+02 2.888089674998310556e+02 -5.442877188253565812e+00
-1.710110355428038531e+02 2.887916886967316259e+02 -5.443321192181620916e+00
-1.710436520074325983e+02 2.887650421519099382e+02 -5.441222803615093362e+00
-1.710845141556497708e+02 2.887550448499737854e+02 -5.442101105198650757e+00
-1.711217321599109766e+02 2.887365636590405984e+02 -5.442488912048974115e+00
-1.711420644137383249e+02 2.887310442729548186e+02 -5.443399916083317081e+00
-1.711867890858955832e+02 2.887253099759706743e+02 -5.445546815490438952e+00
-1.712274646604439852e+02 2.887143284188293819e+02 -5.446370588221032705e+00
-1.712706500173968038e+02 2.887058425592986168e+02 -5.448354634130648577e+00
-1.713151886479361394e+02 2.886991268139024669e+02 -5.450447160524783285e+00
-1.713556676448447433e+02 2.886871093937266437e+02 -5.452215070452767876e+00
-1.713773549983590954e+02 2.886833646349344917e+02 -5.453234576393276356e+00
-1.714157400595964589e+02 2.886656711868971570e+02 -5.453676200703851507e+00
-1.714666229768969856e+02 2.886709418200744039e+02 -5.457475389738849714e+00
-1.715109660962560554e+02 2.886631958380011724e+02 -5.460512126945713973e+00
-1.715705049124668164e+02 2.886819042831045863e+02 -5.468121564381135613e+00
-1.716173788348551739e+02 2.886767676770908793e+02 -5.470321933358897937e+00
-1.716515283386099782e+02 2.886528407536953864e+02 -5.469385798123147069e+00
-1.717937326280442107e+02 2.888391073755775551e+02 -5.509825737629800102e+00
-1.717331736242437614e+02 2.886646515972915381e+02 -5.477850236007865803e+00
-1.717904351245983889e+02 2.886767166064730645e+02 -5.484079674980469221e+00
-1.718457798545856008e+02 2.886840439375558276e+02 -5.490036335042454141e+00
-1.719055622834668213e+02 2.886986725189256617e+02 -5.496428145698681433e+00
-1.719653370641704555e+02 2.887132567996473540e+02 -5.503819037731506825e+00
-1.720451526316524848e+02 2.887583781084926500e+02 -5.517050923634744031e+00
-1.721131108384048503e+02 2.888215005652596119e+02 -5.532127798398882135e+00
-1.721538375784590755e+02 2.888054199508942474e+02 -5.532678897308194621e+00
-1.706714843127269603e+02 2.893848116997889974e+02 -5.583808401606789928e+00
-1.707391562464550816e+02 2.894732697693879686e+02 -5.603245931191594309e+00
-1.706230811560504037e+02 2.891509694333099674e+02 -5.540759658736710946e+00
-1.706342413639332563e+02 2.890809575880563784e+02 -5.530114659248800635e+00
-1.706910156072859763e+02 2.891011912310834759e+02 -5.537778653774109827e+00
-1.707159547563298929e+02 2.890608989471832047e+02 -5.532869252789160086e+00
-1.707608643491059297e+02 2.890561414650225061e+02 -5.535070265537733292e+00
-1.709241069064821659e+02 2.892781916547238552e+02 -5.583651326644547552e+00
-1.709582638271943438e+02 2.892972627956249880e+02 -5.590023473973417367e+00
-1.709569211805918769e+02 2.888122432868461829e+02 -5.508972037137930933e+00
-1.720306785072514799e+02 2.891330168701787784e+02 -5.646109776003543246e+00
-1.720433168561461343e+02 2.890708040113246398e+02 -5.636899446014008497e+00
-1.719978319580597770e+02 2.889597512879551573e+02 -5.615478071535887850e+00
-1.719744601122934000e+02 2.888418396437546107e+02 -5.593912423482821694e+00
-1.719891878960103782e+02 2.887852765080684208e+02 -5.586027281577651493e+00
-1.720343301854979359e+02 2.887763749499757182e+02 -5.589009823878191341e+00
-1.720823677263884690e+02 2.887720091153012731e+02 -5.592264241296023286e+00
-1.707344580659770088e+02 2.895611295040214941e+02 -5.712055772808760423e+00
-1.706843440251278423e+02 2.893665947455768901e+02 -5.675099257881576875e+00
-1.706840197649431445e+02 2.892735948394038132e+02 -5.659101780096496448e+00
-1.707065046270296023e+02 2.892257294757561112e+02 -5.651758984735489655e+00
-1.707468062824630977e+02 2.892127727766053908e+02 -5.652473216977716319e+00
-1.708045516521770253e+02 2.892327591526767492e+02 -5.661135098951504574e+00
-1.708872072578271286e+02 2.893465541822898217e+02 -5.687086707722386336e+00
