-1.718802202030671822e+02 2.938834035325677974e+02 -4.525180332160083196e+00
-1.718976018236759842e+02 2.938028684207576475e+02 -4.519981606762292436e+00
-1.719128482254269272e+02 2.937218037745167294e+02 -4.513731099418947679e+00
-1.719382371867174584e+02 2.936621368366865568e+02 -4.509746591933892823e+00
-1.719655343647842187e+02 2.936071924768147028e+02 -4.506037843792341846e+00
-1.719639416735913358e+02 2.935501759378527709e+02 -4.500922953246276670e+00
-1.719989136532033456e+02 2.935089424114868280e+02 -4.499037862121840980e+00
-1.720317514733992539e+02 2.934671849682707716e+02 -4.496101245431874283e+00
-1.720753403952178360e+02 2.934446590859345179e+02 -4.495319024460854962e+00
-1.721100769624783027e+02 2.934075727355455570e+02 -4.493656772261849675e+00
-1.721603747255055055e+02 2.933990299602757545e+02 -4.493701541811999434e+00
-1.722007027555851266e+02 2.933700045855719054e+02 -4.492533466690729504e+00
-1.722316886119057813e+02 2.933777949619744163e+02 -4.494271223270359883e+00
-1.722802636333817361e+02 2.933655130588330167e+02 -4.494095493142738817e+00
-1.723367028768444413e+02 2.933679489312702344e+02 -4.495799802614708796e+00
-1.723770310841433684e+02 2.933389244963357214e+02 -4.494631705750220974e+00
-1.724473118987057774e+02 2.933661787699886645e+02 -4.497823207888115959e+00
-1.725173974771219889e+02 2.933923991373680451e+02 -4.501958018998464262e+00
-1.725675122993894206e+02 2.933828889238681086e+02 -4.501948126458880317e+00
-1.718059354159584018e+02 2.943043143972109874e+02 -4.652445553308810489e+00
-1.717125129283006117e+02 2.936308667165192787e+02 -4.593899631872979228e+00
-1.716714347553698587e+02 2.933752786040063825e+02 -4.571594230317417740e+00
-1.716439462275557730e+02 2.932079373415858754e+02 -4.557222701514022312e+00
-1.716334908704011752e+02 2.930769445570234666e+02 -4.545998765947036446e+00
-1.716341077411398715e+02 2.929722788852009785e+02 -4.537318006423172179e+00
-1.716578997895149428e+02 2.929149392714797955e+02 -4.533444312361563533e+00
-1.716845794231251432e+02 2.928621171843380466e+02 -4.529845214772026729e+00
-1.716952216280033099e+02 2.928321959080415127e+02 -4.527327017981008339e+00
-1.717308802710508644e+02 2.927999987031917044e+02 -4.525940094657723733e+00
-1.717698094526193415e+02 2.927743534148008280e+02 -4.523940413472448796e+00
-1.718071919515930404e+02 2.927458961008603069e+02 -4.522773967858944033e+00
-1.718493726096749299e+02 2.927266939627355669e+02 -4.522158512258673824e+00
-1.718854026169661324e+02 2.926964684250453388e+02 -4.520882371624048268e+00
-1.719083965908138794e+02 2.926402938552778892e+02 -4.517064155780289525e+00
-1.719330512544520104e+02 2.926360996676086188e+02 -4.517086012860097810e+00
-1.719836549704376409e+02 2.926345758623489814e+02 -4.518516910247498686e+00
-1.720316138026287547e+02 2.926244247041099698e+02 -4.518451185541246140e+00
-1.720758811551303040e+02 2.926108902171268937e+02 -4.519165942398764457e+00
-1.721194138986520272e+02 2.925934592947461965e+02 -4.518660191206908650e+00
-1.721644837937647878e+02 2.925787860148187747e+02 -4.518319696166779309e+00
-1.722112684890346657e+02 2.925678059084648908e+02 -4.519198532462641360e+00
-1.722391865169888661e+02 2.925701243238182769e+02 -4.519606787358485533e+00
-1.722936617797681151e+02 2.925729373484754205e+02 -4.521312011109560380e+00
-1.723614111915819080e+02 2.925975614170235986e+02 -4.525336863503252260e+00
-1.724203154295503566e+02 2.926076720842729060e+02 -4.527482905884469666e+00
-1.724832666280678097e+02 2.926230458355936435e+02 -4.530956972220759660e+00
-1.725646758519494028e+02 2.926715322790207097e+02 -4.536414868175458359e+00
-1.725904894828706801e+02 2.926680866311292561e+02 -4.537490340666793465e+00
-1.718115124938059921e+02 2.946143740147219887e+02 -4.785516912229216047e+00
-1.716631670776778549e+02 2.936335258049386425e+02 -4.694698737637436281e+00
-1.716665562960573936e+02 2.935273712116283491e+02 -4.684962966627209902e+00
-1.716906021703095462e+02 2.934659807577240827e+02 -4.679869909177375220e+00
-1.715551212297729933e+02 2.929149229685102114e+02 -4.627547621481427953e+00
-1.715545806073579911e+02 2.928095191463312972e+02 -4.617813677012633455e+00
-1.715720452896073880e+02 2.927402165448933147e+02 -4.612225101013828876e+00
-1.716372195676944159e+02 2.926648379606986623e+02 -4.607791413542493331e+00
-1.716562824149687856e+02 2.926525809226599222e+02 -4.607319047760388031e+00
-1.717020942658160436e+02 2.926418404469911252e+02 -4.607199836246763880e+00
-1.717398470689956014e+02 2.926153491793932062e+02 -4.606143976455640221e+00
-1.717854733264051958e+02 2.926036233404338418e+02 -4.605969355286858580e+00
-1.718309035797343824e+02 2.925908569502939258e+02 -4.606737793462905017e+00
-1.718684693807124120e+02 2.925633767090575930e+02 -4.605626313589358922e+00
-1.726250053481636542e+02 2.931639783056414217e+02 -4.679932851916181136e+00
-1.726641677679661768e+02 2.931341678946042180e+02 -4.678710296467062157e+00
-1.727214029103011228e+02 2.931354284734964040e+02 -4.680358563517240000e+00
-1.723929273331822856e+02 2.924623162834640198e+02 -4.611456219898928843e+00
-1.724683581414052469e+02 2.925006887271196092e+02 -4.617306389027479696e+00
-1.725055535237402182e+02 2.924712444058270648e+02 -4.616084309714372225e+00
-1.725377051076062003e+02 2.924798178676484213e+02 -4.617876277548750075e+00
-1.725868332608026492e+02 2.924704714218383970e+02 -4.617865662688576123e+00
-1.717941801239457504e+02 2.947975763061256771e+02 -4.900451226566324259e+00
-1.715997198634363485e+02 2.936909534560206794e+02 -4.789315277868096743e+00
-1.716193921769354347e+02 2.936171676357701585e+02 -4.783504788996702395e+00
-1.716436258213233543e+02 2.935567728004111245e+02 -4.778467601256914499e+00
-1.715026461424381239e+02 2.928740267261276244e+02 -4.709925506024667641e+00
-1.715002063014993041e+02 2.927639480248512882e+02 -4.698916971534439213e+00
-1.716242168709103737e+02 2.927037113940457971e+02 -4.697904163287526913e+00
-1.716665821205047848e+02 2.926854880201057654e+02 -4.697343838014109707e+00
-1.716835585118708991e+02 2.926675671686599003e+02 -4.695541351454956214e+00
-1.717213116682970337e+02 2.926410777741282914e+02 -4.694485567204883303e+00
-1.717556269293212381e+02 2.926071542026580801e+02 -4.691989921035307098e+00
-1.725461227058013947e+02 2.932420943690895001e+02 -4.776518100386085486e+00
-1.725240626420858803e+02 2.930981424547194365e+02 -4.762471317626713940e+00
-1.725650367868680348e+02 2.924465234239543179e+02 -4.703477970087300619e+00
-1.725791129454090935e+02 2.924240167104825332e+02 -4.702398678428158618e+00
-1.726299562520092366e+02 2.924183653113124137e+02 -4.703607470445025029e+00
-1.716588073868011577e+02 2.947542659730160608e+02 -4.986867966327686474e+00
-1.717427851268353152e+02 2.948163651172097275e+02 -4.995095544799510456e+00
-1.717919159496481143e+02 2.946721128055850727e+02 -4.982750298900180397e+00
-1.715735592132263037e+02 2.935359337743847732e+02 -4.862758189525388630e+00
-1.716075725247702053e+02 2.934950137474106100e+02 -4.858877441094840322e+00
-1.714317263743708679e+02 2.927461304981287071e+02 -4.779381034537504291e+00
-1.714196989274254292e+02 2.926175979190618364e+02 -4.766272163633069603e+00
-1.715923330169235328e+02 2.926586672091221430e+02 -4.776259398958972113e+00
-1.716329739356550590e+02 2.926366962801301952e+02 -4.775478204316188524e+00
-1.716835742959471247e+02 2.926351546815496931e+02 -4.776908369185179026e+00
-1.716978483386427285e+02 2.926136959150674102e+02 -4.774886469017382673e+00
-1.717593881540062171e+02 2.926323794428778342e+02 -4.778526883063291208e+00
-1.723700333462191168e+02 2.930314690342200379e+02 -4.839419857359096966e+00
-1.725042067000595978e+02 2.931762276776369731e+02 -4.858649791487040126e+00
-1.728095757091450650e+02 2.930738092406368196e+02 -4.859180101388572481e+00
-1.725187080364382268e+02 2.923356759087959631e+02 -4.776113404219213265e+00
-1.725533844868422193e+02 2.923036687805030169e+02 -4.774726860897729352e+00
-1.725907641697782253e+02 2.922752042539574404e+02 -4.773559845645334754e+00
-1.717542349942694386e+02 2.949632766847304879e+02 -5.117363915151165621e+00
-1.717234742123108617e+02 2.947624036974970068e+02 -5.094125250504125901e+00
-1.716769515380683231e+02 2.945912866648096156e+02 -5.075348027499620329e+00
-1.716300902531729093e+02 2.943590143540247936e+02 -5.048238714364057245e+00
-1.716084085413073126e+02 2.941846922366190711e+02 -5.029539028204103701e+00
-1.715864877085970193e+02 2.940144976312303697e+02 -5.011061328274812432e+00
-1.715582390992958608e+02 2.938323391482016973e+02 -4.990868664058685233e+00
-1.715374257602300645e+02 2.936680181207728424e+02 -4.972721560740694713e+00
-1.715177247976278636e+02 2.935095939889854435e+02 -4.954906132090667548e+00
-1.714913081273131468e+02 2.933965127435724298e+02 -4.942489589961057028e+00
-1.714709938587664340e+02 2.932402333588837564e+02 -4.924784762990951137e+00
-1.714477875314386495e+02 2.930794140133848487e+02 -4.906804462869237327e+00
-1.714337318623367992e+02 2.929401271275607996e+02 -4.892089100709638316e+00
-1.714152570444815353e+02 2.927935998352143088e+02 -4.875934556442603096e+00
-1.713994229289783107e+02 2.926556764375263811e+02 -4.861275704828342370e+00
-1.714122943418535669e+02 2.925782127455731825e+02 -4.853194564968275948e+00
-1.715302215642512067e+02 2.925612752628734938e+02 -4.855472755613511104e+00
-1.716055168381444105e+02 2.926097160418828480e+02 -4.863872616922098935e+00
-1.716516909902133250e+02 2.926008927586752861e+02 -4.864862739221988086e+00
-1.716794928851334987e+02 2.925540238265739390e+02 -4.860596840604225477e+00
-1.716838066641462035e+02 2.925121339433616754e+02 -4.856363535252861574e+00
-1.717089046814822950e+02 2.924617215621546507e+02 -4.851878056029434561e+00
-1.717566153373577151e+02 2.924556512002149589e+02 -4.853033141423181540e+00
-1.718292713206931808e+02 2.924954955703586279e+02 -4.859937731270683514e+00
-1.718066229504830176e+02 2.923538222193889169e+02 -4.844005868957734329e+00
-1.722369858626934445e+02 2.925255720301000792e+02 -4.878716008564913054e+00
-1.722897366777885964e+02 2.925246394530470297e+02 -4.880200587384416089e+00
-1.723451811953059973e+02 2.925271950994992380e+02 -4.882903096725887515e+00
-1.723544676657048171e+02 2.924954819724910635e+02 -4.880274126463736373e+00
-1.723922217674335400e+02 2.924690001634447185e+02 -4.879218555219632769e+00
-1.724353823872223472e+02 2.924495986928324669e+02 -4.878601955185361660e+00
-1.724683457419630770e+02 2.924139048559050593e+02 -4.875996389444484436e+00
-1.725226271204394664e+02 2.924156885693976164e+02 -4.878645096029815775e+00
-1.725341661964970399e+02 2.922502137664715178e+02 -4.861768229881397119e+00
-1.717981357642377134e+02 2.952013196590558550e+02 -5.233893234653375082e+00
-1.717184515882847506e+02 2.949515189765607488e+02 -5.203496359578562824e+00
-1.716825337625349448e+02 2.947394943099092188e+02 -5.178598261682453519e+00
-1.716542355022070012e+02 2.945462830052146614e+02 -5.155800816035746692e+00
-1.716027635940502591e+02 2.943057511813422025e+02 -5.128196382653190888e+00
-1.715822073778464869e+02 2.941373980821038572e+02 -5.108830790441153624e+00
-1.715511435920280121e+02 2.939457131457393757e+02 -5.086089006034247184e+00
-1.715253715040886959e+02 2.937712892774231932e+02 -5.065339913551301088e+00
-1.714909714932990425e+02 2.936374670897886290e+02 -5.049712925135306563e+00
-1.714680210535132403e+02 2.934726091224114271e+02 -5.030513767576819895e+00
-1.714480819716934832e+02 2.933183191001289742e+02 -5.012920634242630236e+00
-1.714315854298338593e+02 2.931714904415184719e+02 -4.995767641797106862e+00
-1.714206071169227528e+02 2.930377260235858330e+02 -4.981383093711810872e+00
-1.714119164979324239e+02 2.929106988548304571e+02 -4.966386291304665690e+00
-1.713835436124501257e+02 2.927980397834474502e+02 -4.952971719633233683e+00
-1.713859386673670997e+02 2.925948711834256528e+02 -4.930949308478400184e+00
-1.714171782188797977e+02 2.925554325889102074e+02 -4.928123209856270392e+00
-1.714468898577017058e+02 2.925132917591278670e+02 -4.924133416120263895e+00
-1.714821240818988599e+02 2.924842395559777515e+02 -4.922913197618687065e+00
-1.715244860339123250e+02 2.924659974104279172e+02 -4.922352057364833833e+00
-1.715421957371991368e+02 2.924519635439185095e+02 -4.921769641523676242e+00
-1.715803282533021559e+02 2.924274869114472040e+02 -4.919825619226646296e+00
-1.716201736301835297e+02 2.924066970285570051e+02 -4.919100678918946201e+00
-1.716577368975903539e+02 2.923792007803184561e+02 -4.917988512198782303e+00
-1.717039088735571681e+02 2.923703672450924387e+02 -4.918978114930038004e+00
-1.717471930260755073e+02 2.923570123471704960e+02 -4.919692999751609008e+00
-1.717899279899058342e+02 2.923407493184806754e+02 -4.919242914537550249e+00
-1.718122501402035311e+02 2.923349833488653644e+02 -4.919155973700354956e+00
-1.718578644556223480e+02 2.923231929157377635e+02 -4.919979384256372157e+00
-1.719038518400766691e+02 2.923133806163270378e+02 -4.920913856660773966e+00
-1.719435119779589911e+02 2.922916072496848869e+02 -4.920133463211479707e+00
-1.719954647763414073e+02 2.922918387366785851e+02 -4.921673467543678626e+00
-1.721086469062586275e+02 2.922605371925557165e+02 -4.923123007056718237e+00
-1.721578886537461415e+02 2.922571859218616055e+02 -4.925442497190663182e+00
-1.722533643743310279e+02 2.922399331371765925e+02 -4.927475116274617761e+00
-1.723016849253248495e+02 2.922317012292871254e+02 -4.928518652363339747e+00
-1.723440501767072988e+02 2.922134778650556086e+02 -4.927958148548691852e+00
-1.723969762917166122e+02 2.922134735116796946e+02 -4.930496351828669965e+00
-1.724248844971595531e+02 2.922157385712627047e+02 -4.931903091695613028e+00
-1.724778123166627211e+02 2.922157406828259241e+02 -4.934441603892188333e+00
-1.725303773055213412e+02 2.922138227947555720e+02 -4.935870624328367207e+00
-1.726472270536015117e+02 2.922289516753282896e+02 -4.942880799890738253e+00
-1.726611410225303587e+02 2.921624126625914073e+02 -4.936405604144498582e+00
-1.717699309132492260e+02 2.953322386019985402e+02 -5.366911112446108412e+00
-1.717364224232029528e+02 2.951168001933479559e+02 -5.339848426431089479e+00
-1.717204172353303306e+02 2.949455946403027156e+02 -5.319371312131157659e+00
-1.716365709099601702e+02 2.946845233838592435e+02 -5.285315950827673248e+00
-1.716008445544957510e+02 2.944735139418554013e+02 -5.259473699334190400e+00
-1.715646911927196641e+02 2.942656383547554810e+02 -5.233797640014756780e+00
-1.715349935520232521e+02 2.940758004569925106e+02 -5.210168160078998412e+00
-1.715025889746731877e+02 2.938824041762486559e+02 -5.186318376237880834e+00
-1.714793324632692588e+02 2.937105253232301720e+02 -5.165732985488028284e+00
-1.714522147009792832e+02 2.935343667928530635e+02 -5.143874815514209331e+00
-1.714180182792380833e+02 2.934016253613765457e+02 -5.126305664668128870e+00
-1.713969724638115508e+02 2.932414683506106030e+02 -5.107381263712764685e+00
-1.713822086011966235e+02 2.930984302134009454e+02 -5.089450225198913103e+00
-1.713729626188041379e+02 2.929684583273382827e+02 -5.074287617484301904e+00
-1.713545108007709246e+02 2.928220555349990946e+02 -5.056136925064096843e+00
-1.713439025682367003e+02 2.925337542381498110e+02 -5.022350180863363711e+00
-1.713703536097085873e+02 2.924851167633099749e+02 -5.017974765372362533e+00
-1.714151728518550613e+02 2.924745072879183567e+02 -5.018854430151078461e+00
-1.714274347243485295e+02 2.923992070230716536e+02 -5.010884766352727837e+00
-1.714917891289918828e+02 2.924274151769525361e+02 -5.017074195347685617e+00
-1.715508081284258139e+02 2.924435246216541486e+02 -5.020549573055238746e+00
-1.715596201057119856e+02 2.923607265656077061e+02 -5.012138131767337690e+00
-1.715823145565148877e+02 2.923569320815660717e+02 -5.012162062664646811e+00
-1.716298369703482365e+02 2.923498623123837206e+02 -5.013261097453181492e+00
-1.726034576895225996e+02 2.921802247807548270e+02 -5.037942886715777391e+00
-1.726512221694290474e+02 2.921690444029532046e+02 -5.038820585442421063e+00
-1.727985663267959353e+02 2.923242702082567348e+02 -5.063757492186769404e+00
-1.718459757550261315e+02 2.956543664189826472e+02 -5.493340505337822144e+00
-1.719068939061826597e+02 2.956589577184354312e+02 -5.496208165397028722e+00
-1.717499883026386271e+02 2.951562347642496889e+02 -5.428258437067995601e+00
-1.717233061905284899e+02 2.949608019611088707e+02 -5.403353051313825262e+00
-1.716836015189097111e+02 2.947394941295734725e+02 -5.374907936387165464e+00
-1.716193650691462551e+02 2.945284300456166875e+02 -5.346771419015041715e+00
-1.715815103769253653e+02 2.943169314067082496e+02 -5.318878282659326828e+00
-1.715487498513776927e+02 2.941216477603068711e+02 -5.293920552034148130e+00
-1.715287581172762259e+02 2.939562890025762272e+02 -5.273721861264530908e+00
-1.714950194506931780e+02 2.937612169021919613e+02 -5.247764741416013123e+00
-1.714784066681220907e+02 2.936083751899361118e+02 -5.229281980711239619e+00
-1.714558480600228449e+02 2.934455973891958251e+02 -5.208196651814136935e+00
-1.714189479371718789e+02 2.933093134443377608e+02 -5.190407973011353704e+00
-1.714003767621390750e+02 2.931568836476211004e+02 -5.170926782223613571e+00
-1.713758498767317349e+02 2.929944615030211708e+02 -5.149841498939733420e+00
-1.713709685137604879e+02 2.928768362996826795e+02 -5.136395189890071933e+00
-1.713654440232848799e+02 2.925507315488258087e+02 -5.096601372317788758e+00
-1.713791588774129480e+02 2.925263103552269968e+02 -5.094413023707117461e+00
-1.714126795945876438e+02 2.924935705486651045e+02 -5.091973789707122222e+00
-1.714933185654494991e+02 2.925541539895820620e+02 -5.102088720543086708e+00
-1.715149810408540532e+02 2.924963186240332789e+02 -5.096163862347135698e+00
-1.714994804049238155e+02 2.923655639723193644e+02 -5.079895074761388685e+00
-1.715600165540532203e+02 2.923843185961858921e+02 -5.085532451771138440e+00
-1.715905745173192258e+02 2.923952342661452235e+02 -5.087436060421516082e+00
-1.716350222226722337e+02 2.923826560681692968e+02 -5.088205011356416563e+00
-1.716794709266219172e+02 2.923700805922360360e+02 -5.088974060612072137e+00
-1.717195033650094445e+02 2.923502787111676184e+02 -5.088304538897281404e+00
-1.717668407753751012e+02 2.923422292797870341e+02 -5.089348509793683029e+00
-1.718065008518163097e+02 2.923204530143705142e+02 -5.088568017798864140e+00
-1.718555525949533092e+02 2.923160968514015963e+02 -5.090831201116153615e+00
-1.719221393262659774e+02 2.922967765533024931e+02 -5.091458179095373460e+00
-1.719616132825791510e+02 2.922740159912501667e+02 -5.090622360019808390e+00
-1.721036325195507857e+02 2.922499022726047428e+02 -5.093755446929511876e+00
-1.722225860020229504e+02 2.922276142647613710e+02 -5.096754008069385833e+00
-1.722728078262505278e+02 2.922240616985296242e+02 -5.099072307872766885e+00
-1.723180527821700423e+02 2.922103128013085325e+02 -5.099785405126116444e+00
-1.723709787213010713e+02 2.922103075154446401e+02 -5.102323496243389656e+00
-1.724223672164395396e+02 2.922075456095993786e+02 -5.104696413727155324e+00
-1.724645471698162851e+02 2.921883397350505334e+02 -5.104080628503552930e+00
-1.726600363326936360e+02 2.922912292419118785e+02 -5.125662986080741668e+00
-1.718744275316312553e+02 2.956593581800290167e+02 -5.609074446903219879e+00
-1.717975132075869737e+02 2.953379059068724359e+02 -5.564798045427803430e+00
-1.717207265365240119e+02 2.950225284727390545e+02 -5.520853252296829439e+00
-1.716866133274264143e+02 2.948092816152706632e+02 -5.492902344204777521e+00
-1.716396833270012507e+02 2.945712546130292822e+02 -5.459470274843208237e+00
-1.715997445311505203e+02 2.943541033468383148e+02 -5.430247619684911875e+00
-1.715507514523818600e+02 2.941806884700633873e+02 -5.406313194276704870e+00
-1.715172640832211925e+02 2.939815534092654161e+02 -5.379136026659661951e+00
-1.714852495710267135e+02 2.937902279282089353e+02 -5.353399723531550691e+00
-1.714608460963675327e+02 2.936176680315912222e+02 -5.330762724677152953e+00
-1.714463454716757269e+02 2.934706315200456288e+02 -5.310613755454337337e+00
-1.714237838617254965e+02 2.933078378022869401e+02 -5.289527710066129984e+00
-1.713641698585000768e+02 2.931212821471368670e+02 -5.262770412276895904e+00
-1.713327708906330145e+02 2.929440113118107547e+02 -5.238806272727214441e+00
-1.713204680191946920e+02 2.928086254557159691e+02 -5.221315926667894125e+00
-1.713295451768131841e+02 2.927218393247711674e+02 -5.210687014782110715e+00
-1.713437800853121189e+02 2.926462086226131305e+02 -5.201717627713753345e+00
-1.713525247932771549e+02 2.924551237168427633e+02 -5.178412729838986372e+00
-1.713681488624801261e+02 2.924354278216267744e+02 -5.176500268649444791e+00
-1.714100896926281337e+02 2.924203494461502828e+02 -5.176106707711480404e+00
-1.714547228116160511e+02 2.924087517986776561e+02 -5.176930834645027346e+00
-1.714914933011083065e+02 2.923824486790608148e+02 -5.175875487556567123e+00
-1.715376638640887847e+02 2.923736076515695572e+02 -5.176864788123623384e+00
-1.715744439421014249e+02 2.923473579335240515e+02 -5.174810926363384134e+00
-1.716188915872053542e+02 2.923347768432461180e+02 -5.175579659725273451e+00
-1.716425550548310071e+02 2.923307211465011051e+02 -5.176600725018493776e+00
-1.716887266778492460e+02 2.923218857398268824e+02 -5.177590222451827984e+00
-1.725108494395571199e+02 2.921638769700022635e+02 -5.199367397698765103e+00
-1.725630317136412941e+02 2.921599285297869528e+02 -5.201683864149746483e+00
-1.726219183037806033e+02 2.921699379295810104e+02 -5.205827073114667414e+00
-1.726712111107675298e+02 2.921614645572688005e+02 -5.207868670798634803e+00
-1.727253073683085063e+02 2.921622666994043129e+02 -5.210462089110228234e+00
-1.717807755396227378e+02 2.953083935581052515e+02 -5.658170768861202404e+00
-1.717665166223972903e+02 2.951410544393022519e+02 -5.635918178911188292e+00
-1.717062740558680218e+02 2.948702205521847191e+02 -5.596563157120742815e+00
-1.716614392780470837e+02 2.946379089802212548e+02 -5.563462618435778495e+00
-1.716161680788379158e+02 2.944086749218693058e+02 -5.531526628481181262e+00
-1.715534434243290889e+02 2.942056319757594451e+02 -5.500836811388183811e+00
-1.715260454168117690e+02 2.940225920475148769e+02 -5.475596804884482083e+00
-1.714890692159299306e+02 2.938211507105631881e+02 -5.447257835132091941e+00
-1.714665856037117635e+02 2.936533751282442495e+02 -5.423898524920812036e+00
-1.714412099917191483e+02 2.934810586116804529e+02 -5.400263569825285437e+00
-1.714186690862331659e+02 2.933183772230432851e+02 -5.377180810874902406e+00
-1.713972307349975779e+02 2.931615393758953587e+02 -5.355428181806709986e+00
-1.714287581288799913e+02 2.931721986001376195e+02 -5.358329188210189997e+00
-1.714589000089614501e+02 2.931269397818145990e+02 -5.354174037762532201e+00
-1.712854086682510513e+02 2.926550075189464906e+02 -5.283728835722905082e+00
-1.713017385620348136e+02 2.925850884158041367e+02 -5.275090768622924031e+00
-1.713090978568001503e+02 2.924945902987292357e+02 -5.263241650850777553e+00
-1.713275098533939627e+02 2.924303145001027247e+02 -5.255932754661192696e+00
-1.713610293352486167e+02 2.923975681434720286e+02 -5.253493152118471343e+00
-1.713770252351869772e+02 2.923798438157232908e+02 -5.251691681803307254e+00
-1.714216578247520033e+02 2.923682433610783278e+02 -5.252515650789971957e+00
-1.717947903419527336e+02 2.954149408259711436e+02 -5.775268806365774665e+00
-1.717573310623666885e+02 2.951893538037527946e+02 -5.742607193108841379e+00
-1.716994303035086489e+02 2.949201461129160293e+02 -5.702362715623070955e+00
-1.714653247717248519e+02 2.937005306090147201e+02 -5.522592705493527987e+00
-1.713831013344722862e+02 2.931728506028709944e+02 -5.445034926768043348e+00
-1.714149661330262688e+02 2.931313318505707457e+02 -5.441100284011809229e+00
-1.713392555494671399e+02 2.928594370457550440e+02 -5.399531666303404087e+00
-1.713034826236937818e+02 2.927291324137266884e+02 -5.380076501950828316e+00
-1.712672473241668456e+02 2.925478083874065760e+02 -5.353840798226047859e+00
-1.712797664892921148e+02 2.924684769375163000e+02 -5.343651658517626579e+00
-1.712997156335524664e+02 2.924069549010436617e+02 -5.336507896985962063e+00
-1.723201252635626872e+02 2.922533136008703991e+02 -5.371549894200617459e+00
-1.723576151930480194e+02 2.922739987901151153e+02 -5.376056531267979999e+00
-1.717555336969309394e+02 2.952876059014358248e+02 -5.865103944295004368e+00
-1.717426560995821774e+02 2.951221981163430428e+02 -5.839965484868814727e+00
-1.717789449221645555e+02 2.950717567972524762e+02 -5.834587915467499997e+00
-1.717106934838901111e+02 2.947854483949377027e+02 -5.789304198417889680e+00
-1.716179945440223946e+02 2.944450740525081187e+02 -5.735829876451735920e+00
-1.715792091829992785e+02 2.942340424816980544e+02 -5.702945125484155220e+00
-1.715512730455192809e+02 2.940481543333789887e+02 -5.675541943245837828e+00
-1.714831682214635009e+02 2.938381732915869406e+02 -5.641416729400134500e+00
-1.714591686954659053e+02 2.936677590834079865e+02 -5.615895728915641705e+00
-1.714271278298284074e+02 2.934816943837928420e+02 -5.587440622809817903e+00
-1.713977259590186293e+02 2.933042232384519821e+02 -5.560480689675748600e+00
-1.714030728003242245e+02 2.932030569859521165e+02 -5.546028051607827969e+00
-1.713617588637132485e+02 2.930056002974864100e+02 -5.515859880944905314e+00
-1.714578451524968727e+02 2.930995125489982343e+02 -5.533950075133210689e+00
-1.712938406012755763e+02 2.926994716897410171e+02 -5.467504086005238406e+00
-1.712767164591888331e+02 2.925601150613795198e+02 -5.446745114675598742e+00
-1.713081526017214173e+02 2.925217188436918150e+02 -5.442976091707242503e+00
-1.713109086272330615e+02 2.924230053397529900e+02 -5.429632931666587226e+00
-1.713343037830743185e+02 2.923689605020773001e+02 -5.422929908374821473e+00
-1.723730642711656174e+02 2.922910219263955014e+02 -5.473282900639429904e+00
-1.718098881486755545e+02 2.956889658314967733e+02 -6.032674326931164899e+00
-1.718555703382250499e+02 2.956559471978753777e+02 -6.030340650021621229e+00
-1.717806354627519170e+02 2.953396041126239311e+02 -5.979350993095009947e+00
-1.717635902477649950e+02 2.951628929131759946e+02 -5.951553363250411621e+00
-1.717720996375765878e+02 2.951162698834083358e+02 -5.945101136279626886e+00
-1.718375534130828726e+02 2.951341146020822634e+02 -5.950737687135582377e+00
-1.719075995165852078e+02 2.951601167060854891e+02 -5.958866710340636530e+00
-1.721260194928624401e+02 2.955248687213349967e+02 -6.024950483008517210e+00
-1.721909733732927918e+02 2.955346661387411018e+02 -6.030144441566628544e+00
-1.722334046738643565e+02 2.954952061837369683e+02 -6.026426614556939398e+00
-1.714865875028470157e+02 2.937698288134496920e+02 -5.727877255377400445e+00
-1.714534533149044648e+02 2.935779682237870247e+02 -5.697093248169009527e+00
-1.714200694195961887e+02 2.933901790257635867e+02 -5.667529584028559775e+00
-1.713992699006958276e+02 2.932313368879503059e+02 -5.642669882065780129e+00
-1.713603065965143060e+02 2.930355531750828959e+02 -5.610613074811924506e+00
-1.713512862622102944e+02 2.929067828432358738e+02 -5.591512005488151082e+00
-1.713137926938883027e+02 2.927187908742242257e+02 -5.560895300391752727e+00
-1.712919695825557653e+02 2.926192765916387657e+02 -5.545256311119636905e+00
-1.712828918375163028e+02 2.924955985443147028e+02 -5.526431568675157280e+00
-1.713112622126023723e+02 2.924517425798374575e+02 -5.521333624366647541e+00
-1.713377226040832397e+02 2.924031546688343610e+02 -5.515959602523127003e+00
-1.713708793131079631e+02 2.923684873326630509e+02 -5.512410455514855201e+00
-1.726696953114269490e+02 2.921367425773157152e+02 -5.560049061997666797e+00
-1.727278272392351823e+02 2.921427518108392292e+02 -5.564968950540807313e+00
-1.716202321497322885e+02 2.947804371945489947e+02 -5.995433355742992632e+00
-1.716671444875068175e+02 2.947593379148747204e+02 -5.994761588792719920e+00
-1.717224642900687286e+02 2.947558317276031516e+02 -5.997133345790306436e+00
-1.717688187324103808e+02 2.947317755909740526e+02 -5.996295446234731763e+00
-1.718258623948229058e+02 2.947320131749112306e+02 -5.998887802435904248e+00
-1.718722174255940445e+02 2.947079588720197876e+02 -5.998049889094571263e+00
-1.719168594799575942e+02 2.946802197793612095e+02 -5.995992999174216465e+00
-1.719367769301233011e+02 2.946617007342252350e+02 -5.995188565050160179e+00
-1.719730095760982636e+02 2.946163582432540693e+02 -5.990087810098353671e+00
-1.720229858021392317e+02 2.946007113194145290e+02 -5.990744424381444944e+00
-1.713761999776903906e+02 2.930980981103002705e+02 -5.719329926169708145e+00
-1.713603182661073561e+02 2.929545371237360314e+02 -5.696351749096967509e+00
-1.714525764759717390e+02 2.930389424846089241e+02 -5.714888465541777762e+00
-1.713158570580488060e+02 2.926486601517085546e+02 -5.646244388696603167e+00
-1.713328335069315074e+02 2.926307383187375990e+02 -5.644441879189168176e+00
-1.713436503436113298e+02 2.925477810982323490e+02 -5.632035504609968157e+00
-1.713701123257448842e+02 2.924992016216909292e+02 -5.626661718552121272e+00
-1.714002063818232102e+02 2.924590884797536319e+02 -5.621784558853211600e+00
-1.714396796882657839e+02 2.924363231851893374e+02 -5.620948655017880213e+00
-1.714760883451141922e+02 2.924081027847454379e+02 -5.618783974003520143e+00
-1.715145822836938976e+02 2.923855425447961238e+02 -5.617949173525877526e+00
-1.715384321075749767e+02 2.923824749694769594e+02 -5.619025895635560985e+00
-1.715849661504745427e+02 2.923755586708950318e+02 -5.621124832236523261e+00
-1.716162234063885705e+02 2.923362164981912201e+02 -5.616301125019882434e+00
-1.716579686477398639e+02 2.923201023466109518e+02 -5.616850737999575571e+00
-1.716989797480930804e+02 2.923000916680311434e+02 -5.616179902331253970e+00
-1.717417041832169957e+02 2.922837715390564881e+02 -5.616728121249321859e+00
-1.717670918052312459e+02 2.922834624616392603e+02 -5.617970003262947820e+00
-1.718130687766083327e+02 2.922735911021296147e+02 -5.619902674389170016e+00
-1.722756058617819690e+02 2.922165589340449401e+02 -5.641518824455443948e+00
-1.723198728001918312e+02 2.922030196784574514e+02 -5.642233347712643621e+00
-1.724841259532871049e+02 2.923939189746214993e+02 -5.682298671498738685e+00
-1.724122171169638023e+02 2.922231276303053846e+02 -5.652271070125303609e+00
-1.724489999071079751e+02 2.921968948663127890e+02 -5.650217739562539698e+00
-1.725148001067126415e+02 2.922165764640280941e+02 -5.657960552851140079e+00
-1.725719516602123349e+02 2.922227802695250602e+02 -5.662881203443603795e+00
-1.726318072123902709e+02 2.922325333119679271e+02 -5.668021810274012751e+00
-1.727133840877042701e+02 2.922765018005507613e+02 -5.680246553841392654e+00
-1.715073347304022775e+02 2.939551044556172883e+02 -5.957482021217064272e+00
-1.715562726414308088e+02 2.939447454371300523e+02 -5.958416134328775371e+00
-1.715991321898882518e+02 2.939183483077169399e+02 -5.956414603541402286e+00
-1.716324180724676864e+02 2.938735712028854437e+02 -5.951315320319054969e+00
-1.716637541110979157e+02 2.938832132394298355e+02 -5.955160434423345528e+00
-1.717012677852925719e+02 2.938446631896183021e+02 -5.951443433567449759e+00
-1.713262870503028523e+02 2.929250853230087728e+02 -5.780538975027418758e+00
-1.712700965092091678e+02 2.926973297656159616e+02 -5.740563344048746686e+00
-1.712961983090045806e+02 2.926468443317749006e+02 -5.734080736937428924e+00
-1.713354977869299489e+02 2.926231573291278210e+02 -5.732191398586923725e+00
-1.713622254939826064e+02 2.926245558499573463e+02 -5.734541128952661992e+00
-1.714034243063589997e+02 2.926055417682117650e+02 -5.733926245456411053e+00
-1.719907960873914874e+02 2.937068069453736143e+02 -5.946885955678388846e+00
-1.720357303870857777e+02 2.936860128664616809e+02 -5.947212788101090553e+00
-1.720919647409633910e+02 2.936873546544074429e+02 -5.950858656542653335e+00
-1.721365372080138059e+02 2.936646432946684513e+02 -5.950076155039456083e+00
-1.721803164875784944e+02 2.936431241784823669e+02 -5.949350301547705833e+00
-1.721894954812294145e+02 2.936054457408724829e+02 -5.944392732404568669e+00
-1.722376904987214346e+02 2.935911502323576769e+02 -5.945105113395149132e+00
-1.722776601650959378e+02 2.935602233973889952e+02 -5.942828569511059200e+00
-1.723371478231610183e+02 2.935680205997066992e+02 -5.947859139788397087e+00
-1.723784689296252282e+02 2.935388641315056475e+02 -5.945692277533018100e+00
-1.724138348605522992e+02 2.934997220109834757e+02 -5.941921453437830181e+00
-1.724702481052709686e+02 2.935020136358628520e+02 -5.946622097864609380e+00
-1.724817073243978598e+02 2.934710302874929653e+02 -5.942051182803956166e+00
-1.725325968652424535e+02 2.934602247823296466e+02 -5.943981659015785013e+00
-1.725662482869238943e+02 2.934173884576716773e+02 -5.938991569850747609e+00
-1.726238287873564730e+02 2.934204686979938970e+02 -5.943746666921475352e+00
-1.726528655901474281e+02 2.933693581063408260e+02 -5.938260674920774917e+00
-1.726978110665802717e+02 2.933486219912529123e+02 -5.937588958179206955e+00
-1.727394933630203298e+02 2.933213819694652216e+02 -5.936531139258176992e+00
-1.727787505031114392e+02 2.933406428209201522e+02 -5.941979478343971444e+00
-1.728110389597840992e+02 2.932959763201116061e+02 -5.937877675306619807e+00
-1.728471484949129433e+02 2.932607744584027500e+02 -5.934328317818454934e+00
-1.728918973225113120e+02 2.932389969463940815e+02 -5.934599578128268327e+00
-1.729412603636514802e+02 2.932254966982290512e+02 -5.935366661390421683e+00
-1.727090486250977222e+02 2.926311309929850495e+02 -5.826644373269163069e+00
-1.726744055491745087e+02 2.925230098368379004e+02 -5.807405692468591951e+00
-1.726518894773844579e+02 2.923928415799219920e+02 -5.786091617884261851e+00
-1.726756535843458948e+02 2.923407543277432410e+02 -5.779498617247420533e+00
-1.727247629742952597e+02 2.923313058457769671e+02 -5.781485295087991361e+00
-1.727752248023350035e+02 2.923236304493848934e+02 -5.783581812391771493e+00
-1.713724690867058484e+02 2.932561557228435163e+02 -5.923171384745808510e+00
-1.714274782392967040e+02 2.932617944843071882e+02 -5.927038996766388124e+00
-1.713940666962187152e+02 2.930792604910910200e+02 -5.894756332838140267e+00
-1.713092333935860268e+02 2.927913869672569263e+02 -5.842212577096050907e+00
-1.713231286447062871e+02 2.927139578257516064e+02 -5.830137391998665208e+00
-1.713593542399001990e+02 2.926847680593108976e+02 -5.827918166716996140e+00
-1.713898917323948297e+02 2.926955713527296439e+02 -5.831818548387101231e+00
-1.714303568217893314e+02 2.926726693928882810e+02 -5.829983571336958548e+00
-1.716862405065711243e+02 2.930903324822253921e+02 -5.916342723171364781e+00
-1.717343785783293981e+02 2.930811291504507494e+02 -5.917331788011317428e+00
-1.717739092966994576e+02 2.930532715778358579e+02 -5.916219438269203934e+00
-1.718153597600428384e+02 2.930301964103609293e+02 -5.914384552788606086e+00
-1.718600509402328100e+02 2.930135112141134073e+02 -5.914932378088881393e+00
-1.718837191756443872e+02 2.930094807981002987e+02 -5.915954567335326431e+00
-1.719266970831007768e+02 2.929891079542580883e+02 -5.915283377080990945e+00
-1.719631624459794921e+02 2.929557915328671243e+02 -5.912842039564004892e+00
-1.720111058082820250e+02 2.929455532281641581e+02 -5.914774330801998659e+00
-1.720431636147779670e+02 2.929050630000339766e+02 -5.909895855162407230e+00
-1.720872971886080620e+02 2.928854160472965873e+02 -5.910277284331613146e+00
-1.721385016813099469e+02 2.928816810735048080e+02 -5.912595506522162481e+00
-1.721583601890941679e+02 2.928682449049953789e+02 -5.912066991759087564e+00
-1.722001733698369037e+02 2.928470917099127178e+02 -5.911341465394219341e+00
-1.722395165568805737e+02 2.928182423581051808e+02 -5.910173307865928649e+00
-1.722826811765210095e+02 2.927988595233178444e+02 -5.909557582157258793e+00
-1.723229564435013970e+02 2.927749497901472751e+02 -5.908667001298754329e+00
-1.723737804571335914e+02 2.927691935460304080e+02 -5.911872957826355801e+00
-1.723905730788115704e+02 2.927502957151003784e+02 -5.910015416369012620e+00
-1.724304851633908697e+02 2.927244641173202808e+02 -5.908015119424701922e+00
-1.724763334837859645e+02 2.927085151999809796e+02 -5.909616024371985965e+00
-1.725129931477412981e+02 2.926762328729218439e+02 -5.906231169809215586e+00
-1.725544234980803822e+02 2.926530510855082525e+02 -5.906393194869457020e+00
-1.725929839660956873e+02 2.926254481852364506e+02 -5.904283163647473742e+00
-1.726346108508320754e+02 2.926033097610299478e+02 -5.903502198039154436e+00
-1.726602284767789399e+02 2.925988235571037421e+02 -5.905520819145932521e+00
-1.727064603967039602e+02 2.925849098834746087e+02 -5.906234303268242947e+00
-1.727016291562563879e+02 2.924837481982282839e+02 -5.889677790003801761e+00
-1.727490156277332289e+02 2.924705596502391813e+02 -5.891443960152949799e+00
-1.728083164615610769e+02 2.924773688227330126e+02 -5.896418814212466941e+00
-1.712617985841832819e+02 2.926423303110943266e+02 -5.888723315725208352e+00
-1.712963102597530849e+02 2.926094481807277816e+02 -5.885284692560444952e+00
-1.713422959342990168e+02 2.925996255279881098e+02 -5.886218883338802499e+00
-1.713817710632991123e+02 2.925768686107579128e+02 -5.885383453287927225e+00
-1.714214323172457739e+02 2.925550998753172394e+02 -5.884603382540987582e+00
-1.714422174337180707e+02 2.925465781740255125e+02 -5.884351380176795487e+00
-1.714830435323916333e+02 2.925255878429559289e+02 -5.883625302075107477e+00
-1.715198260828323669e+02 2.924993512347564888e+02 -5.881571998859090655e+00
-1.715652441553613698e+02 2.924865164110957494e+02 -5.883338406836065460e+00
-1.716020265871424328e+02 2.924602778872651356e+02 -5.881284998265933872e+00
-1.716461036344469733e+02 2.924457317666441440e+02 -5.881943347351147544e+00
-1.716667026892018271e+02 2.924362247920456639e+02 -5.881635905687311094e+00
-1.716996750994135823e+02 2.924005776708359008e+02 -5.878031516077095731e+00
-1.717444874013460492e+02 2.923899288362069910e+02 -5.879910366234515351e+00
-1.717820623737222832e+02 2.923624933524924359e+02 -5.877799927324451446e+00
-1.718247883959228091e+02 2.923461816385624275e+02 -5.878348739110656140e+00
-1.718659865078165865e+02 2.923271677023101915e+02 -5.877733617728009285e+00
-1.719069993741047426e+02 2.923071663874437718e+02 -5.877063189521807729e+00
-1.719199200975305359e+02 2.922839298632391092e+02 -5.874931067618510916e+00
-1.719653491143476742e+02 2.922711569165580840e+02 -5.875699256279318661e+00
-1.720065374040281938e+02 2.922520896261535768e+02 -5.876082590110897286e+00
-1.720473636213614270e+02 2.922311012107151100e+02 -5.875356617363324041e+00
