-1.724668375872475963e+02 2.977673765733911182e+02 -4.776267657147256429e+00
-1.724388844833275982e+02 2.975696772582190874e+02 -4.760105010278752324e+00
-1.724164563027994745e+02 2.973851454648407184e+02 -4.744724996421494367e+00
-1.723922501310387361e+02 2.972019841419654540e+02 -4.729401248799488755e+00
-1.723733733893681404e+02 2.970309509651199846e+02 -4.715802532871462560e+00
-1.723630274408110949e+02 2.968836791621213820e+02 -4.704601880626689159e+00
-1.723643469643328956e+02 2.967606010190657457e+02 -4.694855229330949342e+00
-1.723569672949931544e+02 2.966833388187899345e+02 -4.688531413944033943e+00
-1.723882400298840025e+02 2.966276671638038351e+02 -4.684811052815604171e+00
-1.724271328534464942e+02 2.965909013459531707e+02 -4.682210619164502319e+00
-1.724576101190662882e+02 2.965364118159718032e+02 -4.678546595749046411e+00
-1.724942153319402962e+02 2.964928832494521771e+02 -4.676551881345917927e+00
-1.725334662014878688e+02 2.964580278577939225e+02 -4.675061736835122161e+00
-1.725803916291111193e+02 2.964369478394530120e+02 -4.674410437517440009e+00
-1.726043170509484526e+02 2.964288738058942840e+02 -4.674225116028943638e+00
-1.726464627195879871e+02 2.963985948395882133e+02 -4.672015785290890122e+00
-1.726931921277960669e+02 2.963764726428867675e+02 -4.672306635452884827e+00
-1.727406731456119360e+02 2.963583546428857289e+02 -4.671823800539896432e+00
-1.728006094191003967e+02 2.963632185478281258e+02 -4.673738104908514934e+00
-1.728477209040165974e+02 2.963431295911177017e+02 -4.673143024918734234e+00
-1.729028781219135738e+02 2.963387982947030537e+02 -4.673499451603415622e+00
-1.729361906639668121e+02 2.963482019055803676e+02 -4.675375980478550630e+00
-1.729955735174480651e+02 2.963501179356788953e+02 -4.677122292637919898e+00
-1.730587690231120916e+02 2.963615014211786729e+02 -4.679429223733279741e+00
-1.731258293653940541e+02 2.963772136036515121e+02 -4.682015285805245952e+00
-1.732106966637102516e+02 2.964281486367858065e+02 -4.687727761342435073e+00
-1.732944537804220602e+02 2.964731701213906376e+02 -4.693103566846641428e+00
-1.724533879491074515e+02 2.980157662881271676e+02 -4.899931797402179434e+00
-1.722901330762819043e+02 2.971623429686585496e+02 -4.824277721644048889e+00
-1.723098097533188024e+02 2.970774235547035005e+02 -4.817824901647733249e+00
-1.723222471873538097e+02 2.969756211100797714e+02 -4.809365771748158380e+00
-1.722322650911231392e+02 2.964041081379334059e+02 -4.758995480918053467e+00
-1.722338934677418081e+02 2.962880957509907489e+02 -4.749640399101185295e+00
-1.722423485022755472e+02 2.962463985739591976e+02 -4.746441327760266837e+00
-1.722850465944689518e+02 2.962190608827547749e+02 -4.744399705400427436e+00
-1.723326984277787517e+02 2.962018508298727397e+02 -4.744970509188600083e+00
-1.723709763884932613e+02 2.961672330410398786e+02 -4.742481594600685746e+00
-1.724207184653468232e+02 2.961557389640153701e+02 -4.743388621400988825e+00
-1.724670314903032704e+02 2.961368162026835762e+02 -4.742849344767207320e+00
-1.725129735176784891e+02 2.961159198514870923e+02 -4.742197692534109166e+00
-1.725399671924014626e+02 2.961133481195931836e+02 -4.742347538632962767e+00
-1.725864654536707121e+02 2.960954146313084721e+02 -4.741864463799132068e+00
-1.726373728280385365e+02 2.960847083744283168e+02 -4.742827121654571876e+00
-1.726900122834447870e+02 2.960778018778597129e+02 -4.743015364096653919e+00
-1.727837929068245444e+02 2.960406941687923563e+02 -4.742990893417152520e+00
-1.728396781719934552e+02 2.960402402895101659e+02 -4.744569686132564357e+00
-1.728663025485608102e+02 2.960357014355065530e+02 -4.744607440719890157e+00
-1.729170371734809635e+02 2.960240730538281468e+02 -4.744515809230001935e+00
-1.729759943835499314e+02 2.960291411418149323e+02 -4.746430651038339832e+00
-1.730311397043601573e+02 2.960247484222270486e+02 -4.747785083266840900e+00
-1.730803404379564086e+02 2.960103688498089696e+02 -4.747525793679567840e+00
-1.731276243831763111e+02 2.959912030613476759e+02 -4.747984699107297146e+00
-1.731979405585785798e+02 2.960134141349479364e+02 -4.750962453259632845e+00
-1.732293480360375497e+02 2.960180920293865938e+02 -4.752558895126098193e+00
-1.724284081481077919e+02 2.982136008706427219e+02 -5.032715322060322904e+00
-1.722670574550175502e+02 2.971588812530894188e+02 -4.933009385478549724e+00
-1.722806610643764600e+02 2.970578713045107975e+02 -4.924606212705386454e+00
-1.722901017263890253e+02 2.970160036158236494e+02 -4.921408062027537333e+00
-1.721599158372997920e+02 2.963549948273753785e+02 -4.857678785424847767e+00
-1.721535116688106086e+02 2.962232956627283329e+02 -4.846374486292458705e+00
-1.722138582522832735e+02 2.961164969340229618e+02 -4.838158702183283033e+00
-1.722649094498756881e+02 2.961661866485895871e+02 -4.843439810345521401e+00
-1.722909617781768645e+02 2.961043888383335911e+02 -4.839327252582749317e+00
-1.723343884452884254e+02 2.960809352511777206e+02 -4.838508294791363795e+00
-1.723692257482296384e+02 2.960388263220436329e+02 -4.835571192828837184e+00
-1.732642730786486425e+02 2.968494648616405698e+02 -4.933776670021698507e+00
-1.732013067711981478e+02 2.966712434378969760e+02 -4.915303988668233259e+00
-1.733295242062663988e+02 2.966874779737295853e+02 -4.920579856883236403e+00
-1.733563748796987340e+02 2.966245120638784556e+02 -4.916411180936088421e+00
-1.734828465302302334e+02 2.967507142836830667e+02 -4.930708471836508622e+00
-1.730817561159232412e+02 2.958934125853605792e+02 -4.843281633010929177e+00
-1.731370872586465168e+02 2.958900070895326735e+02 -4.844692190513503860e+00
-1.732014595928531264e+02 2.959564523288430564e+02 -4.852036687713296104e+00
-1.732318742482586629e+02 2.959070511916779651e+02 -4.848651392091506196e+00
-1.724028478586404276e+02 2.983486927403509981e+02 -5.151030739566434313e+00
-1.724339584203913773e+02 2.982758902448351819e+02 -5.144363958562017558e+00
-1.722361032202819615e+02 2.971893277084921579e+02 -5.034503457015898853e+00
-1.722514273623703787e+02 2.970920618317794606e+02 -5.026324417156132540e+00
-1.722831420329059142e+02 2.970333190765127824e+02 -5.021438387719386220e+00
-1.721119436827965501e+02 2.963381446290649137e+02 -4.950383409249197619e+00
-1.721077047421298971e+02 2.962071350629393010e+02 -4.937137158725460218e+00
-1.721718510826556212e+02 2.961097357585425698e+02 -4.930479864043650018e+00
-1.722844255762613841e+02 2.962323799049553941e+02 -4.945436725660655952e+00
-1.722951558554876783e+02 2.961973802636333630e+02 -4.942629772086875484e+00
-1.723412831171660855e+02 2.961774692987115145e+02 -4.942034316952637951e+00
-1.723908506848196964e+02 2.961650437238267841e+02 -4.941886789089399379e+00
-1.726994760678586545e+02 2.962803788194034951e+02 -4.962561168068345907e+00
-1.730083831995164587e+02 2.965544329133829820e+02 -4.997957511992028756e+00
-1.731657571126726509e+02 2.967476821273839391e+02 -5.021276373786671243e+00
-1.733747260019834755e+02 2.965218674233806269e+02 -5.007124877720581679e+00
-1.734990976799013538e+02 2.966423025000601683e+02 -5.022084433524906188e+00
-1.732177631310144932e+02 2.959025223709655847e+02 -4.943399366876955803e+00
-1.732341958333053071e+02 2.958816415542482900e+02 -4.942430348326052325e+00
-1.732722878594016720e+02 2.958460307719268485e+02 -4.939884602110265810e+00
-1.723961673049048500e+02 2.984759324371777325e+02 -5.266113950851256220e+00
-1.723593112504447902e+02 2.982416384445026551e+02 -5.241835727591916516e+00
-1.723247353646453348e+02 2.980140688523892436e+02 -5.216950015788400563e+00
-1.722847462166753019e+02 2.977793477790226007e+02 -5.192615082544902450e+00
-1.722310180753592874e+02 2.975852823955434587e+02 -5.171365999681817982e+00
-1.722056354854519213e+02 2.973904230663214889e+02 -5.150379066092620306e+00
-1.721722062263801263e+02 2.971798062585107232e+02 -5.128440521341608438e+00
-1.721577970341940897e+02 2.970163018400968440e+02 -5.111296714420459075e+00
-1.721330771824451347e+02 2.968303952377899009e+02 -5.091810589416155608e+00
-1.721235698427672673e+02 2.966821607209394642e+02 -5.076559906184899162e+00
-1.720962741272198855e+02 2.964987964973241787e+02 -5.057185991938174752e+00
-1.720444955264353837e+02 2.963205368951510650e+02 -5.037828418841188594e+00
-1.720375695298740482e+02 2.961860535816383049e+02 -5.023360923041360060e+00
-1.720340589290635762e+02 2.960589242833261210e+02 -5.011337213276530811e+00
-1.721902984701848425e+02 2.960455318669964413e+02 -5.014290860951992279e+00
-1.722650658219428976e+02 2.960860354578877036e+02 -5.021326724629300742e+00
-1.722941379580084345e+02 2.960891163067522598e+02 -5.022810915999226467e+00
-1.723310659138707308e+02 2.960527242420433822e+02 -5.020210149957820001e+00
-1.723273183671096547e+02 2.959297527630736795e+02 -5.007410874925106725e+00
-1.723743585018827389e+02 2.959147075940397258e+02 -5.008093978857575124e+00
-1.724439794336433636e+02 2.959440552852234418e+02 -5.013460157512792392e+00
-1.724461183711538297e+02 2.958361804766501564e+02 -5.002554766725969770e+00
-1.724751930422484634e+02 2.957850590758337148e+02 -4.998059410607840647e+00
-1.724929745755574402e+02 2.957659411142786325e+02 -4.997201871910620596e+00
-1.725398396746991807e+02 2.957499616431522895e+02 -4.996830201732208820e+00
-1.725976152946015247e+02 2.957541570747915785e+02 -4.999686397665078275e+00
-1.726345390917088309e+02 2.957177454422826486e+02 -4.997084571412618637e+00
-1.727168057901017164e+02 2.957710924069293128e+02 -5.004905318561945649e+00
-1.729013341578782956e+02 2.960168420805993605e+02 -5.036406149285472367e+00
-1.729631660613829354e+02 2.960263833952064374e+02 -5.039599024772664748e+00
-1.729836602064198985e+02 2.960108714102594831e+02 -5.037966807047801865e+00
-1.730265338074458725e+02 2.959844718330116962e+02 -5.036979725625359450e+00
-1.730721072416473021e+02 2.959616121144907765e+02 -5.036215986838576519e+00
-1.731103744790641201e+02 2.959269365700959611e+02 -5.034725068045638352e+00
-1.731637998522112696e+02 2.959188016030441872e+02 -5.035855533581699461e+00
-1.731645258220053449e+02 2.958142390332008631e+02 -5.025117031533985923e+00
-1.731845714219464298e+02 2.957475465535348462e+02 -5.019669633399953312e+00
-1.731972007341227311e+02 2.957172456687100635e+02 -5.017141160934007971e+00
-1.733381743670619812e+02 2.957634889668880760e+02 -5.026204650908470128e+00
-1.721630805095274184e+02 2.974187212464234449e+02 -5.259642736999108337e+00
-1.721538901411965412e+02 2.972613306764511663e+02 -5.242890597569926925e+00
-1.721171004401586799e+02 2.971087082418737850e+02 -5.225101215451680936e+00
-1.720828832150856158e+02 2.968993115782059817e+02 -5.202219818849222577e+00
-1.720598927479622660e+02 2.967171955424025214e+02 -5.181958953259570677e+00
-1.720443216025157369e+02 2.965529178774046386e+02 -5.163759097150273369e+00
-1.720321211723356214e+02 2.964011787615468734e+02 -5.147285647308154743e+00
-1.719962573819781539e+02 2.960203622150647789e+02 -5.104962774324434349e+00
-1.720345331725072811e+02 2.959857302827359717e+02 -5.102473387541075489e+00
-1.720712741926311935e+02 2.959483424772249691e+02 -5.099816135611929369e+00
-1.720767274151981212e+02 2.958418586016159111e+02 -5.089022604267179339e+00
-1.721581227203787137e+02 2.959014071169962108e+02 -5.098177037421353752e+00
-1.721954181591886481e+02 2.958669737975193357e+02 -5.095687853242464094e+00
-1.722451564849728811e+02 2.958554571561253965e+02 -5.096593898283895641e+00
-1.722665639105742912e+02 2.958448118458215959e+02 -5.096240531069034851e+00
-1.723115230050779303e+02 2.958240990672363182e+02 -5.095588645114561999e+00
-1.723572124909794070e+02 2.958072787761190057e+02 -5.096159814354681572e+00
-1.724038921784371894e+02 2.957903090977466150e+02 -5.095731859308632039e+00
-1.724555363928612053e+02 2.957835277300134749e+02 -5.096918107556017929e+00
-1.724995171268606668e+02 2.957630228786276234e+02 -5.096266957411274667e+00
-1.725463820503132979e+02 2.957470424716669868e+02 -5.095895233920894718e+00
-1.725716437034846251e+02 2.957406661275776401e+02 -5.096819169704173369e+00
-1.726234745016330123e+02 2.957348786257070969e+02 -5.098061856726799235e+00
-1.726623040686343700e+02 2.957031964660574204e+02 -5.095740092685135281e+00
-1.727105099117867155e+02 2.956889361369525773e+02 -5.096478608567743152e+00
-1.727874301839879365e+02 2.957300702489004607e+02 -5.103571353579582137e+00
-1.728149673314350991e+02 2.956761808937764044e+02 -5.098907498600353527e+00
-1.728628158178931926e+02 2.957142321466620842e+02 -5.104516064897959282e+00
-1.729188743624384017e+02 2.957147032143998899e+02 -5.107149039093140885e+00
-1.729663509286540943e+02 2.956965589181400560e+02 -5.106664800883384814e+00
-1.730113017035177450e+02 2.956758063555468539e+02 -5.107011655507468717e+00
-1.730639305524644556e+02 2.956688478944053600e+02 -5.108198213273992039e+00
-1.731161888712063899e+02 2.956599157488660694e+02 -5.109272514635239126e+00
-1.731778361273817950e+02 2.956684735114130262e+02 -5.112409180710218770e+00
-1.732664689121037895e+02 2.956744206824445769e+02 -5.116694695064602172e+00
-1.733415578729897106e+02 2.957057955062758765e+02 -5.122229577214028495e+00
-1.724804235309509863e+02 2.990553070769893793e+02 -5.545218267666229828e+00
-1.724003819931344026e+02 2.987047903769666846e+02 -5.503075562209899907e+00
-1.723896807384943486e+02 2.985285080310553667e+02 -5.483265555200102170e+00
-1.723129443711897864e+02 2.981955974743071920e+02 -5.443127436153748278e+00
-1.722699892087021283e+02 2.979504902893338567e+02 -5.414183822961743608e+00
-1.722093002134806738e+02 2.977356008909202956e+02 -5.387709933535919760e+00
-1.721660965563135619e+02 2.974945919582483498e+02 -5.358989149923107931e+00
-1.721447184200352751e+02 2.973102197954050894e+02 -5.337619540203733415e+00
-1.721219870566963550e+02 2.971240613619165174e+02 -5.316137474900100912e+00
-1.720933092313466943e+02 2.969279086736438558e+02 -5.293041320625219370e+00
-1.720775683234850248e+02 2.967627247946666103e+02 -5.273788051718324432e+00
-1.720577746487662978e+02 2.965922176410867905e+02 -5.254199084930394115e+00
-1.720149788009375413e+02 2.964347023435119013e+02 -5.235075355974741385e+00
-1.720215669368018041e+02 2.960848719303930352e+02 -5.196914302867327251e+00
-1.720602141359811696e+02 2.960522183616336633e+02 -5.194537439049081051e+00
-1.721036398643206269e+02 2.960287571899991690e+02 -5.193718233467433443e+00
-1.721417308305597373e+02 2.959931407632342939e+02 -5.191172702982765230e+00
-1.721763217922600973e+02 2.960093586014289713e+02 -5.194439143424095739e+00
-1.721895811010438138e+02 2.959227725986920063e+02 -5.184821916255970997e+00
-1.722358795905568627e+02 2.959037743611356177e+02 -5.185280128165817182e+00
-1.722877088629591356e+02 2.958979774405719354e+02 -5.186522579711532188e+00
-1.723351303116752717e+02 2.958849588645201152e+02 -5.186319529258212491e+00
-1.723768349225366876e+02 2.958577517982531049e+02 -5.185275994786493037e+00
-1.724216095434926501e+02 2.958360563936295762e+02 -5.184568131266082958e+00
-1.724447380891154751e+02 2.958291569910416570e+02 -5.184438854895549120e+00
-1.724895127113431386e+02 2.958074615929597826e+02 -5.183730872352266594e+00
-1.725407877432919008e+02 2.957987111352796887e+02 -5.184805071413948419e+00
-1.725927935777074822e+02 2.957938579387723053e+02 -5.187102473036018679e+00
-1.726410104393421534e+02 2.957796543528514235e+02 -5.186842731692826725e+00
-1.726874953972171056e+02 2.957616519506303234e+02 -5.187357310296370372e+00
-1.727309206607234557e+02 2.957381908866124149e+02 -5.186537747474936566e+00
-1.727661357495085781e+02 2.957523119706734178e+02 -5.188693823697257734e+00
-1.728109007594025286e+02 2.957305673193530424e+02 -5.188984465364078424e+00
-1.728606535071753285e+02 2.957191281334688142e+02 -5.188892771246031543e+00
-1.729146205200360669e+02 2.957138776559743292e+02 -5.191189172715972688e+00
-1.729720300064119556e+02 2.957161228219696341e+02 -5.193934028462704688e+00
-1.730215877892220249e+02 2.957036470743662449e+02 -5.194784773940421374e+00
-1.730738461085998097e+02 2.956947149320977246e+02 -5.195859015790233570e+00
-1.731148249446465002e+02 2.957178570130602679e+02 -5.199573558003233842e+00
-1.732160872754489844e+02 2.956934993766758453e+02 -5.201330446497578031e+00
-1.733003676274373390e+02 2.957413163819580859e+02 -5.209869909621771100e+00
-1.733388186369171819e+02 2.957076197268059445e+02 -5.208434636124028572e+00
-1.724826487500966437e+02 2.991433024961216347e+02 -5.685285173743157117e+00
-1.724659596674382840e+02 2.989459604481149881e+02 -5.661249236786087380e+00
-1.723460348867900223e+02 2.984968102851931349e+02 -5.603245854547219906e+00
-1.723130879211666127e+02 2.982670690350021800e+02 -5.575253350514259409e+00
-1.722597313064750892e+02 2.979936534721539942e+02 -5.540636997117877272e+00
-1.722110917187300174e+02 2.977345233098915855e+02 -5.507857742732952921e+00
-1.721763001621332592e+02 2.975112183813859019e+02 -5.480199637708787819e+00
-1.721182491471313369e+02 2.973049599767621771e+02 -5.454228365558110525e+00
-1.720932653986342871e+02 2.971122192906923374e+02 -5.430357536785103356e+00
-1.720678529016276173e+02 2.969226167072635576e+02 -5.406654541955393078e+00
-1.720513827741925752e+02 2.967535478747595334e+02 -5.386178584752625120e+00
-1.720203791651792358e+02 2.965558445182818446e+02 -5.361971038937752176e+00
-1.719971640590462698e+02 2.963779486160149190e+02 -5.339936670811809449e+00
-1.719640432998915003e+02 2.960008942349070935e+02 -5.293843606954971470e+00
-1.720076530917654338e+02 2.959784147974723396e+02 -5.293080325541708042e+00
-1.720514481185784348e+02 2.959569207495829346e+02 -5.292373181715870345e+00
-1.721135749208288530e+02 2.959734541480377175e+02 -5.296955653392992680e+00
-1.721539408968005773e+02 2.959445352977073185e+02 -5.294802300101314252e+00
-1.722263679844688795e+02 2.959834149847139884e+02 -5.302725400570526659e+00
-1.722046641615106353e+02 2.958786300167056993e+02 -5.289729049974470243e+00
-1.722480886600264398e+02 2.958551622942309791e+02 -5.288909471209049862e+00
-1.722833036446891413e+02 2.958150670714711055e+02 -5.285085557332418027e+00
-1.723354928381912146e+02 2.958111879806890556e+02 -5.287438635418196142e+00
-1.723871376372617306e+02 2.958044045587624851e+02 -5.288624896406858511e+00
-1.724293974275647088e+02 2.957801547387659298e+02 -5.287749649218319803e+00
-1.724796923992657582e+02 2.957716057388948343e+02 -5.288824329757661147e+00
-1.725083945914646506e+02 2.957727147343052252e+02 -5.290196311920395189e+00
-1.725455045618631971e+02 2.957372921972249173e+02 -5.287650717565943737e+00
-1.725971496553685256e+02 2.957305155119341862e+02 -5.288837172861731162e+00
-1.726472605061717616e+02 2.957209857642351949e+02 -5.289855863436197403e+00
-1.726937454049917733e+02 2.957029804632487640e+02 -5.290370341786444719e+00
-1.727482775603700986e+02 2.957007383536611087e+02 -5.291836572464833743e+00
-1.727997290366422476e+02 2.956929297011020594e+02 -5.293965674575956903e+00
-1.728316885870147530e+02 2.957005508792045703e+02 -5.295729841920662651e+00
-1.728800805452432598e+02 2.956872845039538333e+02 -5.296524796407339863e+00
-1.729340474401981282e+02 2.956820359828487312e+02 -5.298821363841481613e+00
-1.729836158323290931e+02 2.956696122145369259e+02 -5.298673526193296013e+00
-1.730350685993873867e+02 2.956618130213960285e+02 -5.300802923207180939e+00
-1.730949941487833144e+02 2.956666191666880081e+02 -5.303715297760069447e+00
-1.732314640668497248e+02 2.956563446042212036e+02 -5.308627288384705878e+00
-1.732637816792162369e+02 2.956116579567537883e+02 -5.305521380516538876e+00
-1.725291341200916690e+02 2.991742650766629481e+02 -5.783635942911432792e+00
-1.723962227763674377e+02 2.987697765872769082e+02 -5.727944773261667066e+00
-1.723734114926747338e+02 2.985615022357857242e+02 -5.701239819486032978e+00
-1.723334248801165813e+02 2.983159417683633592e+02 -5.670299665494168195e+00
-1.722857821146575930e+02 2.980566987767344358e+02 -5.636523068347045751e+00
-1.722251502522668432e+02 2.977716263973649120e+02 -5.598183944989193250e+00
-1.721931881827237021e+02 2.975579725514976985e+02 -5.571086031681891093e+00
-1.721640514956632444e+02 2.973539492177429793e+02 -5.544547613234070305e+00
-1.721267299425146575e+02 2.971984886040857532e+02 -5.524593570804127829e+00
-1.720973460505051094e+02 2.969985691001842270e+02 -5.498278182870017794e+00
-1.720656182023914482e+02 2.967970060267939516e+02 -5.472849150222237391e+00
-1.720085152411629679e+02 2.965415766307658032e+02 -5.439181851584145910e+00
-1.719879452643183129e+02 2.963723510942218695e+02 -5.417651923170350159e+00
-1.719940397244232031e+02 2.962638570729115486e+02 -5.404751357512052934e+00
-1.719982369747407347e+02 2.961506772267869678e+02 -5.390571607026741319e+00
-1.719843888974691879e+02 2.960606347031084624e+02 -5.379470473852082435e+00
-1.720159925820103410e+02 2.960121413156792869e+02 -5.374145025257389463e+00
-1.720544541938166674e+02 2.959784966038395737e+02 -5.371711823259539997e+00
-1.721114213282331207e+02 2.959838080694262317e+02 -5.375622690918139490e+00
-1.721226011205859550e+02 2.958915638660186005e+02 -5.364670887874291694e+00
-1.721850989801084211e+02 2.959100737563742314e+02 -5.369365775892591230e+00
-1.722321385281234427e+02 2.958950228778011251e+02 -5.370048679147296333e+00
-1.722545258382834845e+02 2.958841751738539187e+02 -5.369694777142809627e+00
-1.723012054671062572e+02 2.958672064753116615e+02 -5.369266875323143395e+00
-1.723515002618464678e+02 2.958586565330646181e+02 -5.370341621573388124e+00
-1.724033202728732874e+02 2.958528083523355576e+02 -5.372582650473463062e+00
-1.724545951291329686e+02 2.958440569588211702e+02 -5.373656796223176713e+00
-1.724982053926184449e+02 2.958215813250735664e+02 -5.372893430415019544e+00
-1.725158129437947707e+02 2.958015346731612567e+02 -5.370981496990161475e+00
-1.725672736810224137e+02 2.957937734021721781e+02 -5.372111868267245072e+00
-1.726091642894860172e+02 2.957675544954994393e+02 -5.371124512381567406e+00
-1.726657764297275151e+02 2.957709743739154078e+02 -5.373925532097964641e+00
-1.727118908573976910e+02 2.957509982872964542e+02 -5.374327854296232942e+00
-1.727662381878501492e+02 2.957477716800019039e+02 -5.375738000784750170e+00
-1.728163405977242633e+02 2.957381963344101337e+02 -5.377755528988360290e+00
-1.728513605452216950e+02 2.957512799176467411e+02 -5.380854051005913519e+00
-1.729007434077628602e+02 2.957378678984782709e+02 -5.380650094454292542e+00
-1.729502897021707213e+02 2.957253354891407753e+02 -5.382499216009510867e+00
-1.729983230303015205e+02 2.957101568682019206e+02 -5.382183625867772214e+00
-1.730568876144640740e+02 2.957131348882930411e+02 -5.385982595713416643e+00
-1.731122172334507923e+02 2.957097238605445000e+02 -5.387392922440170651e+00
-1.731690723047398706e+02 2.957090184354553344e+02 -5.389969566359145148e+00
-1.731945219477841533e+02 2.957036434471739881e+02 -5.390950307901968941e+00
-1.732483077699501735e+02 2.956974252453530880e+02 -5.393191287411443824e+00
-1.733214790621066754e+02 2.957240091641570530e+02 -5.399444276550342536e+00
-1.733722052489590624e+02 2.957123351993046185e+02 -5.400351214888136298e+00
-1.724851579520742177e+02 2.990052609766374303e+02 -5.883053188007957068e+00
-1.724437972028465254e+02 2.987469538583882809e+02 -5.847391683685070340e+00
-1.723574171646504851e+02 2.984602437347473369e+02 -5.806681347373942259e+00
-1.723081338316337394e+02 2.981922594091260521e+02 -5.770403797852587502e+00
-1.722589756387627347e+02 2.979303609729981304e+02 -5.734462074654948616e+00
-1.722139796460465675e+02 2.976797925693958291e+02 -5.700189150786648895e+00
-1.721858352127199225e+02 2.974756320713113382e+02 -5.672652062976908383e+00
-1.721441477908427089e+02 2.972426905069552276e+02 -5.640384541142084984e+00
-1.721224263814306710e+02 2.970564840034624581e+02 -5.615906203556544796e+00
-1.720743908581369794e+02 2.968818934941635348e+02 -5.591781918647211747e+00
-1.720604012579907192e+02 2.967206117687474602e+02 -5.569756990607841018e+00
-1.720861794295915388e+02 2.966519258803330104e+02 -5.562258414125113681e+00
-1.720012598081767123e+02 2.963350428946611146e+02 -5.517907126360188208e+00
-1.719616361069136019e+02 2.961239391534149377e+02 -5.488865357605710038e+00
-1.719909658938558437e+02 2.960687528214563145e+02 -5.483148057974887024e+00
-1.719702583667522617e+02 2.959638522198494002e+02 -5.469154145169293990e+00
-1.720014909343305760e+02 2.959133794384832186e+02 -5.463716239491562376e+00
-1.720420305404209103e+02 2.958853874035705758e+02 -5.462617233815024065e+00
-1.720806755123695098e+02 2.958527206793224309e+02 -5.460239802249125418e+00
-1.721223899692529073e+02 2.958255628190273683e+02 -5.458197703164323400e+00
-1.721699839926814093e+02 2.958134654368457177e+02 -5.459048799477210778e+00
-1.722132222014876959e+02 2.957890067065487756e+02 -5.458172822763994958e+00
-1.722376993450762939e+02 2.957838702096605630e+02 -5.458154907138689005e+00
-1.722799588407285682e+02 2.957596175283527486e+02 -5.457279678634140652e+00
-1.723287176346040326e+02 2.957483051588124567e+02 -5.458186246066262015e+00
-1.723744067691273472e+02 2.957314829960265001e+02 -5.458757308682447018e+00
-1.724227958534603147e+02 2.957181987290362599e+02 -5.459551666992961572e+00
-1.724683103615136872e+02 2.957004470280502915e+02 -5.459068281398369749e+00
-1.725151639151058021e+02 2.956844080062370494e+02 -5.459694708509853278e+00
-1.725425169831234484e+02 2.956837474163909860e+02 -5.460954897488906390e+00
-1.729314175565991150e+02 2.956303958828493137e+02 -5.473235483533982482e+00
-1.731309971681152433e+02 2.955822538792001524e+02 -5.476749779163164078e+00
-1.732182684021175021e+02 2.955863672220334024e+02 -5.481921569109669434e+00
-1.732781852188968799e+02 2.955911287998001171e+02 -5.485832715409627802e+00
-1.733392675076079570e+02 2.955966791270038243e+02 -5.489799665099562631e+00
-1.724676640602624502e+02 2.989610529364289846e+02 -5.983598379990066718e+00
-1.724412748284534302e+02 2.987445535209440663e+02 -5.952396922600676987e+00
-1.723645897651523171e+02 2.984823840644397137e+02 -5.914140098948581503e+00
-1.723122711205041071e+02 2.982090657657597035e+02 -5.874532235822666593e+00
-1.722522739333405752e+02 2.979219495782949139e+02 -5.834084456392028883e+00
-1.722083983809093297e+02 2.976773487110759220e+02 -5.799149636530835039e+00
-1.721707750961696206e+02 2.974497929147703417e+02 -5.766219815454863173e+00
-1.721458258137190853e+02 2.972572299710935795e+02 -5.739354165408711239e+00
-1.721147450673711319e+02 2.970536873325498846e+02 -5.710818407912341854e+00
-1.720648268094069238e+02 2.968744835693543678e+02 -5.684417468401943729e+00
-1.720620476699866970e+02 2.967404008510682729e+02 -5.667011338836854151e+00
-1.720008168006708900e+02 2.964738149988856435e+02 -5.627679351803969610e+00
-1.720766611580350798e+02 2.965200599751005370e+02 -5.638046877966207404e+00
-1.719692058130925432e+02 2.961590138410830946e+02 -5.585019289613792459e+00
-1.719645858333483375e+02 2.960313861302562941e+02 -5.567948387336691063e+00
-1.719678106441168950e+02 2.959184438022364247e+02 -5.552769807433995730e+00
-1.719773967263488998e+02 2.958827661310672852e+02 -5.547910435508589977e+00
-1.720124273540980653e+02 2.958416863193381801e+02 -5.544030497124690982e+00
-1.720562207417100922e+02 2.958201848320408089e+02 -5.543322867206092575e+00
-1.720965745834665768e+02 2.957912007116718769e+02 -5.542167589060854382e+00
-1.721407386763366105e+02 2.957716738413358826e+02 -5.541572328370934386e+00
-1.721845320639486090e+02 2.957501723540385683e+02 -5.540864698452335091e+00
-1.729612568589252248e+02 2.957027858246618166e+02 -5.574681424636731997e+00
-1.732040772219070277e+02 2.955759828802847551e+02 -5.571339481927411796e+00
-1.732561508926839053e+02 2.955660671794145173e+02 -5.572357633387882814e+00
-1.733112858396670219e+02 2.955616185661208988e+02 -5.574710346569602848e+00
-1.724050429163130502e+02 2.987469032274702272e+02 -6.060304673748362347e+00
-1.723989888809320803e+02 2.985791040940127345e+02 -6.037004117779972034e+00
-1.724404197147955813e+02 2.985287491603039030e+02 -6.031680817657489868e+00
-1.724691874494213835e+02 2.985247866731720023e+02 -6.032774644732056046e+00
-1.721511640674068246e+02 2.973400749933044267e+02 -5.852128782305461741e+00
-1.720627350600236412e+02 2.967388178216033907e+02 -5.764083485864730960e+00
-1.719958541999480417e+02 2.965234565103701811e+02 -5.730507165829900273e+00
-1.719745762812268026e+02 2.963504528776480811e+02 -5.705757483121723261e+00
-1.719538494979186680e+02 2.961803849506528650e+02 -5.681175159078652115e+00
-1.719319655074990010e+02 2.960095690576836205e+02 -5.655537987224814600e+00
-1.719530864249254591e+02 2.959377560732826282e+02 -5.646816405965918051e+00
-1.719780052829252668e+02 2.958753341297709198e+02 -5.639652923508249316e+00
-1.720164649041524285e+02 2.958416801068545965e+02 -5.637219128793702794e+00
-1.720462656143982372e+02 2.958486411795369122e+02 -5.639925861008119767e+00
-1.720850957626508944e+02 2.958169608246642497e+02 -5.637604620256029264e+00
-1.721268096924670203e+02 2.957898001568661925e+02 -5.635562361235324502e+00
-1.721658242594474757e+02 2.957591034274869344e+02 -5.633296794206938074e+00
-1.722111527104238178e+02 2.957403567895458423e+02 -5.632756976293328499e+00
-1.722568416095672603e+02 2.957235307888893772e+02 -5.633327944855684777e+00
-1.732831162205649775e+02 2.955580895800046051e+02 -5.667358614553922536e+00
-1.723446553990263794e+02 2.987018980905590979e+02 -6.168356839152368210e+00
-1.724005491282598541e+02 2.986852242450909216e+02 -6.168043233539984627e+00
-1.724465081776763498e+02 2.986481509273457391e+02 -6.165500921363536335e+00
-1.725065596489854727e+02 2.986427840238007434e+02 -6.167856172599837095e+00
-1.725323358164395984e+02 2.986283032121953624e+02 -6.166336946472450897e+00
-1.725874251660298455e+02 2.986127659777421854e+02 -6.167078590420308259e+00
-1.726303906545161908e+02 2.985651650080927197e+02 -6.161922929882392097e+00
-1.726820515988741818e+02 2.985422038255829307e+02 -6.161218298824675088e+00
-1.727346921335599745e+02 2.985190412667140549e+02 -6.160513305141000373e+00
-1.727892258382397301e+02 2.985005468903361816e+02 -6.161086364077327460e+00
-1.720045607641644665e+02 2.965158118339392104e+02 -5.832340977310968455e+00
-1.720718176906761983e+02 2.965434156425842502e+02 -5.840591069457667928e+00
-1.719590946966012268e+02 2.961705574647597814e+02 -5.779847177840152561e+00
-1.719758637257440057e+02 2.960864027538518712e+02 -5.769399405146314663e+00
-1.719935676065269661e+02 2.960072244297051611e+02 -5.758233517302850046e+00
-1.720162226502372675e+02 2.959381625953188859e+02 -5.749679534715488316e+00
-1.720307723232068327e+02 2.959126656633936818e+02 -5.746433880247510118e+00
-1.720692330572035473e+02 2.958790162756532141e+02 -5.744000352178385782e+00
-1.721130275575851272e+02 2.958575194235316985e+02 -5.743292988905210450e+00
-1.721596958713672620e+02 2.958404911106817963e+02 -5.743863541529641736e+00
-1.722052105553256638e+02 2.958227364702054842e+02 -5.743379996255900899e+00
-1.722488199964572573e+02 2.958002551643728566e+02 -5.742616548707267121e+00
-1.722939645608599335e+02 2.957805277346080857e+02 -5.742020740914368204e+00
-1.723148161036275496e+02 2.957669214314257147e+02 -5.741498932679892420e+00
-1.723584254289767728e+02 2.957444382164703711e+02 -5.740735259570037385e+00
-1.724058356841573811e+02 2.957313619646711231e+02 -5.741530353519112673e+00
-1.724540394749162431e+02 2.957170932879655538e+02 -5.742268627468584796e+00
-1.725027999672635985e+02 2.957057873812740354e+02 -5.743175568255649566e+00
-1.725475740617881115e+02 2.956840891724183962e+02 -5.742467485287900075e+00
-1.725961385947289841e+02 2.956717439910378857e+02 -5.744316586540784364e+00
-1.726250264928426361e+02 2.956738421764100622e+02 -5.745744681407485288e+00
-1.726718820975565052e+02 2.956578114956558352e+02 -5.746371469474975235e+00
-1.727250534627547154e+02 2.956537421934307872e+02 -5.748724408269524133e+00
-1.727782250633327692e+02 2.956496767290762477e+02 -5.751077441117901756e+00
-1.728304705444672607e+02 2.956406755668902520e+02 -5.753149663889155718e+00
-1.728851783235067217e+02 2.956393734754757361e+02 -5.755670750333317542e+00
-1.729376102133123538e+02 2.956313652465888140e+02 -5.757799299056408415e+00
-1.729651393154242385e+02 2.956316494453499217e+02 -5.760114550678465228e+00
-1.730206429728511637e+02 2.956291622397205856e+02 -5.762579243961104325e+00
-1.730822676624512440e+02 2.956376036953134303e+02 -5.767712502597522217e+00
-1.731366078427607249e+02 2.956343409495441392e+02 -5.770121781617945089e+00
-1.731993991756970672e+02 2.956435748099196985e+02 -5.775311057063380105e+00
-1.732654371977953360e+02 2.956592659716595222e+02 -5.781891060074829447e+00
-1.733389583887047252e+02 2.956877175751680511e+02 -5.790253246566342327e+00
-1.721550391163865754e+02 2.977243790440158477e+02 -6.122658514158484167e+00
-1.721792099246837040e+02 2.977121889104119532e+02 -6.122249766829048312e+00
-1.722289007840009276e+02 2.976895762753421195e+02 -6.121543839878219373e+00
-1.722808666530507935e+02 2.976736612167068188e+02 -6.121230090120379330e+00
-1.723284686172916622e+02 2.976453410804612076e+02 -6.120188271100952093e+00
-1.723819577698321552e+02 2.976321213644909562e+02 -6.121040430552413980e+00
-1.724340981493536731e+02 2.976171378102575318e+02 -6.121781116435244030e+00
-1.719935246154774688e+02 2.964788807406260958e+02 -5.925343169959845113e+00
-1.720246655983263793e+02 2.964875649055626354e+02 -5.929160539100971405e+00
-1.719281938671225021e+02 2.961470693753047954e+02 -5.872371373523940008e+00
-1.719659271384367969e+02 2.961095443923807693e+02 -5.868715690278619945e+00
-1.720112588117235362e+02 2.960908136261690515e+02 -5.868176659731171085e+00
-1.720745291636675631e+02 2.961080203149493855e+02 -5.874811580842846936e+00
-1.726776999866522431e+02 2.972992967760783358e+02 -6.086925024909132453e+00
-1.722771140691476432e+02 2.963090256237030644e+02 -5.916073598812432444e+00
-1.728140474578701173e+02 2.974022247398255558e+02 -6.110068897753755834e+00
-1.728723166085893581e+02 2.973982078293159930e+02 -6.112478825610800470e+00
-1.729168580628862628e+02 2.973644272704922287e+02 -6.110102341791238345e+00
-1.729667234352185687e+02 2.973427461529076936e+02 -6.110450612435336382e+00
-1.730179498900542683e+02 2.973228912008637508e+02 -6.109912181333911008e+00
-1.723347495831667686e+02 2.957919671522050749e+02 -5.842243257953735558e+00
-1.731163415929952407e+02 2.972778163061468035e+02 -6.109498552847413499e+00
-1.731437570420918917e+02 2.972720712706068866e+02 -6.110479721091125249e+00
-1.731980427245555347e+02 2.972576750781638566e+02 -6.111275252709200245e+00
-1.732398949549978511e+02 2.972204066399049793e+02 -6.107676843128076349e+00
-1.732930054365619412e+02 2.972051744077174362e+02 -6.109415242507607147e+00
-1.733425114773118594e+02 2.971815773076490927e+02 -6.108652636252545065e+00
-1.733860729899027433e+02 2.971479962535158847e+02 -6.106276408435006076e+00
-1.734371145050859866e+02 2.971271587765085656e+02 -6.105681761550730613e+00
-1.734597494911708395e+02 2.971122110431246028e+02 -6.105104804149072528e+00
-1.735107803392499477e+02 2.970913186946020232e+02 -6.105508521114530573e+00
-1.735579570783008592e+02 2.970661554267463771e+02 -6.104634709606212795e+00
-1.736042174289876243e+02 2.970361115150993783e+02 -6.102481604805824134e+00
-1.733515934198246953e+02 2.961726940782318707e+02 -5.960229025215112664e+00
-1.733546949395654906e+02 2.960699388136679318e+02 -5.945608784888571918e+00
-1.732968797312362881e+02 2.958594977016290954e+02 -5.911402553437117291e+00
-1.733317268276050811e+02 2.958174389893699185e+02 -5.907466374729248848e+00
-1.733987469034935884e+02 2.958329418960561270e+02 -5.914046404413671354e+00
-1.720270993650060518e+02 2.968314680202147997e+02 -6.089285542648449123e+00
-1.720736676222283847e+02 2.968084822401344240e+02 -6.087524488551760982e+00
-1.721133683407035733e+02 2.967705946591722750e+02 -6.083869539565781359e+00
-1.719796224303985070e+02 2.963453632142677634e+02 -6.010007938376558556e+00
-1.719566876633210768e+02 2.962340116941912243e+02 -5.991629343911738736e+00
-1.720026295114079744e+02 2.962131105122107897e+02 -5.990977782444173450e+00
-1.720540903034555242e+02 2.962053482417666146e+02 -5.992108457563491086e+00
-1.721182776878850973e+02 2.962274402975057797e+02 -6.000022938441489373e+00
-1.723782261540395950e+02 2.966690195057419146e+02 -6.084154033647658721e+00
-1.724295625686044673e+02 2.966551741158531854e+02 -6.084948923441876545e+00
-1.724633185832315689e+02 2.966073016449918782e+02 -6.079680299581451841e+00
-1.724985126275882408e+02 2.966213119458422511e+02 -6.083833347919623158e+00
-1.725454405154946755e+02 2.966002450324526762e+02 -6.083182735458050772e+00
-1.725771158437739246e+02 2.965467068367920547e+02 -6.076578990288876270e+00
-1.726236730276940534e+02 2.965236653129828142e+02 -6.075815889575753026e+00
-1.726738455528007989e+02 2.965090396027076736e+02 -6.076555336764830173e+00
-1.727204027367209278e+02 2.964859980788984331e+02 -6.075792236051706929e+00
-1.727768793607640987e+02 2.964832761626674369e+02 -6.079255918687632487e+00
-1.728084609350823087e+02 2.964888807747198030e+02 -6.081906886874715923e+00
-1.728420286706924571e+02 2.964400079915013748e+02 -6.076581153326927165e+00
-1.728925721364370816e+02 2.964273607360580627e+02 -6.077433063798511448e+00
-1.729408397726386681e+02 2.964080102451786161e+02 -6.077892477290886220e+00
-1.729872121329046308e+02 2.963839842302041347e+02 -6.077073173365017844e+00
-1.730341301775484339e+02 2.963628642486013973e+02 -6.077420674479668605e+00
-1.730542562526638051e+02 2.963453916842079252e+02 -6.075676887205641918e+00
-1.731071197039121046e+02 2.963342603358416909e+02 -6.077638276442607790e+00
-1.731519673178113976e+02 2.963075324778993149e+02 -6.075652571015210057e+00
-1.731971754385127724e+02 2.962827242774114325e+02 -6.074777598837394876e+00
-1.732299359821824680e+02 2.962349731253171967e+02 -6.070506380881239394e+00
-1.732891159576339817e+02 2.962358098073952419e+02 -6.074194055812124127e+00
-1.733249463960357559e+02 2.961935722864171794e+02 -6.070258436725733731e+00
-1.733466078884370631e+02 2.961788564561319390e+02 -6.068682330034887329e+00
-1.733468350067474830e+02 2.960716269362156368e+02 -6.052784092155847340e+00
-1.733615893939936257e+02 2.959930033797352849e+02 -6.041616942233952514e+00
-1.734142665000767352e+02 2.959808820197310979e+02 -6.043521689192328239e+00
-1.718675426037224838e+02 2.960303214924906570e+02 -6.050597836750208458e+00
-1.719123173400408859e+02 2.960086241183944367e+02 -6.049890045311340891e+00
-1.719304819441838390e+02 2.959915421081647651e+02 -6.048146885348009150e+00
-1.719804053279463574e+02 2.959810099139402837e+02 -6.049109133687769813e+00
-1.720158081835203632e+02 2.959419141215115019e+02 -6.045342097566640760e+00
-1.720689759701590731e+02 2.959378231743971810e+02 -6.047694405471466084e+00
-1.721116068151906973e+02 2.959155498332181082e+02 -6.046931812669850359e+00
-1.721430242676015894e+02 2.958660605762703995e+02 -6.041549818932736571e+00
-1.721789540392448998e+02 2.958839911310919319e+02 -6.045926191017430895e+00
-1.722176001265064826e+02 2.958513290551029513e+02 -6.043548788051210430e+00
-1.722610252699954287e+02 2.958278621837418427e+02 -6.042729203257491299e+00
-1.723097851167337637e+02 2.958165554226658287e+02 -6.043636209584290597e+00
-1.723367913497865516e+02 2.957598315910742599e+02 -6.036807848115384623e+00
-1.723970050556749527e+02 2.957715984390898711e+02 -6.042109396313083636e+00
-1.724388951370712846e+02 2.957453767249141947e+02 -6.041121880491503227e+00
-1.724483036076063911e+02 2.957087497375786143e+02 -6.035206822037884500e+00
-1.724963225721676849e+02 2.956934965566244955e+02 -6.035889130820356385e+00
-1.725532827933086537e+02 2.956987718528240521e+02 -6.040798893050702389e+00
-1.726401326738725572e+02 2.956518411132128676e+02 -6.039159525988210930e+00
-1.726823928161895765e+02 2.956275931681557267e+02 -6.038284325912172790e+00
