-1.731106271619742927e+02 3.007516648445073315e+02 -4.867975227042414588e+00
-1.730995284524680073e+02 3.006537278553150259e+02 -4.860437099934811656e+00
-1.731168380406353720e+02 3.005498990079405530e+02 -4.852869990327144833e+00
-1.731381229742203800e+02 3.004565012681729286e+02 -4.845921670743544851e+00
-1.731778065586194373e+02 3.004073093573169899e+02 -4.843614753055615729e+00
-1.732226395043322782e+02 3.003693946045197549e+02 -4.840984038155578872e+00
-1.732600570465504575e+02 3.003134922206954229e+02 -4.838282222855283976e+00
-1.733018286381553139e+02 3.002700590200391275e+02 -4.835314224710036690e+00
-1.733283406972825276e+02 3.002594430623198605e+02 -4.835003989267129043e+00
-1.733733456342247052e+02 3.002224501944110671e+02 -4.833427713823548189e+00
-1.734225126178047560e+02 3.001968919442653032e+02 -4.832527559178016574e+00
-1.734741883986843902e+02 3.001738847824183836e+02 -4.831794747268544299e+00
-1.735329049532385852e+02 3.001668438604719995e+02 -4.832018810874591175e+00
-1.735392425775042398e+02 3.000477859683679753e+02 -4.823495262028953512e+00
-1.736669070983126346e+02 3.001871389667466588e+02 -4.836544918365754064e+00
-1.737018056980606957e+02 3.001942611072270779e+02 -4.837303550905132532e+00
-1.737883578291960873e+02 3.002438763048299961e+02 -4.842955739214520605e+00
-1.738713008197423733e+02 3.002850261213762906e+02 -4.848101765290921961e+00
-1.739664891080892346e+02 3.003482516986690030e+02 -4.854596853134644618e+00
-1.729789201007438351e+02 3.007163631133556123e+02 -4.955789528532632993e+00
-1.730053493288173740e+02 3.006342114344374750e+02 -4.949517016400854175e+00
-1.729202111396622001e+02 3.002203315158426449e+02 -4.914709636666992232e+00
-1.729112207625284725e+02 3.000626349010170202e+02 -4.901884313198451082e+00
-1.729529652188968498e+02 2.997510916708166633e+02 -4.878073604879478609e+00
-1.730045720447547239e+02 2.997331819713388086e+02 -4.877622576983266178e+00
-1.730527524838113891e+02 2.997077878802303417e+02 -4.876721623183480681e+00
-1.730788310130647289e+02 2.997003111158869046e+02 -4.876580750086439764e+00
-1.731235840133511488e+02 2.996674308893019543e+02 -4.875229807688343797e+00
-1.731797718199599103e+02 2.996577369064017375e+02 -4.876282724490860865e+00
-1.732317471761873264e+02 2.996418041296618640e+02 -4.875944849294763905e+00
-1.732902109772805090e+02 2.996388740657056928e+02 -4.876394108865843791e+00
-1.733380238182307949e+02 2.996115067592452874e+02 -4.875380097990035466e+00
-1.733719287098563200e+02 2.996187546019308456e+02 -4.877137136503091774e+00
-1.734223740264296509e+02 2.996000673307294733e+02 -4.876630791281323596e+00
-1.734800941932180933e+02 2.995931429219496067e+02 -4.877852768879315626e+00
-1.735412536136113602e+02 2.995937654986783514e+02 -4.878526564888202799e+00
-1.735387118105618640e+02 2.994652616172445505e+02 -4.868386772502905302e+00
-1.736437273588471442e+02 2.995539665778487688e+02 -4.878397728639495945e+00
-1.737077556627277772e+02 2.995590731291956672e+02 -4.880351022267161554e+00
-1.737382444620853335e+02 2.995588957761278266e+02 -4.880659857357722231e+00
-1.738072337303475479e+02 2.995742616942542327e+02 -4.883232415025751116e+00
-1.738693650929531316e+02 2.995746442793642927e+02 -4.884904411071746999e+00
-1.730877647429177557e+02 3.016021884296138751e+02 -5.141158094602446660e+00
-1.729257476433699310e+02 3.006711764350151839e+02 -5.057899827438091300e+00
-1.729311497055392124e+02 3.005361536621999221e+02 -5.046478912928554550e+00
-1.727964506868220838e+02 2.998668184484740777e+02 -4.987003676687671749e+00
-1.728017144915493191e+02 2.997419887331421933e+02 -4.976146133618096101e+00
-1.738727581477418198e+02 3.002108302018527866e+02 -5.042325871034699425e+00
-1.739339780788216103e+02 3.002063112789695083e+02 -5.043716900090483790e+00
-1.739807085445843882e+02 3.001731262102414348e+02 -5.041367551813295655e+00
-1.740465106163708811e+02 3.001768305421166474e+02 -5.044262850707818657e+00
-1.738039772709160786e+02 2.995075412373014956e+02 -4.981669209174132362e+00
-1.738420655348006676e+02 2.994607159060577146e+02 -4.978475512014706617e+00
-1.729096716811140482e+02 3.017605178281141889e+02 -5.275260977031891230e+00
-1.729716937842114817e+02 3.017548385388627139e+02 -5.276596112046860299e+00
-1.730430048439701238e+02 3.017717452312706428e+02 -5.280279711274117105e+00
-1.728652235242091706e+02 3.006411577175220486e+02 -5.172791447507714580e+00
-1.728789472392691948e+02 3.005289910632898227e+02 -5.162722231631382108e+00
-1.727667750354503653e+02 2.998440221315195231e+02 -5.097609383255539584e+00
-1.727578003790996775e+02 2.996864099208087282e+02 -5.082786049060967315e+00
-1.728056400056267137e+02 2.995935628661749774e+02 -5.076146717147445031e+00
-1.729070100251219060e+02 2.996900111850379744e+02 -5.087551040089687504e+00
-1.729576368147469907e+02 2.996722993228519272e+02 -5.087100743129555624e+00
-1.729991550753438787e+02 2.996329712689476992e+02 -5.084357752887729731e+00
-1.730612073087143017e+02 2.996383901603065283e+02 -5.087309718026334693e+00
-1.737000367524443050e+02 3.001519385611003372e+02 -5.150442523746553647e+00
-1.737882829339052364e+02 3.002051898970630077e+02 -5.158316704463103086e+00
-1.740947833289406788e+02 3.001191215621082620e+02 -5.158759776017220133e+00
-1.741010715482289868e+02 3.000052700290012240e+02 -5.148520979057199298e+00
-1.738084709894696687e+02 2.993731031143832979e+02 -5.084453931289766970e+00
-1.738680914636310604e+02 2.993709233713975664e+02 -5.085958059692722522e+00
-1.739050143775576771e+02 2.993233037354409021e+02 -5.082708332228875747e+00
-1.729410144501523519e+02 3.018250850568418286e+02 -5.396347021104827668e+00
-1.729990716228386702e+02 3.018090318964421499e+02 -5.396064981259681481e+00
-1.727466791436682740e+02 3.000477176315740167e+02 -5.219844913281886711e+00
-1.727077793459517068e+02 2.998167510597343153e+02 -5.195641769203699134e+00
-1.727051087589410656e+02 2.996711492486630846e+02 -5.181548749033803247e+00
-1.728677593417287426e+02 2.997087157488808771e+02 -5.190336802352589984e+00
-1.729214363742768512e+02 2.996964613561672763e+02 -5.191221914198585807e+00
-1.729734104499216585e+02 2.996805229998409459e+02 -5.190883836057159861e+00
-1.730419504305980354e+02 2.996989408546369305e+02 -5.194622810585794781e+00
-1.731040135409105289e+02 2.997044207688158508e+02 -5.196576635283874701e+00
-1.731647209199471433e+02 2.997080831349464347e+02 -5.199417347488731522e+00
-1.732226241950861834e+02 2.997021377109162472e+02 -5.200695483856170753e+00
-1.732452862828311879e+02 2.996872338736733923e+02 -5.199106389280722773e+00
-1.732917526480167396e+02 2.996580987199152446e+02 -5.197980511302970008e+00
-1.733363216156210171e+02 2.996242319333848059e+02 -5.196572965977039438e+00
-1.733797380921392914e+02 2.995896373038292495e+02 -5.194111631388302897e+00
-1.733844945284878918e+02 2.994730219061914340e+02 -5.183703991449528203e+00
-1.734543857443046591e+02 2.994932357966443419e+02 -5.187556115588343175e+00
-1.735607045688364565e+02 2.996490963124900873e+02 -5.205302138862924366e+00
-1.736138350840739975e+02 2.996339083256889921e+02 -5.206018840285996596e+00
-1.736647106740984157e+02 2.996120669649565684e+02 -5.205342378287247662e+00
-1.736980359121092192e+02 2.995560409158834432e+02 -5.200588389612411433e+00
-1.737471968517899938e+02 2.995304527870331412e+02 -5.199686711231205294e+00
-1.737984292715794652e+02 2.995105294164646921e+02 -5.200121649684060543e+00
-1.738723688557413141e+02 2.995360975134667569e+02 -5.204311766961125407e+00
-1.738608846706430313e+02 2.994524954480905876e+02 -5.196562632353804112e+00
-1.738722452143824171e+02 2.993549686256822042e+02 -5.187280413160834769e+00
-1.739089842144118450e+02 2.993063604612942754e+02 -5.183974139105118617e+00
-1.739764331430109507e+02 2.993189165700801482e+02 -5.187376614759829252e+00
-1.729805885711280382e+02 3.018299935522781539e+02 -5.508207854567288564e+00
-1.729028334730795109e+02 3.015542372546939305e+02 -5.478113057131011487e+00
-1.728586267905332647e+02 3.012838088000091261e+02 -5.448663909461545884e+00
-1.728069483640689441e+02 3.010005644497296657e+02 -5.418427803288624389e+00
-1.727936926363567807e+02 3.008144721470264926e+02 -5.398977515526286908e+00
-1.727578251094289499e+02 3.005779314697525706e+02 -5.373494953125179663e+00
-1.727253056533918709e+02 3.003539171654055053e+02 -5.349742339885934506e+00
-1.726954009341033895e+02 3.001384902048650360e+02 -5.327493990945559865e+00
-1.726585424588845683e+02 2.999786513184486125e+02 -5.310252086641947145e+00
-1.726473309596528338e+02 2.998144841817547785e+02 -5.293039148685174666e+00
-1.726443857318425330e+02 2.995361586091611343e+02 -5.264589153494688034e+00
-1.726809453532918042e+02 2.994865823830165823e+02 -5.261227453876641036e+00
-1.727175144649555989e+02 2.994370558156620632e+02 -5.256866969896819342e+00
-1.727380829632241159e+02 2.994163671742279575e+02 -5.255937706193646974e+00
-1.727879103720955243e+02 2.993998267708940375e+02 -5.255544125738553340e+00
-1.728315058829689690e+02 2.993661944424778198e+02 -5.253138132795468707e+00
-1.728775388372191060e+02 2.993401965144339556e+02 -5.252181658621994487e+00
-1.729319466445860201e+02 2.993318700015591389e+02 -5.253291870909678529e+00
-1.729842834340867910e+02 2.993178825184125458e+02 -5.253065681003718623e+00
-1.730263375588038457e+02 2.992814347558116310e+02 -5.251489432859147932e+00
-1.730529650398164563e+02 2.992769085810241450e+02 -5.251517668274015449e+00
-1.731035886927246565e+02 2.992591798591427619e+02 -5.251066583953413414e+00
-1.731574470851689114e+02 2.992478989637563132e+02 -5.252007562354095604e+00
-1.732095910551156237e+02 2.992328751318711397e+02 -5.252723539010682785e+00
-1.732641942360376390e+02 2.992255999988390158e+02 -5.252892264773000974e+00
-1.733112072342987062e+02 2.991994003648692342e+02 -5.251934726006705745e+00
-1.733700147769039290e+02 2.991983179895273111e+02 -5.254493079124952004e+00
-1.733979903563400455e+02 2.991955709907013556e+02 -5.254633676789529417e+00
-1.734512990994652171e+02 2.991813357564124090e+02 -5.255405421301155400e+00
-1.735070568620038785e+02 2.991747997029052044e+02 -5.256628520743475974e+00
-1.735653257533193710e+02 2.991708220553592241e+02 -5.258019332704799709e+00
-1.736207174315027544e+02 2.991623183158831694e+02 -5.259129697038913420e+00
-1.736769048908664956e+02 2.991526224665524865e+02 -5.260182402377317601e+00
-1.737370732715218082e+02 2.991533876948727766e+02 -5.261855347083582934e+00
-1.737755612295669891e+02 2.991688663749310990e+02 -5.265116965695780138e+00
-1.739056782007761512e+02 2.991846871385183135e+02 -5.271358405839517758e+00
-1.740745445719112467e+02 2.993869147426323707e+02 -5.297329136699488572e+00
-1.729594018869325112e+02 3.018692350392777826e+02 -5.633353128125820675e+00
-1.727496184752900774e+02 3.007853775944976746e+02 -5.510085900165347716e+00
-1.726704420986245339e+02 3.001465185041570294e+02 -5.438852956491948554e+00
-1.726687808663918986e+02 3.000008724367663717e+02 -5.422764510939441784e+00
-1.726079793841950334e+02 2.995099973015861110e+02 -5.368928678430051171e+00
-1.726513920267435651e+02 2.994753820646371878e+02 -5.366466401348588100e+00
-1.727025660249958037e+02 2.994606114227620424e+02 -5.366184825069728603e+00
-1.727465190622731370e+02 2.994289008289107414e+02 -5.364890447220719061e+00
-1.727549760621040491e+02 2.993157675019525072e+02 -5.352710698517475940e+00
-1.728047571297250045e+02 2.993646018303380174e+02 -5.359939596598724876e+00
-1.728521362117273839e+02 2.993403698790400540e+02 -5.359094852450851931e+00
-1.729027597500985678e+02 2.993226392380519201e+02 -5.358643720321284221e+00
-1.729567998442081489e+02 2.993123375874213821e+02 -5.359640887234196960e+00
-1.730013127111077438e+02 2.992836386108917281e+02 -5.357517388191247676e+00
-1.730505793593216310e+02 2.992640828894443530e+02 -5.357952714285568518e+00
-1.731092115459810259e+02 2.992620579370752125e+02 -5.359455640826078948e+00
-1.731306981034648516e+02 2.992463025167002684e+02 -5.358808871029205001e+00
-1.731866369908893262e+02 2.992407400008322043e+02 -5.360087896534373897e+00
-1.732290690144892551e+02 2.992063207725837515e+02 -5.357626243065702454e+00
-1.732878753910488854e+02 2.992052347367620655e+02 -5.360184441047585402e+00
-1.733383161768600758e+02 2.991865231129420977e+02 -5.359676953568174085e+00
-1.733921751466978094e+02 2.991752479279695081e+02 -5.360618134908022192e+00
-1.734494636456829539e+02 2.991714701141489741e+02 -5.362009904140931482e+00
-1.734784086194200938e+02 2.991684642148991315e+02 -5.363147851801789656e+00
-1.735370446400492312e+02 2.991664598699233579e+02 -5.364651720835026616e+00
-1.735941502725513033e+02 2.991616991574613849e+02 -5.365987027398910314e+00
-1.736510620393131319e+02 2.991558964730652974e+02 -5.368264297582067357e+00
-1.738713096223987691e+02 2.992296279477160965e+02 -5.383659112058751361e+00
-1.738735281500231054e+02 2.991759300121163960e+02 -5.378708955267704539e+00
-1.739264829609953722e+02 2.991597975760876693e+02 -5.378370122791804597e+00
-1.731378835593542362e+02 3.026481269538273864e+02 -5.830563863112338652e+00
-1.731752600500691130e+02 3.025701313621029840e+02 -5.822630959091815939e+00
-1.729888642770569618e+02 3.020111923828076215e+02 -5.753694446421855346e+00
-1.728011522297978786e+02 3.009037863119520466e+02 -5.622343151241549819e+00
-1.727717936350587422e+02 3.006803570680046391e+02 -5.595650721243301540e+00
-1.727361271379307652e+02 3.004448968219699054e+02 -5.568226945462326327e+00
-1.726898315734111691e+02 3.002616756064591073e+02 -5.545585907610622201e+00
-1.726474339438760524e+02 3.000173788657676255e+02 -5.516601775257989004e+00
-1.726624092921314286e+02 2.996385068900877968e+02 -5.474763287246592114e+00
-1.726828463772638997e+02 2.995514867920841766e+02 -5.466156465816970567e+00
-1.726816593328798319e+02 2.994138588576019515e+02 -5.450517329545796485e+00
-1.727722566302275311e+02 2.995563074222121145e+02 -5.469361945340724951e+00
-1.728033189618533925e+02 2.994935877549204406e+02 -5.464213935679317125e+00
-1.729024039671307378e+02 2.995832224178981278e+02 -5.477220536565786446e+00
-1.728833008293748605e+02 2.994094478631294010e+02 -5.457391341447429767e+00
-1.729310480868770981e+02 2.993871948375971783e+02 -5.456659857314745565e+00
-1.729816617885561527e+02 2.993694126755099774e+02 -5.457207223695069054e+00
-1.730045056978258629e+02 2.993554861203072051e+02 -5.455674269824939415e+00
-1.730585471864411318e+02 2.993451919650726722e+02 -5.456671747002362238e+00
-1.731087944548315249e+02 2.993254402415190611e+02 -5.457106330463458832e+00
-1.731609496631402578e+02 2.993104715541978180e+02 -5.456823844728141637e+00
-1.732117478548820770e+02 2.992936836243614493e+02 -5.457428079659932152e+00
-1.732642707692839679e+02 2.992806939467271832e+02 -5.457258913445910409e+00
-1.733147022992770303e+02 2.992619326205081052e+02 -5.457750210330326368e+00
-1.733453607579261870e+02 2.992626698321935237e+02 -5.459113159727063014e+00
-1.734057099151478667e+02 2.992644067259525400e+02 -5.460841923174941215e+00
-1.734530914372282382e+02 2.992401878899490271e+02 -5.459997751745070182e+00
-1.735094522812525497e+02 2.992314214151327860e+02 -5.462105310947317882e+00
-1.735648439588219958e+02 2.992229176723596424e+02 -5.463215734791647016e+00
-1.736166340084883757e+02 2.992059888816838225e+02 -5.462820824208524328e+00
-1.736810062820341614e+02 2.992129469549126952e+02 -5.466883396266609907e+00
-1.737070851605278676e+02 2.992054720677153909e+02 -5.466742541225480423e+00
-1.738167696876632249e+02 2.991825558270370493e+02 -5.468624742609488720e+00
-1.738796237365429533e+02 2.991868202566607806e+02 -5.471520659576933454e+00
-1.739667585779129695e+02 2.992340982397614084e+02 -5.480054209043992763e+00
-1.739586104991835782e+02 2.991028024699869547e+02 -5.465695959119011960e+00
-1.730783518017910012e+02 3.024211061023333400e+02 -5.941574591026528296e+00
-1.731876949628157263e+02 3.025330668444389062e+02 -5.958928164266005467e+00
-1.729850858017560142e+02 3.018432323674459212e+02 -5.868556339676045397e+00
-1.728890734634621822e+02 3.015185579830037454e+02 -5.826549473419081693e+00
-1.728411253361500997e+02 3.012389579966284145e+02 -5.791545775655178474e+00
-1.727920184461600570e+02 3.009585964577285608e+02 -5.755486535376880042e+00
-1.727562595669358529e+02 3.007171701721662203e+02 -5.725728115186533351e+00
-1.727221455673027037e+02 3.004845863395271408e+02 -5.696476454168574399e+00
-1.727090208677219607e+02 3.003046663047637708e+02 -5.675366578729017064e+00
-1.726790389174759071e+02 3.001599159488483792e+02 -5.657027959520161353e+00
-1.726133269483116521e+02 2.998613919638351604e+02 -5.618790277530339772e+00
-1.725924984726106857e+02 2.996728755659282228e+02 -5.595121681822758042e+00
-1.725995059664056157e+02 2.995519511658893066e+02 -5.581493687421762218e+00
-1.726307632081161501e+02 2.994902790838359579e+02 -5.575404095615002831e+00
-1.726719115510019833e+02 2.994489627398666016e+02 -5.572547368262027234e+00
-1.727196590422866507e+02 2.994267096674281561e+02 -5.571815943641613700e+00
-1.727297937197240856e+02 2.993827494519217112e+02 -5.566485331832954131e+00
-1.727847515241155634e+02 2.993773791468527747e+02 -5.567764944841145258e+00
-1.728353647623242182e+02 2.993595931901613199e+02 -5.568312215601483928e+00
-1.728848253902014562e+02 2.993410813564576642e+02 -5.567805685395711635e+00
-1.729354491635829731e+02 2.993233506751575419e+02 -5.567354493757982858e+00
-1.729877760012406327e+02 2.993093097485079852e+02 -5.568126814063164787e+00
-1.730353388760529469e+02 2.992860682817628231e+02 -5.567338783334503383e+00
-1.730680675401644635e+02 2.992924607936182042e+02 -5.570037991493879126e+00
-1.731156312327028957e+02 2.992692211151523338e+02 -5.569250008580346467e+00
-1.731677859716049284e+02 2.992542525117522700e+02 -5.568967582351135981e+00
-1.732206648986596349e+02 2.992431790392997755e+02 -5.569909709263374253e+00
-1.732710957326277708e+02 2.992244139719769009e+02 -5.570400731995104771e+00
-1.733232508204631870e+02 2.992094472440743971e+02 -5.570118353576914316e+00
-1.733789980537652866e+02 2.992028520366504836e+02 -5.572339760291210808e+00
-1.734098408944904008e+02 2.992045776862516959e+02 -5.573759315794139191e+00
-1.734635173449366619e+02 2.991923214682439038e+02 -5.574644260806629781e+00
-1.735206226285053503e+02 2.991875588802843708e+02 -5.575979519559493447e+00
-1.735756464795083218e+02 2.991770780872429896e+02 -5.576976731199653869e+00
-1.736304875832736627e+02 2.991656124295471955e+02 -5.577917491874093692e+00
-1.736873999274289417e+02 2.991598154555649671e+02 -5.580194964996417539e+00
-1.737408946755959107e+02 2.991465799895041755e+02 -5.581023781006893003e+00
-1.737633608076839380e+02 2.991306229471244933e+02 -5.580376006123305643e+00
-1.738265819858773114e+02 2.991368606793184313e+02 -5.583384980162664490e+00
-1.738887003803962159e+02 2.991371710018115095e+02 -5.586054591742204423e+00
-1.739454320678445072e+02 2.991304003996746701e+02 -5.588276198316003196e+00
-1.740121453426967264e+02 2.991390024046269787e+02 -5.591452309072591831e+00
-1.730950757967113702e+02 3.024508459163130283e+02 -6.042552023431028374e+00
-1.730923444514765492e+02 3.022721060886774467e+02 -6.020612291536711069e+00
-1.729993217148528402e+02 3.018705336469372469e+02 -5.967369611863423629e+00
-1.729188361165369940e+02 3.015855700588467130e+02 -5.928723991070168786e+00
-1.728745084811781112e+02 3.013144925089559365e+02 -5.893228189731852140e+00
-1.728266858474538594e+02 3.010410337862994652e+02 -5.857564404807670932e+00
-1.727873394685225605e+02 3.007912622544566261e+02 -5.825303344918784987e+00
-1.727590887297589575e+02 3.005737876364211729e+02 -5.797950562222995430e+00
-1.727061765925786858e+02 3.003003160965262737e+02 -5.761232285219891835e+00
-1.727601047486113259e+02 3.002839433882655840e+02 -5.761891994977167641e+00
-1.726434724250649992e+02 2.999359294607409083e+02 -5.714373831581154306e+00
-1.726034725640159877e+02 2.997045192136013156e+02 -5.684125075030599383e+00
-1.726125712072093847e+02 2.995893665024592565e+02 -5.669836677039326034e+00
-1.726199439741836557e+02 2.994704041248816111e+02 -5.656321155295101377e+00
-1.726582265707594672e+02 2.994246206684623530e+02 -5.652185673051157266e+00
-1.727006591692970972e+02 2.993902071374392335e+02 -5.649724460562515205e+00
-1.727446218107120330e+02 2.993585481181874570e+02 -5.647431405670912063e+00
-1.727780829912395859e+02 2.993688778708839209e+02 -5.650356250878153297e+00
-1.728326740134090187e+02 2.993615361288510144e+02 -5.651523033156098386e+00
-1.728642939689755451e+02 2.993018149199774030e+02 -5.645545329584805039e+00
-1.729154575537560845e+02 2.992869870498864771e+02 -5.646261989366454515e+00
-1.729609494172524649e+02 2.992580807376411371e+02 -5.644137341807841324e+00
-1.730153574590157746e+02 2.992497541811572432e+02 -5.645247554097579723e+00
-1.730692146860283742e+02 2.992384696285881773e+02 -5.646188317851683180e+00
-1.730988928728204712e+02 2.992394047145802460e+02 -5.647552117202877753e+00
-1.731500572681629819e+02 2.992245825046998107e+02 -5.648269098946179234e+00
-1.732018346980621573e+02 2.992075833236074800e+02 -5.648871911217835162e+00
-1.732530096232551955e+02 2.991928202709408993e+02 -5.648590526178946192e+00
-1.733099189480971916e+02 2.991870044613589243e+02 -5.650867402174749365e+00
-1.733670229588614120e+02 2.991822324251789382e+02 -5.652202124325545363e+00
-1.734162905334021616e+02 2.991626842896429253e+02 -5.652637701170051265e+00
-1.734456029847723926e+02 2.991616535651637605e+02 -5.653888813224059007e+00
-1.735038608780585605e+02 2.991576168509192826e+02 -5.656277932453249058e+00
-1.735623133343378299e+02 2.991546258563070069e+02 -5.657725243195421250e+00
-1.736064491200807254e+02 2.991239001337042964e+02 -5.656487197291700575e+00
-1.736601266167131996e+02 2.991116495388920384e+02 -5.657372345247464906e+00
-1.737208965651030894e+02 2.991101788165202606e+02 -5.659929427745844066e+00
-1.737563232887461311e+02 2.991201370851793513e+02 -5.662853730183473822e+00
-1.738178291181150996e+02 2.991226242949632024e+02 -5.665637451728551710e+00
-1.738944302839120439e+02 2.991515622233719114e+02 -5.673046571385333081e+00
-1.739462116563816778e+02 2.991345894473050748e+02 -5.673650529084773630e+00
-1.740134667180125803e+02 2.991461035775625419e+02 -5.677995087379188455e+00
-1.730664650095062029e+02 3.023189345081728447e+02 -6.155143007635677677e+00
-1.730351862409270609e+02 3.020687798612448773e+02 -6.120940446247512767e+00
-1.729612856053008443e+02 3.017153056691399229e+02 -6.072562557108135195e+00
-1.729139950771446479e+02 3.014337706623835516e+02 -6.033452139822010452e+00
-1.728306475301735077e+02 3.011443577199422634e+02 -5.992527690909007276e+00
-1.727864410880957564e+02 3.008794009267836600e+02 -5.956370621872714821e+00
-1.727544942391822360e+02 3.006475278435607947e+02 -5.925177788110292276e+00
-1.726588474611956769e+02 2.999802932074241539e+02 -5.834174590771288749e+00
-1.726369408705114381e+02 2.997859805950073451e+02 -5.808170769318857118e+00
-1.725778960437852732e+02 2.995779798121031945e+02 -5.779018097386378727e+00
-1.726141002299752074e+02 2.995264930911907300e+02 -5.774545307581236742e+00
-1.726260094510371346e+02 2.994209790098852864e+02 -5.760819806388006725e+00
-1.726660049557453931e+02 2.993789329572845759e+02 -5.756909063430557971e+00
-1.727120383781743556e+02 2.993529349387252978e+02 -5.755952648771408775e+00
-1.727573469117172635e+02 2.993230419332343217e+02 -5.753771442923785173e+00
-1.728064290639320859e+02 2.993024958580614907e+02 -5.754150055592731405e+00
-1.728294554932072344e+02 2.992895503391910097e+02 -5.752673278539743862e+00
-1.728787214441682636e+02 2.992699908700456035e+02 -5.753108449501809218e+00
-1.729297119985439508e+02 2.992542316191152736e+02 -5.752770207614758213e+00
-1.729688993319926453e+02 2.992133111274631005e+02 -5.749914882615512646e+00
-1.730143900300573705e+02 2.991844011580352003e+02 -5.747790020410319833e+00
-1.730741031254198106e+02 2.991881835258483306e+02 -5.751628757119040536e+00
-1.731037809626645583e+02 2.991891167330457506e+02 -5.752992568169432275e+00
-1.732546619292188552e+02 2.991360788496072018e+02 -5.752638532950292927e+00
-1.733069900521675208e+02 2.991220396174244911e+02 -5.753411020095143158e+00
-1.736729169646725950e+02 2.993171144734245104e+02 -5.796072098105458537e+00
-1.736311310346578125e+02 2.991143834910992041e+02 -5.768396097326873750e+00
-1.736689804499861793e+02 2.990717411019047631e+02 -5.764430054994923225e+00
-1.737318217580114208e+02 2.990759370972335205e+02 -5.768323861644489625e+00
-1.737914291442268109e+02 2.990736870543466353e+02 -5.770825653387900545e+00
-1.738331537032646281e+02 2.990956209591863058e+02 -5.775479823520647926e+00
-1.738959971024345066e+02 2.990998281943120674e+02 -5.779374155077196207e+00
-1.739647714373734857e+02 2.991140416045586790e+02 -5.784885333364663040e+00
-1.740679116854368260e+02 2.991926671516901592e+02 -5.799326250941713390e+00
-1.730495040468390471e+02 3.022660493237412425e+02 -6.261211727911422997e+00
-1.730496031819310474e+02 3.020970550063538553e+02 -6.237837991413297090e+00
-1.731008858919099964e+02 3.020609949648677457e+02 -6.235376142363483254e+00
-1.731635261357243678e+02 3.020531687567211634e+02 -6.236598646511817279e+00
-1.728097068061808557e+02 3.009388333614714952e+02 -6.071078450383859071e+00
-1.727728354729309785e+02 3.006968968484061406e+02 -6.036272236193854113e+00
-1.727281360335628619e+02 3.004402263557695960e+02 -5.999567782073329525e+00
-1.726926377403295305e+02 3.002111380540669643e+02 -5.967490606135711140e+00
-1.726470676422542851e+02 2.999607253004766108e+02 -5.931123874706031529e+00
-1.726114958629301270e+02 2.997367101068758757e+02 -5.899327370279136673e+00
-1.725869510406008658e+02 2.996102465663930161e+02 -5.882057890755318041e+00
-1.725873291188011365e+02 2.994755615539004339e+02 -5.863593050776504612e+00
-1.726202983382228240e+02 2.994176231781709703e+02 -5.857727924101499895e+00
-1.726625580215065554e+02 2.993822801887122864e+02 -5.854211798242906717e+00
-1.727015737178281825e+02 2.993404358050224801e+02 -5.850302000859901597e+00
-1.727493201635405740e+02 2.993181771126855324e+02 -5.849570313785998010e+00
-1.727932718063122195e+02 2.992864590234381694e+02 -5.848275625672477496e+00
-1.728210612667835164e+02 2.992827103405745106e+02 -5.848359044519024330e+00
-1.728706946959915740e+02 2.992651260494968710e+02 -5.848907320364022056e+00
-1.729167371410701719e+02 2.992391777835400717e+02 -5.846952002318558606e+00
-1.729660029715579128e+02 2.992196202738134048e+02 -5.847387280597750703e+00
-1.730162589177590178e+02 2.991999125389479559e+02 -5.846822936266068638e+00
-1.730638215647251741e+02 2.991766672405836403e+02 -5.846034690899045927e+00
-1.731184027520443180e+02 2.991692739873429332e+02 -5.848199793156235060e+00
-1.731429492692839176e+02 2.991590295202553307e+02 -5.847889981462507158e+00
-1.731971738540702290e+02 2.991497221051727138e+02 -5.848943957416670614e+00
-1.732445534054793086e+02 2.991254900699535710e+02 -5.848099153762690960e+00
-1.733002992448896578e+02 2.991188873704307412e+02 -5.850320190702261058e+00
-1.733541575168605959e+02 2.991076084344629749e+02 -5.851261276420069990e+00
-1.734666303932512506e+02 2.990942127437248814e+02 -5.855702810605153630e+00
-1.734927082249448063e+02 2.990867322300348405e+02 -5.855561812130964938e+00
-1.735560994220078328e+02 2.990938786388344965e+02 -5.859624757055765798e+00
-1.736112965390399552e+02 2.990843291896176765e+02 -5.861676751346250214e+00
-1.736661369449385006e+02 2.990728597809267626e+02 -5.862617416398650860e+00
-1.737247634712586546e+02 2.990708096655777695e+02 -5.865120046389106889e+00
-1.737813092747524593e+02 2.990630373390912382e+02 -5.867284414636714018e+00
-1.738470302353738646e+02 2.990717725383474885e+02 -5.871459301141706888e+00
-1.739059212507563359e+02 2.991258278049443220e+02 -5.882075689151168518e+00
-1.739546508712602133e+02 2.991033881449023397e+02 -5.881343879971005606e+00
-1.740446346931988444e+02 2.991550432197366263e+02 -5.893153873091357298e+00
-1.729759062439188995e+02 3.020181088230189062e+02 -6.339868977880374956e+00
-1.730373824183578790e+02 3.020094938897458405e+02 -6.341035654669617827e+00
-1.730900109053138749e+02 3.019751979396166917e+02 -6.338685666365034166e+00
-1.731456248650695500e+02 3.019514794149356476e+02 -6.337953667775380495e+00
-1.732080706610417735e+02 3.019426094095607596e+02 -6.340117968709482632e+00
-1.732346649973796673e+02 3.019269662449402176e+02 -6.338528300792468428e+00
-1.732912588782172065e+02 3.019030479605635833e+02 -6.337795582967984842e+00
-1.733465064059121232e+02 3.018773598810103067e+02 -6.336950682438673432e+00
-1.726156436816557971e+02 2.999613452478469071e+02 -6.033992738958205315e+00
-1.726015192826245936e+02 2.997869878248957320e+02 -6.008172693510186235e+00
-1.725922537813081874e+02 2.996278120060777042e+02 -5.986248442562994043e+00
-1.726241449990557442e+02 2.995640793283507719e+02 -5.978048256972535057e+00
-1.726204222522429177e+02 2.994893820181075057e+02 -5.967867117054820980e+00
-1.726583486023834553e+02 2.994416824034126989e+02 -5.962620282172346187e+00
-1.726952847216596467e+02 2.993941310914528344e+02 -5.958373081601996191e+00
-1.727460914760612241e+02 2.993773852279008452e+02 -5.957978400442257794e+00
-1.727896869863207314e+02 2.993437528961875387e+02 -5.955572467009387694e+00
-1.728391372007262703e+02 2.993251838342680458e+02 -5.956064172864126149e+00
-1.728796821191293418e+02 2.992860921575847328e+02 -5.952322782814110980e+00
-1.729097272067749600e+02 2.992889967112307659e+02 -5.953799484109072893e+00
-1.729548419891146125e+02 2.992580636529123694e+02 -5.952560289689687423e+00
-1.730029556799055399e+02 2.992377801888465569e+02 -5.951941588476230116e+00
-1.730585170280252214e+02 2.992301832504786034e+02 -5.954105875884765808e+00
-1.731093242471251017e+02 2.992134411881251026e+02 -5.953711171324581386e+00
-1.731582339463285507e+02 2.991919694425266698e+02 -5.953035085263992165e+00
-1.732056133772643136e+02 2.991677393667262663e+02 -5.952190388927139253e+00
-1.732419444870050143e+02 2.991825587147635588e+02 -5.956394979329095563e+00
-1.732830288703295025e+02 2.991463679869803514e+02 -5.953821154846576924e+00
-1.733483054232140717e+02 2.991581813518466220e+02 -5.959163633403283811e+00
-1.734086439307258445e+02 2.991598610511076686e+02 -5.961890811440265558e+00
-1.734623097320761644e+02 2.991475476418989388e+02 -5.963774111531642497e+00
-1.735260678181201683e+02 2.991566712754033688e+02 -5.967950268652394641e+00
-1.735942252988611472e+02 2.991730333056061113e+02 -5.973574125625733977e+00
-1.736618468333324472e+02 2.992466704187481810e+02 -5.987368647346796635e+00
-1.737243224071637258e+02 2.992489006101998825e+02 -5.991149647678743584e+00
-1.737343645869216289e+02 2.991497568984602822e+02 -5.978759702429981004e+00
-1.737945241823934168e+02 2.991504723470545741e+02 -5.981431252973536949e+00
-1.738632872908430045e+02 2.991646228556864457e+02 -5.987940583400725103e+00
-1.739291933189206816e+02 2.991743579976073875e+02 -5.992172541396350027e+00
-1.740037317582863352e+02 2.992578314271348177e+02 -6.007584312655218639e+00
-1.740690791221734344e+02 2.992645586089167296e+02 -6.012645606491362926e+00
-1.727714396142621638e+02 3.008097058052149464e+02 -6.275869085271848391e+00
-1.727964241929052207e+02 3.007963465014914846e+02 -6.275390979102128952e+00
-1.728492684644006943e+02 3.007741466148118548e+02 -6.274715023139657788e+00
-1.729043655711925567e+02 3.007585888688608975e+02 -6.275431586671594175e+00
-1.726138264440098169e+02 2.999187650050052412e+02 -6.137785638177979841e+00
-1.725890844260152335e+02 2.997201494052515045e+02 -6.107507626821139013e+00
-1.726182846700688174e+02 2.996528903602135188e+02 -6.099084065104373842e+00
-1.726721334571475950e+02 2.996415578836332543e+02 -6.101023839568080476e+00
-1.727054117699642291e+02 2.996509047310940446e+02 -6.103892341126728738e+00
-1.731748369824387908e+02 3.005882188541877440e+02 -6.263823515516182994e+00
-1.732350546462167813e+02 3.005837796755112663e+02 -6.267211949551944272e+00
-1.732825954942430826e+02 3.005494783229157179e+02 -6.263807660416622625e+00
-1.733340928298801487e+02 3.005255068124681657e+02 -6.263019414426034714e+00
-1.733850390012191269e+02 3.004985754271407927e+02 -6.262061731599007253e+00
-1.734503992245921609e+02 3.005053690739075591e+02 -6.266125206966549399e+00
-1.734786165596134140e+02 3.004984521512171796e+02 -6.267038901056407596e+00
-1.735257788115040114e+02 3.004621185165711950e+02 -6.264519862112932103e+00
-1.735770928106373674e+02 3.004371641881062942e+02 -6.263675272469640731e+00
-1.736284069302440116e+02 3.004122079002226542e+02 -6.262830575509223507e+00
-1.736763030936702989e+02 3.003798190051108463e+02 -6.260537424367908166e+00
-1.737403798647893041e+02 3.003797193710730085e+02 -6.264205980979292931e+00
-1.737670777011121288e+02 3.003700993499627998e+02 -6.263952602396871683e+00
-1.738163106172270886e+02 3.003394286952106995e+02 -6.262769953941681678e+00
-1.738661043005498072e+02 3.003117694833437668e+02 -6.260758184300769358e+00
-1.739201018755350958e+02 3.002903031097911253e+02 -6.261136161032109015e+00
-1.739645795066153937e+02 3.002504759036314681e+02 -6.257394233750297019e+00
-1.740269441879420356e+02 3.002466406573515769e+02 -6.260838039380098863e+00
-1.740780746227255520e+02 3.002206996792501172e+02 -6.259936891445743612e+00
-1.740853435550808399e+02 3.001722723578880050e+02 -6.253327405725684685e+00
-1.741526578541333095e+02 3.001786355378400799e+02 -6.258388705097589266e+00
-1.741574786520084501e+02 3.000623631902981288e+02 -6.241991113220249687e+00
-1.739684390615922496e+02 2.995712396626140048e+02 -6.160766627012520757e+00
-1.739605955856094965e+02 2.994361114863908142e+02 -6.141191259116656198e+00
-1.739912441727232135e+02 2.993766398704393055e+02 -6.134215490410202420e+00
-1.740499279645657396e+02 2.993694255989750559e+02 -6.137434348274473095e+00
-1.725922533026790404e+02 2.997918708276807820e+02 -6.224687953682044750e+00
-1.726341515520754797e+02 2.997545825413316152e+02 -6.221060202043531717e+00
-1.726855641698099078e+02 2.997356251191937986e+02 -6.221550875319264762e+00
-1.727397915489299294e+02 2.997263288130807837e+02 -6.222605376186571391e+00
-1.727637898113561903e+02 2.997131375024866315e+02 -6.222126640868298253e+00
-1.728157537060838820e+02 2.996971418644440064e+02 -6.222786977320082791e+00
-1.728651067733881632e+02 2.996725824548117316e+02 -6.220942881628197085e+00
-1.729159077576218806e+02 2.996558056240535279e+02 -6.221547820003777929e+00
-1.729591404353939481e+02 2.996202243884705467e+02 -6.219029927121923151e+00
-1.730141644056423331e+02 2.996097416294161917e+02 -6.220027150465388566e+00
-1.730606404942109009e+02 2.995806560842446515e+02 -6.217902607148346306e+00
-1.730878719818081493e+02 2.995739070674653135e+02 -6.218815672093759517e+00
-1.731316557087272940e+02 2.995412837843583702e+02 -6.216467227749594038e+00
-1.732329622519652617e+02 2.995006753902901551e+02 -6.216281800185878836e+00
-1.732818761334578710e+02 2.994792261242856171e+02 -6.215606763939252488e+00
-1.733268219549866558e+02 2.994473822555062270e+02 -6.213313491325516580e+00
-1.733782348017951449e+02 2.994284286715817984e+02 -6.213804260219180087e+00
-1.734010702742007481e+02 2.994144542088534422e+02 -6.213270019507575626e+00
-1.735006735134438145e+02 2.993701599855662607e+02 -6.211861175614773245e+00
