-1.736502395920008439e+02 3.037981544033835348e+02 -5.028010933697053098e+00
-1.736770787656728317e+02 3.037068612596173125e+02 -5.022316660092940310e+00
-1.737241858846427363e+02 3.036646125193617536e+02 -5.019537835329761499e+00
-1.737610328676331619e+02 3.035999053138536965e+02 -5.015412889257470752e+00
-1.738100208775026658e+02 3.035623257434563129e+02 -5.013912674827117222e+00
-1.738645034692823401e+02 3.035379444019193897e+02 -5.013197426797360023e+00
-1.739121455419496272e+02 3.034985901822800543e+02 -5.011584758528634609e+00
-1.739288627747687030e+02 3.034625118413296718e+02 -5.008798233776044384e+00
-1.739907339561044921e+02 3.034560638922841918e+02 -5.009148701263726799e+00
-1.740474635133310244e+02 3.034383291465962884e+02 -5.009824389158840319e+00
-1.740863814020501934e+02 3.033793178953006304e+02 -5.006034897638631520e+00
-1.741723591289895126e+02 3.034261719324293836e+02 -5.011580251512627981e+00
-1.742333181253893031e+02 3.034147992491284072e+02 -5.011650635085514338e+00
-1.742997750690361443e+02 3.034166377338141842e+02 -5.012506642301142179e+00
-1.743491400972854422e+02 3.034525354934955885e+02 -5.017035901291455602e+00
-1.744192014296053799e+02 3.034628576472161399e+02 -5.018397193408564938e+00
-1.745335899804723283e+02 3.035642895236792356e+02 -5.028254174591465286e+00
-1.746230636745771392e+02 3.036135484809924492e+02 -5.033970386482662818e+00
-1.736055874340517562e+02 3.042223233023381113e+02 -5.157892470522223327e+00
-1.735118085727464461e+02 3.034409180190594384e+02 -5.095017060123632646e+00
-1.735249855469726583e+02 3.033197698539796079e+02 -5.085530118340501282e+00
-1.735659786328654945e+02 3.032664711895598089e+02 -5.082077100651859247e+00
-1.736200248098474219e+02 3.032452268612269108e+02 -5.081528870721697899e+00
-1.736773089642745447e+02 3.032304830280406804e+02 -5.081373281160863620e+00
-1.737277529465779651e+02 3.032007681909378221e+02 -5.080320348129173880e+00
-1.737903389970554429e+02 3.031981866131349648e+02 -5.081892347287968015e+00
-1.738166899278924689e+02 3.031866808497894112e+02 -5.081562181362047070e+00
-1.738751372077708481e+02 3.031727267900847664e+02 -5.081462998763964123e+00
-1.739221604110217356e+02 3.031355227075474659e+02 -5.079961151193232105e+00
-1.739843938516736728e+02 3.031310315766078816e+02 -5.080422951044724300e+00
-1.740401405458819966e+02 3.031134807822506332e+02 -5.081097683921858454e+00
-1.740970605863101923e+02 3.030967727316456717e+02 -5.080830261091003663e+00
-1.741558742882178876e+02 3.030847979745653902e+02 -5.080843436219387499e+00
-1.741970604280399471e+02 3.031039842283883559e+02 -5.083363463824387196e+00
-1.742507431949794920e+02 3.030807755556650704e+02 -5.082703341744235104e+00
-1.743143136192938414e+02 3.030780155671609464e+02 -5.084276437379044999e+00
-1.743809396673667891e+02 3.030807749824832058e+02 -5.086186413734330003e+00
-1.744506228496881022e+02 3.030890593406294897e+02 -5.088433442023924336e+00
-1.745124947268102176e+02 3.030826151489306994e+02 -5.088783899390958432e+00
-1.735337578636020339e+02 3.041425590184958878e+02 -5.265885296817955918e+00
-1.734305437964069370e+02 3.032551959292735546e+02 -5.188087914152321289e+00
-1.734884347238827900e+02 3.031667945196377900e+02 -5.181903959935567627e+00
-1.744839818291581537e+02 3.037369374340513559e+02 -5.254480267749415567e+00
-1.746011880672754444e+02 3.036282908011490349e+02 -5.248862995924413966e+00
-1.747030596435938889e+02 3.037005665236894743e+02 -5.256981499800597035e+00
-1.744897347483387193e+02 3.029766764800510259e+02 -5.190895067941958096e+00
-1.745285789426008591e+02 3.029227628591919483e+02 -5.187383946309761740e+00
-1.736337672728614336e+02 3.052990156535864230e+02 -5.499603812834839012e+00
-1.736874918938638643e+02 3.052595498732486590e+02 -5.498053378453747086e+00
-1.737021550827354019e+02 3.051189480972806791e+02 -5.485513779069913554e+00
-1.734804441383020048e+02 3.041299064049610479e+02 -5.389781665368216679e+00
-1.735003694474752933e+02 3.040177352191556679e+02 -5.379860754927389799e+00
-1.733644204013729677e+02 3.032117795744248951e+02 -5.304144731484710995e+00
-1.733872403756256801e+02 3.031152493752854866e+02 -5.296115249450337181e+00
-1.734386057228320794e+02 3.030905066209671759e+02 -5.294343592480462490e+00
-1.735158705501222585e+02 3.032002100512428342e+02 -5.307237412656826692e+00
-1.735623570648967586e+02 3.031601020779760916e+02 -5.304569009873173258e+00
-1.736268350412524910e+02 3.031622444195052140e+02 -5.306421282662224570e+00
-1.737218119284267459e+02 3.032357440151970991e+02 -5.315531290636589468e+00
-1.738090490028585009e+02 3.032894081554767922e+02 -5.322465809881853360e+00
-1.743721403098170697e+02 3.037432970569568624e+02 -5.378752740733329318e+00
-1.743905584891693650e+02 3.036394728506085130e+02 -5.370273879295873520e+00
-1.742617766490341467e+02 3.032184581591428696e+02 -5.328737039514175322e+00
-1.743236370203383672e+02 3.032119592950028846e+02 -5.330086011697469317e+00
-1.744519279707915018e+02 3.031357179528802703e+02 -5.327370808079859188e+00
-1.746174460116330351e+02 3.033430452608157566e+02 -5.350616145551644109e+00
-1.745251372491364918e+02 3.028827795525402280e+02 -5.306345187180914635e+00
-1.745593961512689702e+02 3.028205794176536187e+02 -5.302328407218671380e+00
-1.746082155373375713e+02 3.028535297789831020e+02 -5.306689967818906339e+00
-1.736394421322438575e+02 3.054896465405667527e+02 -5.640309328841247805e+00
-1.735808249414917839e+02 3.051509541678274218e+02 -5.606074892431442969e+00
-1.735385222742817461e+02 3.048619382864920908e+02 -5.576749255460129895e+00
-1.734842571083399889e+02 3.045467591271927859e+02 -5.544853895439490366e+00
-1.734470947964217373e+02 3.042800252500426268e+02 -5.518810377406718537e+00
-1.734158994813585934e+02 3.040345345355586346e+02 -5.493998043252695140e+00
-1.733854292650337925e+02 3.037929592815332285e+02 -5.469408569828129174e+00
-1.733335725983909583e+02 3.035842243891240742e+02 -5.448377122678954798e+00
-1.733164311532342197e+02 3.033816918703048486e+02 -5.428080223859684139e+00
-1.733124419191588856e+02 3.032172470505350930e+02 -5.412021394127392249e+00
-1.733263593031932714e+02 3.031000935015832169e+02 -5.401760003901893370e+00
-1.733625959017701916e+02 3.030375800284391516e+02 -5.396747006405774094e+00
-1.734149294945734709e+02 3.030125779138605822e+02 -5.395973796917729715e+00
-1.734659177324184043e+02 3.029858029848936098e+02 -5.395088136180479665e+00
-1.734905675749154739e+02 3.029705979830868614e+02 -5.393534688296613311e+00
-1.735430838580859358e+02 3.029465827077258382e+02 -5.392817557397528994e+00
-1.736018134088550084e+02 3.029396526468801198e+02 -5.394107798775205076e+00
-1.736556747022974321e+02 3.029174083231445138e+02 -5.393502834066642215e+00
-1.737119653047296595e+02 3.029027955611055063e+02 -5.394344792225896690e+00
-1.737635007974926964e+02 3.028789793607970751e+02 -5.393627319822124733e+00
-1.738179098153768507e+02 3.028596936821600707e+02 -5.393190484356530590e+00
-1.738488422237702196e+02 3.028564538282208218e+02 -5.393364924020829676e+00
-1.739037879301307612e+02 3.028400720403132027e+02 -5.394094643768157837e+00
-1.739599074505903218e+02 3.028245329044387972e+02 -5.393882297495965261e+00
-1.740243746174078581e+02 3.028266243333211492e+02 -5.396733030346934967e+00
-1.740816577321845102e+02 3.028118748841047818e+02 -5.396577091458574671e+00
-1.741410056943055338e+02 3.028027909017168326e+02 -5.397756224911489653e+00
-1.741965785322761349e+02 3.027842987481967612e+02 -5.397375890433282919e+00
-1.742297596405664990e+02 3.027877148585878331e+02 -5.398941694496717680e+00
-1.742925297706815400e+02 3.027861276232731598e+02 -5.400569960293744920e+00
-1.743513310489980199e+02 3.027740906167122148e+02 -5.401581224563829053e+00
-1.744135536804406854e+02 3.027695485747577209e+02 -5.403041454721444481e+00
-1.744889049544145223e+02 3.027919706491892384e+02 -5.407128395365167428e+00
-1.745408750179295225e+02 3.027650061642842161e+02 -5.406243132027800158e+00
-1.745813224822290692e+02 3.027802071696447115e+02 -5.409538051427331240e+00
-1.734024251467024555e+02 3.043194979196490522e+02 -5.632638599910587018e+00
-1.733767263821035840e+02 3.040872147574633004e+02 -5.608611690597761879e+00
-1.733330470783463966e+02 3.038127341123578162e+02 -5.579065692452090275e+00
-1.733174385350412479e+02 3.036129874792187593e+02 -5.558938517247767663e+00
-1.732526987194021615e+02 3.030653330640747072e+02 -5.501178292132781422e+00
-1.732906453603521868e+02 3.030065623386461198e+02 -5.496389690015967666e+00
-1.733440732485170770e+02 3.029874699741097857e+02 -5.495952432151943512e+00
-1.733984809906733346e+02 3.029681787146952274e+02 -5.495515395927261793e+00
-1.735147625081150693e+02 3.030963455646339071e+02 -5.512868545618528238e+00
-1.734864331193347766e+02 3.028828189308597985e+02 -5.489840224856996187e+00
-1.735089970838517672e+02 3.028618445776754697e+02 -5.488948757120311051e+00
-1.735677257048949116e+02 3.028549108053425130e+02 -5.490238963774400460e+00
-1.736149384725874256e+02 3.028187258359531029e+02 -5.487793669070528679e+00
-1.736664737402388710e+02 3.027949058004494418e+02 -5.487076043551609494e+00
-1.737297863889785674e+02 3.027962490925505676e+02 -5.488871376337279173e+00
-1.737843660206273739e+02 3.027778898778362304e+02 -5.489488785370459034e+00
-1.738112622479719960e+02 3.027693296451840297e+02 -5.489326122043319600e+00
-1.738607325473886362e+02 3.027398461087568649e+02 -5.487273411262772349e+00
-1.738878078650304246e+02 3.026608050024206022e+02 -5.480250079005462460e+00
-1.739816716210242191e+02 3.027283041278654991e+02 -5.491021695254724833e+00
-1.740448043546484485e+02 3.027286755709719728e+02 -5.492761623107940139e+00
-1.740954267448666144e+02 3.026999270601844501e+02 -5.491763626236914497e+00
-1.741549568255834970e+02 3.026918242092648370e+02 -5.492998578639730844e+00
-1.741858899279542356e+02 3.026885881036972137e+02 -5.493173171840259883e+00
-1.742484652904417999e+02 3.026859536506064501e+02 -5.495743584469733989e+00
-1.743097064461632044e+02 3.026816030534622541e+02 -5.497203226193417613e+00
-1.743804712645063830e+02 3.026957349490544971e+02 -5.500784414061374861e+00
-1.745047344280964126e+02 3.026856619797268877e+02 -5.503648690105897856e+00
-1.745728772530700610e+02 3.026911263474886482e+02 -5.506725443523987629e+00
-1.746169293506192162e+02 3.027148071039447359e+02 -5.510525420741442915e+00
-1.732361613205855804e+02 3.031029451160017629e+02 -5.620231962271426518e+00
-1.732461323862699771e+02 3.029754551061164989e+02 -5.607356693369990985e+00
-1.732418969949936525e+02 3.028151701569907459e+02 -5.590521662529872593e+00
-1.733868810359120118e+02 3.030159830501622764e+02 -5.616184621598589111e+00
-1.734017168883783029e+02 3.029037885580450506e+02 -5.605203850613841965e+00
-1.735231174996052346e+02 3.030431289098156071e+02 -5.624228374366611050e+00
-1.735133259082353163e+02 3.028748037359290493e+02 -5.605888610859889098e+00
-1.735275433799161817e+02 3.028362063581429311e+02 -5.601934370861957113e+00
-1.735876178267569117e+02 3.028310453231658244e+02 -5.603336850651560397e+00
-1.736456170742861502e+02 3.028201716907060472e+02 -5.604403050022269461e+00
-1.736971519959356272e+02 3.027963497859120707e+02 -5.603685258467848485e+00
-1.737515596265228339e+02 3.027770566137954802e+02 -5.603248056418205891e+00
-1.738044286340480085e+02 3.027549528189597368e+02 -5.603641022849221720e+00
-1.738639569794925137e+02 3.027468405954792274e+02 -5.604875621167263233e+00
-1.738956189858535595e+02 3.027475444335983639e+02 -5.605274280741681991e+00
-1.739503820018469469e+02 3.027301758064731985e+02 -5.605947921900050090e+00
-1.740097282293534136e+02 3.027210824547879611e+02 -5.607126641756597252e+00
-1.740673643016020833e+02 3.027082444361578268e+02 -5.608080919432062217e+00
-1.741270766031624930e+02 3.027011285080156426e+02 -5.609372009514348001e+00
-1.741881343745393451e+02 3.026957873232822749e+02 -5.610775419112844276e+00
-1.742461363992937038e+02 3.026849286908363865e+02 -5.611842113605284510e+00
-1.742806634456085533e+02 3.026901194545491194e+02 -5.613520297117601032e+00
-1.744151674465257145e+02 3.027024104221674747e+02 -5.619728398602422459e+00
-1.745698730682839539e+02 3.027524106898993637e+02 -5.631234601279577312e+00
-1.745457436916622385e+02 3.025725662467934285e+02 -5.611101051895973413e+00
-1.746052757334207968e+02 3.025644766068936065e+02 -5.612336451987120611e+00
-1.746877780965794500e+02 3.026640157373276452e+02 -5.625733193523688946e+00
-1.737819441429946892e+02 3.062119355345788563e+02 -6.087110967204782952e+00
-1.737544180780240026e+02 3.059477799511318494e+02 -6.056308797867353988e+00
-1.736279702913432175e+02 3.055173459976841741e+02 -6.003259663120655176e+00
-1.734969588873036059e+02 3.048149247005729308e+02 -5.919241746257625891e+00
-1.734548091352468475e+02 3.045322084736211536e+02 -5.886256656134628784e+00
-1.734276878521120864e+02 3.042922267105389551e+02 -5.858787353548779997e+00
-1.733908726399084799e+02 3.040328378666152389e+02 -5.828142307332201177e+00
-1.733445348044046455e+02 3.037549721443534736e+02 -5.795376094054669913e+00
-1.732642139546604767e+02 3.034748517394788223e+02 -5.761098667665134343e+00
-1.732561116043594041e+02 3.032991646060015682e+02 -5.741372648474775353e+00
-1.732742708588350808e+02 3.031884314821512021e+02 -5.729507860659719398e+00
-1.732874913955010356e+02 3.030675005037742835e+02 -5.716027138018120013e+00
-1.733373175478740791e+02 3.030399414189876666e+02 -5.715085389889846823e+00
-1.733750923013049885e+02 3.029802386586499097e+02 -5.709242163980396967e+00
-1.734872258400807823e+02 3.030255424976074892e+02 -5.719007293537246461e+00
-1.735361507301051631e+02 3.029931115112574957e+02 -5.716787033356139247e+00
-1.735674493148289059e+02 3.029204000566152217e+02 -5.710158042153505420e+00
-1.736220398602370381e+02 3.029020975556476856e+02 -5.709777131319561327e+00
-1.736762654937766399e+02 3.028818212894215094e+02 -5.709284063728778946e+00
-1.737272536094155271e+02 3.028550483198320649e+02 -5.708398509094356754e+00
-1.737888464542290308e+02 3.028525996840986636e+02 -5.710968192252945386e+00
-1.738136678395588888e+02 3.028383248544380990e+02 -5.710469083103031807e+00
-1.738694215104182490e+02 3.028208121269521484e+02 -5.710144579231839046e+00
-1.739238305283024033e+02 3.028015264483151441e+02 -5.709707743766244903e+00
-1.739884801610333795e+02 3.028046008844835342e+02 -5.712614342579435345e+00
-1.740377584693898712e+02 3.027740851270305029e+02 -5.711504333264657340e+00
-1.741005268642325348e+02 3.027724885191548196e+02 -5.713132244976908858e+00
-1.741319971226299117e+02 3.027721562109657043e+02 -5.714473512834623570e+00
-1.741889036998164215e+02 3.027553802948498856e+02 -5.715203829817944836e+00
-1.742518451370156924e+02 3.027547232685658400e+02 -5.717886553161566354e+00
-1.743108279435139423e+02 3.027436694429380282e+02 -5.718953682551708440e+00
-1.743696296920118698e+02 3.027316323560808087e+02 -5.719964828219691100e+00
-1.744318523227967432e+02 3.027270903108626499e+02 -5.721425117888897738e+00
-1.744936997003829333e+02 3.027205234976519819e+02 -5.723771770795856639e+00
-1.745314669169863464e+02 3.027322279110646832e+02 -5.725843280622738618e+00
-1.745996100892776042e+02 3.027376941546440889e+02 -5.728920081053146873e+00
-1.746578653803981354e+02 3.027227078853364333e+02 -5.729763391630264380e+00
-1.736730704968786370e+02 3.056628192634049128e+02 -6.166979791051096171e+00
-1.736234469612927569e+02 3.053452032754458401e+02 -6.126990350194517987e+00
-1.735289704628448817e+02 3.050050735797345851e+02 -6.083255783132052841e+00
-1.734774774237571080e+02 3.046938458265539680e+02 -6.044597146014337952e+00
-1.734332837334434032e+02 3.044055699799641843e+02 -6.008279977652850157e+00
-1.734029567778442242e+02 3.041592463368239123e+02 -5.977422199380257872e+00
-1.733408788937705935e+02 3.038347913833176221e+02 -5.936918490346324795e+00
-1.733642432396826791e+02 3.037301983486958079e+02 -5.925448560009011878e+00
-1.732884299194417110e+02 3.033809897871208818e+02 -5.881430869666637307e+00
-1.732190230370702295e+02 3.031323540487196055e+02 -5.849001496237359987e+00
-1.732362109246952855e+02 3.030218634256161749e+02 -5.836137421248468016e+00
-1.732611265478025189e+02 3.029311478793664492e+02 -5.826447060410083090e+00
-1.733088877312829368e+02 3.028979252903926636e+02 -5.824170286531773932e+00
-1.733598745811731021e+02 3.028711428646823833e+02 -5.823284318722066644e+00
-1.734095161870161803e+02 3.028425895340221814e+02 -5.822286124999704882e+00
-1.734392844293211056e+02 3.028385542856756842e+02 -5.822403897641114767e+00
-1.735175102628599859e+02 3.028765171508655385e+02 -5.830379770484471535e+00
-1.735346113379660551e+02 3.027710581578986648e+02 -5.818792045622757314e+00
-1.735878553742361703e+02 3.027509752991239793e+02 -5.818298436189281553e+00
-1.737220182709847336e+02 3.027724121392827783e+02 -5.826006003405209022e+00
-1.737942149072411837e+02 3.027942880110524584e+02 -5.832030923514644805e+00
-1.738190366385730385e+02 3.027800150506822092e+02 -5.831531980400233905e+00
-1.738685069393052629e+02 3.027505315207823173e+02 -5.829479150596503345e+00
-1.739181492397835314e+02 3.027219819417574627e+02 -5.828481050898778548e+00
-1.739759671855581473e+02 3.027101289700870552e+02 -5.829491419241394468e+00
-1.740404341285797614e+02 3.027122165703015639e+02 -5.832341879954033637e+00
-1.740929501792907104e+02 3.026882013481433091e+02 -5.831624570309633881e+00
-1.740888663129664167e+02 3.025452132244010954e+02 -5.814737457377143315e+00
-1.742175479480669082e+02 3.027513960411328071e+02 -5.844512794320554150e+00
-1.742229856644056554e+02 3.026268791748030935e+02 -5.829746588388877271e+00
-1.742775662164590074e+02 3.026085275501828846e+02 -5.830364185050251002e+00
-1.743388074943864581e+02 3.026041749936611609e+02 -5.831823720671105882e+00
-1.744023636399334976e+02 3.026013453539157467e+02 -5.834394449175100306e+00
-1.744634121079861586e+02 3.025959587743194561e+02 -5.836796876874690732e+00
-1.745467359995730874e+02 3.026339904774467300e+02 -5.844833472506068439e+00
-1.745759596419790114e+02 3.026270134598331651e+02 -5.844783658038559260e+00
-1.746604483936317536e+02 3.026658443057393129e+02 -5.852877074229056120e+00
-1.737320057635237447e+02 3.059817902139811849e+02 -6.311311799472203887e+00
-1.736803354646127104e+02 3.056586028936631578e+02 -6.268990859049599962e+00
-1.736476363767800706e+02 3.053884658696969723e+02 -6.234798175241246909e+00
-1.735361875115501391e+02 3.050060830435347725e+02 -6.183549211359833819e+00
-1.734867908152942562e+02 3.047006736916154637e+02 -6.143229848974337770e+00
-1.734338887193235905e+02 3.043928198740560447e+02 -6.103738697389600176e+00
-1.734039367918115317e+02 3.041485171637131089e+02 -6.071994402764108401e+00
-1.733548420072096974e+02 3.038612328678336212e+02 -6.034674753169431582e+00
-1.733313778712221165e+02 3.036409962179155855e+02 -6.006325548851963347e+00
-1.732534429421438631e+02 3.032913064265019329e+02 -5.960254198801193226e+00
-1.732397800233607086e+02 3.031789998109710496e+02 -5.945938008089962423e+00
-1.732575154003367857e+02 3.030714678731143863e+02 -5.933242121645089462e+00
-1.732879152628728718e+02 3.029938995472797387e+02 -5.925335351347177593e+00
-1.733294745633532159e+02 3.029436483805048397e+02 -5.920052707211288734e+00
-1.733717403498911835e+02 3.028972257793878953e+02 -5.916990815353697641e+00
-1.734179738340480696e+02 3.028612454060984760e+02 -5.914545677672723656e+00
-1.734706710742867415e+02 3.028382076071850406e+02 -5.913884092743048271e+00
-1.735006220063010574e+02 3.028351591947924248e+02 -5.914058003485009429e+00
-1.735498989260449605e+02 3.028046359373324776e+02 -5.912947746609366284e+00
-1.736031437778406996e+02 3.027845548642882250e+02 -5.912454244120882052e+00
-1.737196905890705523e+02 3.027657642015298620e+02 -5.914754606911929002e+00
-1.737746347859280718e+02 3.027493768795201277e+02 -5.915484066178036571e+00
-1.738172745618894055e+02 3.027049696000659083e+02 -5.911535219372632710e+00
-1.738381381333594504e+02 3.026802997633193399e+02 -5.909420504191048806e+00
-1.739101531185703209e+02 3.027011944102698067e+02 -5.915389724794845705e+00
-1.739766843358493418e+02 3.027089417630362504e+02 -5.919575117232885653e+00
-1.740273177620328511e+02 3.026802480066179442e+02 -5.917578694391907312e+00
-1.740853188676982768e+02 3.026693817906052004e+02 -5.918645082232972143e+00
-1.741345956665517747e+02 3.026388604990501108e+02 -5.917534812436974434e+00
-1.742670584744010682e+02 3.027830310349020237e+02 -5.940954077238373543e+00
-1.742417558769699326e+02 3.026627920413737911e+02 -5.925070929883012205e+00
-1.743043317089811239e+02 3.026601575047230881e+02 -5.927641283421976048e+00
-1.743617867045867342e+02 3.026463439820775534e+02 -5.928539883184493320e+00
-1.744422354593018269e+02 3.026798338381222493e+02 -5.936295262666907213e+00
-1.744959161456248466e+02 3.026566139268113034e+02 -5.935634560954887284e+00
-1.745596562466299702e+02 3.026547805791406063e+02 -5.938261840734718078e+00
-1.746296823920818611e+02 3.026649272393249817e+02 -5.942617682350840980e+00
-1.747019079105861294e+02 3.027419251290689886e+02 -5.955665487338069219e+00
-1.737085615564807881e+02 3.058667706512690074e+02 -6.434950563227253895e+00
-1.736978173430935328e+02 3.056493056456012027e+02 -6.405894375030499077e+00
-1.737506561353520453e+02 3.056050451616237069e+02 -6.402067983566121612e+00
-1.738204784445582334e+02 3.056030944882231211e+02 -6.404757490729332758e+00
-1.734360785476133628e+02 3.043393171001249016e+02 -6.225027987775839655e+00
-1.733989444149018198e+02 3.040781847969462319e+02 -6.190277541320753585e+00
-1.733489687052674526e+02 3.037861287389445124e+02 -6.149682114136968636e+00
-1.733023165082807111e+02 3.035065406361823079e+02 -6.111810395056421541e+00
-1.732563196495589182e+02 3.032359842556883791e+02 -6.074441106154607084e+00
-1.732638875271903771e+02 3.031009927540544027e+02 -6.058123115395813940e+00
-1.732662505697213646e+02 3.030313081944395321e+02 -6.048325783824887836e+00
-1.732966493922780842e+02 3.029537342509428868e+02 -6.040418693955245999e+00
-1.733442282313933163e+02 3.029195266920418703e+02 -6.038086007523478571e+00
-1.733912706177806626e+02 3.028824152055270247e+02 -6.034586647066147336e+00
-1.734441392779882563e+02 3.028603095348736929e+02 -6.034979566484844682e+00
-1.734979312724751992e+02 3.028431852745221704e+02 -6.034654146016468879e+00
-1.735451442633058434e+02 3.028070041305369955e+02 -6.032209182962518845e+00
-1.735720406121986912e+02 3.027984419352435452e+02 -6.032046473044141877e+00
-1.736247379646642628e+02 3.027754060522959207e+02 -6.031384994427836155e+00
-1.736776174357256366e+02 3.027533513008165755e+02 -6.030779334761431798e+00
-1.737357883389722986e+02 3.027434097597324012e+02 -6.032899919667872091e+00
-1.737909259155025552e+02 3.027280621587555061e+02 -6.032686925029075553e+00
-1.738606830223295105e+02 3.027422535001897472e+02 -6.038263455185639117e+00
-1.739048510800226666e+02 3.027006058407206410e+02 -6.034482959894166498e+00
-1.739486255348625150e+02 3.027282896580445026e+02 -6.040502321196654201e+00
-1.739891896532834608e+02 3.026781659958514865e+02 -6.036216921623484666e+00
-1.740589595313481084e+02 3.026924214642158972e+02 -6.040795379894870365e+00
-1.741082376159086493e+02 3.026619018780949659e+02 -6.039685098441761824e+00
-1.741662384771619827e+02 3.026510395808373346e+02 -6.040751698488484145e+00
-1.742272856807815344e+02 3.026456435516475381e+02 -6.043153593989606165e+00
-1.742750989703736195e+02 3.026786647005484383e+02 -6.049510778531276500e+00
-1.743240225873013287e+02 3.026462281464755506e+02 -6.047290079544715979e+00
-1.743835428984593818e+02 3.026380800005712217e+02 -6.049523811581180688e+00
-1.744503274836944797e+02 3.026417055045213260e+02 -6.053486198345055413e+00
-1.745144332098460325e+02 3.026418419165306091e+02 -6.056225423097147953e+00
-1.745842759696377584e+02 3.026509979825984828e+02 -6.060525151611265926e+00
-1.746736926295620549e+02 3.026999757703844693e+02 -6.071232962690224610e+00
-1.736612987081848587e+02 3.055349905509821156e+02 -6.509391943213535647e+00
-1.737239386899855447e+02 3.055162122441233237e+02 -6.509075404649982133e+00
-1.737833420922749497e+02 3.054909370635178902e+02 -6.508366320373359493e+00
-1.738337401916029421e+02 3.054389883843932125e+02 -6.504091444510391007e+00
-1.738630427298428458e+02 3.054269418319961460e+02 -6.503764724112437889e+00
-1.739289087260286806e+02 3.054146055674822264e+02 -6.504838979118213516e+00
-1.732208825380940311e+02 3.033033472316645884e+02 -6.188898994001641007e+00
-1.732505784534178872e+02 3.032219653640157162e+02 -6.178772323406171552e+00
-1.732681432172871041e+02 3.031135069654999938e+02 -6.165022132950932487e+00
-1.733238972428120519e+02 3.030959922254337471e+02 -6.164697701722225531e+00
-1.733336134516247284e+02 3.030440655983949796e+02 -6.158960813491986208e+00
-1.733779669723055861e+02 3.030034197553117110e+02 -6.155237308492344184e+00
-1.734265268295710314e+02 3.029690169696079352e+02 -6.152904878634045005e+00
-1.734744710494205719e+02 3.029367830891420112e+02 -6.150684349380196814e+00
-1.735233952474409875e+02 3.029043483642113870e+02 -6.148463757128087792e+00
-1.735740186856442620e+02 3.028756015859515287e+02 -6.147466045947368229e+00
-1.736039588054891851e+02 3.028725022478575966e+02 -6.148638654797612624e+00
-1.736537956491411876e+02 3.028449960546772104e+02 -6.146698195640702522e+00
-1.737080097778496111e+02 3.028246651209053084e+02 -6.147203553598792780e+00
-1.737605256027912333e+02 3.028006460602882157e+02 -6.146486150350837008e+00
-1.738187090515062323e+02 3.027907648076753730e+02 -6.147608569768541642e+00
-1.738782265854391369e+02 3.027826016617571554e+02 -6.149841806683275180e+00
-1.739312895444084006e+02 3.027615432957034045e+02 -6.149292578848443824e+00
-1.739629418005111461e+02 3.027621940848874829e+02 -6.150689652735707114e+00
-1.740340461104534882e+02 3.027781695325004989e+02 -6.156379035028029634e+00
-1.740780321730724722e+02 3.027355387887128018e+02 -6.152542495660643596e+00
-1.741353042518837810e+02 3.027207345851272180e+02 -6.153384982742236886e+00
-1.742576741698790386e+02 3.028433601691001513e+02 -6.176511921781724368e+00
-1.743170238666146474e+02 3.028342855560094904e+02 -6.177691468831005395e+00
-1.745158120330276859e+02 3.031115326414725928e+02 -6.224171987841867981e+00
-1.745002150972393054e+02 3.030107592445813225e+02 -6.210466073637146422e+00
-1.746648730649662298e+02 3.032134989962017926e+02 -6.245469167107725816e+00
-1.747794198404703820e+02 3.033103309569344219e+02 -6.264089785166873980e+00
-1.746082743999061790e+02 3.028306744091091218e+02 -6.191821303839809332e+00
-1.746840268890348966e+02 3.028497878382731869e+02 -6.198736241223413046e+00
-1.747346649479485166e+02 3.028211164852612001e+02 -6.196740740020885596e+00
-1.734222413860054246e+02 3.043261141264833327e+02 -6.451502456998310819e+00
-1.734560402096969653e+02 3.043273725571696104e+02 -6.452957178135529048e+00
-1.735160809691376471e+02 3.043110407589357465e+02 -6.453747210480365482e+00
-1.732999714003823897e+02 3.035993734332590748e+02 -6.344220637000988816e+00
-1.732338675326952000e+02 3.032751113318510079e+02 -6.295669642507620622e+00
-1.732412871022677905e+02 3.031393028283573585e+02 -6.276300615032276653e+00
-1.732994588197244639e+02 3.031293630664763441e+02 -6.278421425906890896e+00
-1.733538679491776975e+02 3.031100793005414289e+02 -6.277984756266256738e+00
-1.738186676307948630e+02 3.041598007282366325e+02 -6.446903729447278408e+00
-1.738771810402030269e+02 3.041407130312957747e+02 -6.447525266466994864e+00
-1.739332661799429331e+02 3.041139993870565945e+02 -6.446700259702215163e+00
-1.739902630362463469e+02 3.040922105663441357e+02 -6.446155291797457387e+00
-1.740557889654996018e+02 3.040890297032761964e+02 -6.448728889894761451e+00
-1.741071192393245894e+02 3.040531086987488152e+02 -6.446344299872889039e+00
-1.741618596051988561e+02 3.040246240692633819e+02 -6.445406948593353391e+00
-1.741886584458500522e+02 3.040100398364186844e+02 -6.443911536557266118e+00
-1.742466251714536725e+02 3.039879991153048877e+02 -6.444365204394151725e+00
-1.743015471870579063e+02 3.039604957041113948e+02 -6.443483671643437383e+00
-1.743583620482871481e+02 3.039377237990803451e+02 -6.442882659662765299e+00
-1.744146295337078527e+02 3.039119951312956687e+02 -6.442113446428260559e+00
-1.744714443949370946e+02 3.038892232262646758e+02 -6.441512434447588475e+00
-1.745224084764489021e+02 3.038513267771537016e+02 -6.439015223233257146e+00
-1.745491970960026151e+02 3.038366895724065557e+02 -6.438518403623705311e+00
-1.746071637007157733e+02 3.038146508171975597e+02 -6.438972058540237242e+00
-1.746575123805602630e+02 3.037789232364399368e+02 -6.436586629117714509e+00
-1.747192654920489758e+02 3.037663492792863167e+02 -6.437601432519323374e+00
-1.747755326308098915e+02 3.037406187389476031e+02 -6.436832112760908942e+00
-1.748321541149976213e+02 3.037168071259384305e+02 -6.437173316638775233e+00
-1.747013256663196330e+02 3.033066057172987371e+02 -6.373170300770226504e+00
-1.745808772198240035e+02 3.029909771976151092e+02 -6.323476507749014708e+00
-1.745943205407814105e+02 3.028822361889937156e+02 -6.309664665974777265e+00
-1.746508663699637225e+02 3.028635089978491237e+02 -6.310283747418631961e+00
-1.747108342429605727e+02 3.028522805033643408e+02 -6.311352245844201292e+00
-1.731922732581683704e+02 3.031223514746980072e+02 -6.388992872025224479e+00
-1.732449722317060150e+02 3.030993230385545303e+02 -6.388331819715099336e+00
-1.732995635906663381e+02 3.030810223135264323e+02 -6.387951194360919516e+00
-1.733426407086845416e+02 3.030334817201166402e+02 -6.383835587347974183e+00
-1.733710648691278209e+02 3.030276792251046345e+02 -6.383841347545631706e+00
-1.734285175550585336e+02 3.030138506090942769e+02 -6.384739571630682065e+00
-1.734798712845490627e+02 3.029890512680008783e+02 -6.383966293407902448e+00
-1.735287961758890560e+02 3.029566202881782147e+02 -6.381745914203612813e+00
-1.735816770249260230e+02 3.029345769087854592e+02 -6.381140774025864104e+00
-1.736355387872343101e+02 3.029123324982263057e+02 -6.380535809738382191e+00
-1.736834828875090295e+02 3.028801005901925691e+02 -6.378315148540997015e+00
-1.737109836014460598e+02 3.028693147689128864e+02 -6.379039142312357136e+00
-1.737642300656503096e+02 3.028492450245434497e+02 -6.378546159523067693e+00
-1.738180917070681346e+02 3.028270025798891538e+02 -6.377941182315232105e+00
-1.738728542528800745e+02 3.028096340330602061e+02 -6.378614942075701677e+00
-1.739202507515769298e+02 3.027744415238139482e+02 -6.376225986020927827e+00
-1.739809318811425669e+02 3.027670680710810984e+02 -6.378515511296311224e+00
-1.740305859115635201e+02 3.027385769947970857e+02 -6.376519139164861016e+00
-1.740605278895446588e+02 3.027354850731501301e+02 -6.377691936485461177e+00
-1.741090865946038377e+02 3.027010747538186592e+02 -6.375359080742063256e+00
-1.741467883487062238e+02 3.026464733780005076e+02 -6.369794274111567844e+00
-1.742178830112957826e+02 3.026624015712511664e+02 -6.376482329934709981e+00
-1.742654611610382460e+02 3.026281902868241218e+02 -6.374149073385574127e+00
-1.743177948700152342e+02 3.026031901077932957e+02 -6.373375613141350371e+00
-1.743278001012581058e+02 3.025583217112894658e+02 -6.368028759023395935e+00
-1.743953148755327618e+02 3.025658888610968233e+02 -6.372215260015643423e+00
-1.744316694265197611e+02 3.025095033790998968e+02 -6.366537601249388167e+00
-1.745001538256825313e+02 3.025168225472610288e+02 -6.371722950188937418e+00
-1.745511420661586612e+02 3.024900476313486593e+02 -6.370837051405320750e+00
-1.745905520171083367e+02 3.024391777245102730e+02 -6.365496001221211841e+00
-1.746544630791957218e+02 3.024382727165798883e+02 -6.369177572512136010e+00
