-1.743503013209052028e+02 3.082466941582671893e+02 -5.315284897622015947e+00
-1.742680690392807605e+02 3.076652422510662745e+02 -5.270331926726575134e+00
-1.742224006180579181e+02 3.074550439086216329e+02 -5.253241960281223477e+00
-1.742264376488840298e+02 3.069447579638726893e+02 -5.215168561764913058e+00
-1.742648824221101620e+02 3.068715995790425950e+02 -5.210563979869457185e+00
-1.743149836517565348e+02 3.068287318683464946e+02 -5.208758219580960969e+00
-1.743669700416394051e+02 3.067905967574820352e+02 -5.207233959023129799e+00
-1.743959183767019567e+02 3.067765514541311518e+02 -5.206781128355829402e+00
-1.744409188898371781e+02 3.067225002998293917e+02 -5.203301453819116240e+00
-1.744908490148802400e+02 3.066786948782539639e+02 -5.200440603669219009e+00
-1.745543119414319619e+02 3.066698708607297590e+02 -5.201659101169276767e+00
-1.746191288638574974e+02 3.066628787276687831e+02 -5.201991861218443702e+00
-1.746794530654430559e+02 3.066424803085943722e+02 -5.201536590405580363e+00
-1.747420128751845425e+02 3.066287299591554643e+02 -5.202473716722988861e+00
-1.747790436287874627e+02 3.066365766922236844e+02 -5.203315807569699025e+00
-1.748465354567247800e+02 3.066330851937372586e+02 -5.204872388427481233e+00
-1.749196833285418222e+02 3.066437972074622280e+02 -5.207273655234982535e+00
-1.750081693138801313e+02 3.066882357308322753e+02 -5.211701776483280923e+00
-1.750874120579244959e+02 3.067100039077583915e+02 -5.214779152500680581e+00
-1.751780325153215472e+02 3.067549966846441407e+02 -5.220262788868883064e+00
-1.742253357567394971e+02 3.076933497420275216e+02 -5.377573864826590722e+00
-1.751975488891796999e+02 3.072334142196887683e+02 -5.362004515074751509e+00
-1.751118383852837894e+02 3.065775358515330709e+02 -5.308914442837631142e+00
-1.743288827822779297e+02 3.087576198299633461e+02 -5.593582865097202372e+00
-1.741211538812467836e+02 3.077247182127692895e+02 -5.501341824941571090e+00
-1.740225664376773125e+02 3.067601654809993761e+02 -5.417081867175312482e+00
-1.741755830626791237e+02 3.067239730385028338e+02 -5.417785598246453560e+00
-1.742277594384231350e+02 3.066868688405335206e+02 -5.415318716222368600e+00
-1.742923828271294440e+02 3.066788251319249525e+02 -5.416593203347783714e+00
-1.749913780178594891e+02 3.072742327658811519e+02 -5.483161554131077864e+00
-1.750315288454571885e+02 3.072048291936937403e+02 -5.478782396838949076e+00
-1.753299924532908278e+02 3.071577186120194938e+02 -5.482495501082777167e+00
-1.753005100984053399e+02 3.069359595963919105e+02 -5.462946932009623779e+00
-1.751386581859353839e+02 3.064304648009245398e+02 -5.416294377097199408e+00
-1.751734431580093769e+02 3.064316102251560778e+02 -5.416742485358581050e+00
-1.742880321557962020e+02 3.087739911747776773e+02 -5.737258015698673219e+00
-1.742259870627221403e+02 3.084134773764158126e+02 -5.702692524318130118e+00
-1.741477232766780219e+02 3.080144265131826273e+02 -5.663822171580800813e+00
-1.740881042590701497e+02 3.077614093118255028e+02 -5.639211043943623380e+00
-1.740496400882281023e+02 3.074795790247532636e+02 -5.613247536896999179e+00
-1.740197908781174192e+02 3.072225401708236063e+02 -5.588745087896460184e+00
-1.739755970229012974e+02 3.069316437798341894e+02 -5.561217780244487763e+00
-1.739609976576513475e+02 3.067244912104291075e+02 -5.541635333594390644e+00
-1.739732741300948931e+02 3.065862655517065036e+02 -5.530152992736567796e+00
-1.739850260883771682e+02 3.065338993611638898e+02 -5.525396248386023501e+00
-1.740447271799556006e+02 3.065156462532286810e+02 -5.525052622829848659e+00
-1.741107942440377769e+02 3.065154732968077269e+02 -5.526776709975147028e+00
-1.741785652825774093e+02 3.065190477790644650e+02 -5.528725986406355375e+00
-1.742107430323833626e+02 3.064338937785950066e+02 -5.522390053154322409e+00
-1.742655140435367969e+02 3.064053950264443529e+02 -5.521427558160133309e+00
-1.743344469207964096e+02 3.064097573214779118e+02 -5.523433044029192551e+00
-1.743503159758103322e+02 3.063687531050962889e+02 -5.520349259979630219e+00
-1.744016894320060374e+02 3.063328165593331960e+02 -5.517937962335332180e+00
-1.744634452910031257e+02 3.063202282403550498e+02 -5.518930396590568499e+00
-1.745165225035279661e+02 3.062880353010286854e+02 -5.516744074600348213e+00
-1.745772985072584333e+02 3.062756500001187874e+02 -5.517736796829295187e+00
-1.747360141240073972e+02 3.064812554238639564e+02 -5.540831930298518060e+00
-1.748338892618595821e+02 3.065491770336745958e+02 -5.549662001288821145e+00
-1.748633799681460914e+02 3.065380913181194842e+02 -5.549378061412592267e+00
-1.749066842755460698e+02 3.064803328543156908e+02 -5.544674004114681587e+00
-1.749595725352068598e+02 3.064471146328602913e+02 -5.543430416378209991e+00
-1.749984751779980456e+02 3.063819962554485414e+02 -5.539273870623857121e+00
-1.750353215549671404e+02 3.063112075624055706e+02 -5.533780824543510057e+00
-1.751477316614725908e+02 3.062587642949989686e+02 -5.532137588354901325e+00
-1.751989965632873805e+02 3.062943232968504503e+02 -5.536666177830779745e+00
-1.739179249146533266e+02 3.066010813034154125e+02 -5.646538431409032555e+00
-1.739614122355567645e+02 3.065443192864618140e+02 -5.641891252108389487e+00
-1.740323980487450513e+02 3.065543350658950317e+02 -5.645232572422949957e+00
-1.740759603941534692e+02 3.065811657936075108e+02 -5.649195956584811107e+00
-1.740915741590505661e+02 3.064555873671902191e+02 -5.637445646786174436e+00
-1.741552141457782739e+02 3.064477260197378428e+02 -5.638719423351544080e+00
-1.742118697392594981e+02 3.064239580381691326e+02 -5.638038305976262876e+00
-1.742645855172604570e+02 3.063897945995131522e+02 -5.635739453198931770e+00
-1.743310148133770952e+02 3.063915978112929110e+02 -5.637576272975824310e+00
-1.743886397283166616e+02 3.063675755721656628e+02 -5.637893433202566307e+00
-1.744222604701212447e+02 3.063679161819275123e+02 -5.638284637226572471e+00
-1.744841977338443542e+02 3.063563168604445082e+02 -5.639333521170003749e+00
-1.745412148722234065e+02 3.063345213008862515e+02 -5.638764922376322097e+00
-1.745988514633599493e+02 3.063105578497758756e+02 -5.638083706875384848e+00
-1.746638357098274810e+02 3.063044828169876155e+02 -5.639470498532404008e+00
-1.747238997068207595e+02 3.062882135118304632e+02 -5.639239795037717329e+00
-1.747854770363881016e+02 3.062746492275325636e+02 -5.640176410176479749e+00
-1.748243809317720263e+02 3.062871679058809491e+02 -5.642298150435107296e+00
-1.748855963591169882e+02 3.062716332148645506e+02 -5.643122115347169121e+00
-1.749538103692929099e+02 3.062720789704873141e+02 -5.644903513973820175e+00
-1.750182545276766177e+02 3.062630594387559313e+02 -5.646121943312661706e+00
-1.751643464253497484e+02 3.062833845006300635e+02 -5.652864670780230583e+00
-1.752702737531501498e+02 3.063619480583184895e+02 -5.663370900695461785e+00
-1.752126776972526727e+02 3.061643173749321818e+02 -5.642837435931411072e+00
-1.739514384744682616e+02 3.072779344066172484e+02 -5.829413896162185083e+00
-1.739140719041475620e+02 3.065750625283529871e+02 -5.756237865815662325e+00
-1.739043311502846336e+02 3.063833061710690231e+02 -5.736555833647782876e+00
-1.740253181347611644e+02 3.065218124164237565e+02 -5.754538124832992096e+00
-1.740405807644385163e+02 3.063943147731924341e+02 -5.741676718462429108e+00
-1.741511631437971914e+02 3.065869903881702498e+02 -5.764529613293384536e+00
-1.741317476365461516e+02 3.063757473742327306e+02 -5.742665990440546153e+00
-1.741919796586380187e+02 3.063603950279714354e+02 -5.743489542346132737e+00
-1.742471224049292857e+02 3.063339180642263955e+02 -5.741640893332812468e+00
-1.743018923853777835e+02 3.063054136927904096e+02 -5.740678077263630108e+00
-1.743600704395262539e+02 3.062844022362837677e+02 -5.740165592670148698e+00
-1.744208450676736959e+02 3.062720094364330521e+02 -5.741158005820530263e+00
-1.744561585787117508e+02 3.062760386206456360e+02 -5.742772596744146973e+00
-1.745182757467927388e+02 3.062654227601429398e+02 -5.743877668393329472e+00
-1.745762734282299391e+02 3.062434279319869006e+02 -5.743308936165219869e+00
-1.746366877779983895e+02 3.062290682929460104e+02 -5.744189032996649402e+00
-1.746999672380867707e+02 3.062192440377159528e+02 -5.745350468413882972e+00
-1.747583273860625752e+02 3.061992253347352744e+02 -5.744894469026450068e+00
-1.748038557248163158e+02 3.062256895629316205e+02 -5.748858988333099163e+00
-1.748650704643697509e+02 3.062101511224448132e+02 -5.749682798705878284e+00
-1.749266586569025890e+02 3.061966438358391542e+02 -5.749620990184516778e+00
-1.750979079730066132e+02 3.062709834273413207e+02 -5.763622889420665807e+00
-1.751106782658219743e+02 3.061520728725366780e+02 -5.751207432144108900e+00
-1.752514386897017857e+02 3.063041413327924829e+02 -5.771154400729099798e+00
-1.752063059003805563e+02 3.061356562029811812e+02 -5.753365248995618408e+00
-1.738620546343782962e+02 3.067966409959400380e+02 -5.903076773406906952e+00
-1.738533838734769006e+02 3.066883518907820871e+02 -5.891007592228696410e+00
-1.738576259866272267e+02 3.065284806981331940e+02 -5.874237780900141814e+00
-1.739067543469572001e+02 3.064858465823430720e+02 -5.871432848619616784e+00
-1.739557022248567932e+02 3.064422271755029215e+02 -5.868571621399261140e+00
-1.740144220862404438e+02 3.064241695899753495e+02 -5.868227915227517855e+00
-1.740727805131002128e+02 3.064041415051181616e+02 -5.867771678268664637e+00
-1.741029924934132964e+02 3.063969854504802015e+02 -5.867712396277688036e+00
-1.741579435343646196e+02 3.063694682001640217e+02 -5.866805982382415685e+00
-1.742094868464940305e+02 3.063344599145740403e+02 -5.865449225015013646e+00
-1.742736693289033383e+02 3.063295561908513491e+02 -5.866891875030690429e+00
-1.743373096598542418e+02 3.063216967197743088e+02 -5.868165699110344136e+00
-1.743924412942647564e+02 3.062951666864692584e+02 -5.867315508438679217e+00
-1.744492766836945634e+02 3.062723802530406374e+02 -5.866690412442518543e+00
-1.744878175508432321e+02 3.062829171008776257e+02 -5.868699099203636749e+00
-1.745424063460038440e+02 3.062534275707478173e+02 -5.867679928056666938e+00
-1.746031823497343112e+02 3.062410422698379193e+02 -5.868672650285612136e+00
-1.746632462533843295e+02 3.062247671700138199e+02 -5.868441686062971563e+00
-1.747333323728353491e+02 3.062298792426108207e+02 -5.871502576681009167e+00
-1.747935662257623335e+02 3.062145381976267231e+02 -5.872326413463218486e+00
-1.748585519732529008e+02 3.062084687046335034e+02 -5.873713407591965918e+00
-1.749103333638069842e+02 3.062468585673673260e+02 -5.880406966990765483e+00
-1.749581291438685184e+02 3.062024969413309350e+02 -5.876490346337345017e+00
-1.750276743633140200e+02 3.062046627312205942e+02 -5.879382707683331155e+00
-1.750956970130280865e+02 3.062040700799277033e+02 -5.882106329431600500e+00
-1.751552200153628007e+02 3.061848486908358495e+02 -5.881706954958335842e+00
-1.752312120553231409e+02 3.061999916502452947e+02 -5.886386584896271756e+00
-1.752954768723554366e+02 3.061899943694300532e+02 -5.887549028164765552e+00
-1.739550321805298836e+02 3.072820335788768489e+02 -6.067053096137241752e+00
-1.739789033556093898e+02 3.071682035582936692e+02 -6.055039179510957936e+00
-1.738639364939443510e+02 3.066964965739493891e+02 -5.997740145091856157e+00
-1.738967606060954836e+02 3.066093090100853829e+02 -5.989296164384638743e+00
-1.739090803410948070e+02 3.064712997396769083e+02 -5.973819845473261836e+00
-1.739660964454944576e+02 3.064494985444324016e+02 -5.973251223158154488e+00
-1.739925396053752138e+02 3.064328828250058336e+02 -5.972629233443648822e+00
-1.740457981122521005e+02 3.064016769604937735e+02 -5.970499373347133876e+00
-1.742108317188461513e+02 3.063201105071557890e+02 -5.967836307579720057e+00
-1.742729479803523986e+02 3.063094870616615708e+02 -5.968941070568501317e+00
-1.743282608000507992e+02 3.062839421870503429e+02 -5.968147234974624737e+00
-1.743577495684027099e+02 3.062728432639381708e+02 -5.967862724873715052e+00
-1.744215709605113318e+02 3.062659709172611429e+02 -5.969192891616565078e+00
-1.744836881285923198e+02 3.062553550567584466e+02 -5.970297963265747576e+00
-1.745407045791798453e+02 3.062335557477298380e+02 -5.969729209932783220e+00
-1.746072005337231303e+02 3.062301821649923568e+02 -5.972283045826216608e+00
-1.746708425844802832e+02 3.062223320692314132e+02 -5.973557226498718897e+00
-1.747358268309478149e+02 3.062162570364432099e+02 -5.974944018155737169e+00
-1.747730154212103173e+02 3.062249713710328365e+02 -5.977838873348988002e+00
-1.748189253524252251e+02 3.061758733915941093e+02 -5.973640672814013008e+00
-1.748806828070983670e+02 3.061632964136383066e+02 -5.974633451247505889e+00
-1.749439641111231651e+02 3.061534795680180991e+02 -5.975795255672179174e+00
-1.750121667912899852e+02 3.061538684218399453e+02 -5.978574899008650689e+00
-1.750818934148066148e+02 3.061570232059445402e+02 -5.981523769553545478e+00
-1.751229305324336565e+02 3.061700866813621360e+02 -5.984700579491319949e+00
-1.751873750356954815e+02 3.061610690292862387e+02 -5.985918996833731853e+00
-1.752667656606636228e+02 3.061836553983132490e+02 -5.992047810007484543e+00
-1.739700026116807123e+02 3.073421784888068373e+02 -6.216761562171440048e+00
-1.739100269123890712e+02 3.070927228304571486e+02 -6.184330415533345615e+00
-1.739785906953030405e+02 3.070950764122858914e+02 -6.187222685784174558e+00
-1.738478899940378142e+02 3.065819124995680340e+02 -6.121457101157320224e+00
-1.738771470558965291e+02 3.064863568830274971e+02 -6.110509611614629577e+00
-1.739247523787965406e+02 3.064409644186659989e+02 -6.107535820296797979e+00
-1.739723688135772761e+02 3.063956250238644543e+02 -6.103563570637311031e+00
-1.740214961438571777e+02 3.063529852920692633e+02 -6.100758257771079052e+00
-1.740535925967789694e+02 3.063505580886126154e+02 -6.100980306093806149e+00
-1.741068391942645519e+02 3.063192934856694478e+02 -6.099848702494460539e+00
-1.748419610110835833e+02 3.063132541525885699e+02 -6.127690323314333831e+00
-1.750963916293942475e+02 3.061258316736331722e+02 -6.116181138753551849e+00
-1.751687932830440673e+02 3.061324851290661968e+02 -6.120353797888618885e+00
-1.752105549901800146e+02 3.061494989817393844e+02 -6.123755966482749002e+00
-1.753189541879795001e+02 3.062304659848102801e+02 -6.137426511912142502e+00
-1.743696334353181214e+02 3.091561887201847867e+02 -6.557469305431366635e+00
-1.744319267309607540e+02 3.091243417188174476e+02 -6.555402813819251939e+00
-1.741222398851546131e+02 3.080953094176410332e+02 -6.416172673887169609e+00
-1.739033709661171940e+02 3.070568948217007232e+02 -6.278434782103374800e+00
-1.738986912765771251e+02 3.068705349866946221e+02 -6.255099159178249657e+00
-1.738913243190102378e+02 3.066806119870072393e+02 -6.231537802733798870e+00
-1.739074141389961028e+02 3.065520679543671463e+02 -6.216624572340741395e+00
-1.739488471470780269e+02 3.064896449475126587e+02 -6.210641368537459073e+00
-1.739942287715408895e+02 3.064376631535868114e+02 -6.205276893836829899e+00
-1.740546420879848597e+02 3.064232978821398206e+02 -6.206156907636120046e+00
-1.740822462740089804e+02 3.064074681884457050e+02 -6.205591019916303352e+00
-1.741375594372757121e+02 3.063819251869296068e+02 -6.204797291347424526e+00
-1.741926913042256899e+02 3.063553951007586420e+02 -6.203947279416981431e+00
-1.742525731140483742e+02 3.063381272474085790e+02 -6.203659829988291463e+00
-1.743041277581515658e+02 3.063031758734600771e+02 -6.201304649378926115e+00
-1.743626562590733613e+02 3.062840798810169076e+02 -6.201903166328802008e+00
-1.744210153743795502e+02 3.062640555489102780e+02 -6.201447024398516916e+00
-1.744542626645145731e+02 3.062623650113513349e+02 -6.202723728295237215e+00
-1.745143147665276615e+02 3.062460330826561972e+02 -6.203491246407109472e+00
-1.745767949962504133e+02 3.062373913054125865e+02 -6.204708885197582902e+00
-1.746368474431416189e+02 3.062210612563729910e+02 -6.205476391313025530e+00
-1.747031633678870151e+02 3.062167061718009791e+02 -6.207974146107541280e+00
-1.747654637846304979e+02 3.062070867184033318e+02 -6.209136036452358454e+00
-1.748287439312005915e+02 3.061972662060832704e+02 -6.210297745430301219e+00
-1.748652101227334015e+02 3.062020394625232598e+02 -6.212967420446065425e+00
-1.749347549973008142e+02 3.062042033727574335e+02 -6.215859793788481191e+00
-1.749931048466273751e+02 3.061841333905413194e+02 -6.216402300675149206e+00
-1.750673911929789028e+02 3.061955195392371820e+02 -6.220856325223611094e+00
-1.751488471335851216e+02 3.062238180516046668e+02 -6.227322597742431576e+00
-1.752095216596147793e+02 3.062053370713204572e+02 -6.227978152403869316e+00
-1.752921301552757711e+02 3.062343816150611246e+02 -6.235499615621671765e+00
-1.743739760831668377e+02 3.091195646856119765e+02 -6.698725542739547123e+00
-1.744357266486237563e+02 3.090847601035402477e+02 -6.696490177468042759e+00
-1.745040105114450455e+02 3.090689527773558325e+02 -6.697376482117471497e+00
-1.745681763722697326e+02 3.090417758985793171e+02 -6.696589398784087876e+00
-1.738410071662793541e+02 3.067506661428484449e+02 -6.368047857447371563e+00
-1.738686130701450736e+02 3.067348458146298640e+02 -6.367482504852544523e+00
-1.739168521595171910e+02 3.066873573055327142e+02 -6.363398649015987729e+00
-1.740841507340152816e+02 3.067734297658299170e+02 -6.381009613292143889e+00
-1.741118854449258038e+02 3.066751195436279431e+02 -6.369893538272854983e+00
-1.741042627546744654e+02 3.064893412069093301e+02 -6.345556433189941892e+00
-1.741526792343620968e+02 3.064428211310063261e+02 -6.341527909068235047e+00
-1.741982867500877035e+02 3.064752652295238136e+02 -6.347826038474993382e+00
-1.742433064867393284e+02 3.064213091437725893e+02 -6.342348878657052325e+00
-1.742997811287819161e+02 3.063965559572044981e+02 -6.341611465923776336e+00
-1.743620696525098595e+02 3.063868738901095412e+02 -6.343771399343011375e+00
-1.744144238698920333e+02 3.063507419079894589e+02 -6.341360181896118497e+00
-1.744727844862212578e+02 3.063307231156778698e+02 -6.340904242437561678e+00
-1.745365957971540638e+02 3.063238033187261635e+02 -6.343233188597060312e+00
-1.745647434018103468e+02 3.063109349584870529e+02 -6.342836269565200524e+00
-1.756142836351285723e+02 3.085633265302387258e+02 -6.678802303768163640e+00
-1.756787987911658888e+02 3.085380614783476290e+02 -6.679125590934981815e+00
-1.757497693465610666e+02 3.085258154998954865e+02 -6.680237283826802042e+00
-1.758105256372469967e+02 3.084911401893560310e+02 -6.678999249970992480e+00
-1.749540762420677993e+02 3.064211264425345576e+02 -6.374248249083958484e+00
-1.751432036560250651e+02 3.066872760594740726e+02 -6.417038000049594793e+00
-1.751449389949535487e+02 3.066135496619742753e+02 -6.407989622071644575e+00
-1.752710508685221953e+02 3.067356656372709267e+02 -6.429130013767729857e+00
-1.752434690704043874e+02 3.065242244235230942e+02 -6.401156923063226145e+00
-1.752534854240253708e+02 3.063958275367912165e+02 -6.385183580949250981e+00
-1.753094212294369925e+02 3.063681393159270101e+02 -6.384278102561770751e+00
-1.740546748302700735e+02 3.076559354470572885e+02 -6.613575543876721419e+00
-1.741120377075699253e+02 3.076249359830852654e+02 -6.612503374957682922e+00
-1.738836132974331008e+02 3.068504840257188562e+02 -6.497211014016326835e+00
-1.738918403148703362e+02 3.067012359567871727e+02 -6.478065661487887539e+00
-1.739196375811625614e+02 3.066864540453248082e+02 -6.476557907239302025e+00
-1.739928488112844605e+02 3.067030685230780591e+02 -6.482290386550936034e+00
-1.743897129785826223e+02 3.075309958645646589e+02 -6.611405805618414178e+00
-1.744410833363580764e+02 3.074839474029594726e+02 -6.607380305103760954e+00
-1.745093696274936690e+02 3.074792443744408388e+02 -6.609880325640082432e+00
-1.745646778484037043e+02 3.074425820474727971e+02 -6.607472025193407816e+00
-1.746314414437129869e+02 3.074351225336371840e+02 -6.609803472249561551e+00
-1.746521542113665078e+02 3.073983457912240169e+02 -6.606004263124948039e+00
-1.747223260064706380e+02 3.073983772364521201e+02 -6.608785875539254562e+00
-1.747670707666960368e+02 3.073373795747000941e+02 -6.602917202976279043e+00
-1.748297260825501951e+02 3.073185999672786579e+02 -6.602576470009299925e+00
-1.748869066341381426e+02 3.072866078059267920e+02 -6.601447577632276520e+00
-1.749635117302785829e+02 3.072995502263282219e+02 -6.607014405848055105e+00
-1.749922831306051307e+02 3.072845402937596191e+02 -6.606506189508607463e+00
-1.750409772107239235e+02 3.072339837158602336e+02 -6.601256246675527350e+00
-1.750976152679400570e+02 3.071990339373390952e+02 -6.599958361826767650e+00
-1.751587475457093888e+02 3.071774959780660197e+02 -6.599448829333195654e+00
-1.752230961944583214e+02 3.071624106602719735e+02 -6.600331625390516876e+00
-1.752818001303189703e+02 3.071331787369877020e+02 -6.599371401522228453e+00
-1.753340603390894046e+02 3.070909865085999400e+02 -6.596624753265544427e+00
-1.753815350086321132e+02 3.071169814903070119e+02 -6.602587718655076543e+00
-1.752959834053895065e+02 3.067779256659763405e+02 -6.552923701818950342e+00
-1.752349448276090413e+02 3.064949233851323811e+02 -6.512627166607193985e+00
-1.752721766766678968e+02 3.064262265038022974e+02 -6.505250292440738491e+00
-1.753360817776727458e+02 3.064142680924131241e+02 -6.506300680536396541e+00
-1.738290877416554565e+02 3.064815408579492555e+02 -6.561422811547590328e+00
-1.738555310106003731e+02 3.064649270546431126e+02 -6.560800928649000774e+00
-1.739159546276582375e+02 3.064506130722721196e+02 -6.560682257642049819e+00
-1.739667869781665388e+02 3.064117225166132812e+02 -6.558102360735396985e+00
-1.740296160413010114e+02 3.064049887311166458e+02 -6.560430989335150898e+00
-1.740859201566490526e+02 3.063792996629189247e+02 -6.558638608852232821e+00
-1.741389871946548453e+02 3.063470534786509916e+02 -6.557450805550704587e+00
-1.741960034094284424e+02 3.063252542060872656e+02 -6.556882171030087747e+00
-1.742243310425727998e+02 3.063133673411222730e+02 -6.556541452118571200e+00
-1.742787505769028371e+02 3.062829475089030211e+02 -6.554467574995317847e+00
-1.743355757905038388e+02 3.062601078239723620e+02 -6.554841116709278381e+00
-1.743939342186733938e+02 3.062400797456755299e+02 -6.554384760728996895e+00
-1.744524635334816196e+02 3.062209855468371416e+02 -6.554983266100605555e+00
