6.667074802598946803e+01 -1.534571120941865452e+01 1.349275540050468347e+00
6.665475048389936319e+01 -1.524080956486471905e+01 1.349216403594254654e+00
6.664499721880960692e+01 -1.513907062735306042e+01 1.349233829096427861e+00
6.664550995407618927e+01 -1.504140531189269758e+01 1.349378716783465215e+00
6.664199745299507072e+01 -1.494282757102300607e+01 1.349472839570050375e+00
6.666839688835740674e+01 -1.485377067041688548e+01 1.349941355287623157e+00
6.665060781049987781e+01 -1.475020631982643593e+01 1.348857667607306965e+00
6.663768591618435266e+01 -1.469751437286346984e+01 1.348765004258199784e+00
6.663773234064079531e+01 -1.460074040419208075e+01 1.348903170264496243e+00
6.662572249413960890e+01 -1.449898692786152843e+01 1.348892224122192118e+00
6.662442359913892176e+01 -1.440265752256891751e+01 1.349012612433538205e+00
6.662446267372637010e+01 -1.430588117130398729e+01 1.349151103252525186e+00
6.663565931771816508e+01 -1.421362998076075179e+01 1.349427970958289702e+00
6.663836947718692727e+01 -1.411820694802616671e+01 1.349599458594867407e+00
6.669241559178122714e+01 -1.408817566155164513e+01 1.350343307288555117e+00
6.679202176685414827e+01 -1.402494039567064554e+01 1.351725661658063071e+00
6.694832940215893302e+01 -1.397804834024581488e+01 1.354820272299894324e+00
6.714752388712069830e+01 -1.394386235675679941e+01 1.357453083147397432e+00
6.674564235693493686e+01 -1.553779172367488570e+01 1.211963471416252602e+00
6.672295551567191296e+01 -1.543062735653322015e+01 1.211820600586781760e+00
6.671722929707937055e+01 -1.532980149330914266e+01 1.211888739132690906e+00
6.692527759245717789e+01 -1.471592490006017862e+01 1.215455865762848031e+00
6.695975762793116814e+01 -1.453191304249648397e+01 1.216164976093479844e+00
6.703213739910827940e+01 -1.445826522472496301e+01 1.217208579431567239e+00
6.771046517246892904e+01 -1.458454862596503965e+01 1.224824784087322982e+00
6.791011883848472053e+01 -1.454946848703404072e+01 1.227464287457872727e+00
6.665271649416413879e+01 -1.390145551911427368e+01 1.214084169399655577e+00
6.653305634875226815e+01 -1.376882529379279596e+01 1.212722237533859770e+00
6.784389946727054621e+01 -1.373370376833392825e+01 1.227777878575582182e+00
6.665954734847953489e+01 -1.569745019956004484e+01 1.023607026603223114e+00
6.662524864345058973e+01 -1.558441294515152542e+01 1.024321790786850483e+00
6.645478832053696294e+01 -1.542155404989224898e+01 1.023342329926367977e+00
6.709921514904975481e+01 -1.541358017115920553e+01 1.027705275717248234e+00
6.783661933971691838e+01 -1.537838924018001663e+01 1.031313337301669630e+00
6.656778674091683001e+01 -1.463461638020110200e+01 1.027920950606885153e+00
6.680313703396657843e+01 -1.466711945328960098e+01 1.028925959544712221e+00
6.687735179532187146e+01 -1.449760269121850875e+01 1.030129616907999424e+00
6.692070609347328514e+01 -1.441488298688104308e+01 1.030809772652272027e+00
6.749817021395448080e+01 -1.450806180685536084e+01 1.033164892157962367e+00
6.773490728231894309e+01 -1.448611587330717754e+01 1.034266353846160058e+00
6.652786715465060752e+01 -1.366446959441648623e+01 1.030789212604621641e+00
6.783347293659809907e+01 -1.352759495734457218e+01 1.038924354078671453e+00
6.654396415669864950e+01 -1.575444765417868176e+01 8.430139926044257770e-01
6.651231497188700814e+01 -1.569226931969391359e+01 8.426913108248165196e-01
6.649810165531241068e+01 -1.558827821891170728e+01 8.436535285745936363e-01
6.650934170896989883e+01 -1.549379238031834660e+01 8.439322414545578077e-01
6.650047758774869067e+01 -1.539251093745257748e+01 8.449602119871498784e-01
6.649250152356557919e+01 -1.529167952271906650e+01 8.459991580484713669e-01
6.648721323465017008e+01 -1.519220108704699435e+01 8.460710968188555059e-01
6.646937590917967498e+01 -1.513590178354104587e+01 8.469195526417652164e-01
6.647033189608642090e+01 -1.503958605507664537e+01 8.470681427695868626e-01
6.646859297502383868e+01 -1.494191453931129665e+01 8.481839345282782272e-01
6.647846982528920989e+01 -1.484786634961308671e+01 8.484452280080128084e-01
6.648298654788300155e+01 -1.475335504222524463e+01 8.486378094988296095e-01
6.648614846554158930e+01 -1.465704101231801104e+01 8.498156338103254326e-01
6.650003589183742747e+01 -1.456615070319836924e+01 8.501248348849330672e-01
6.648800046138148900e+01 -1.451390770987100254e+01 8.500430833483552107e-01
6.648490355060069135e+01 -1.441667621522639742e+01 8.511414008097430983e-01
6.649253073459618690e+01 -1.432261672064990954e+01 8.513742885775101854e-01
6.648406678080591803e+01 -1.422491887440262381e+01 8.524039430173120380e-01
6.648945356585733180e+01 -1.413085089377584502e+01 8.526080800162970652e-01
6.648680030399020779e+01 -1.403496280700212040e+01 8.527106966189639259e-01
6.648725710369849651e+01 -1.393953271252319404e+01 8.538532164960295212e-01
6.646315436344492866e+01 -1.388455696429700481e+01 8.536193023927886037e-01
6.647610840420244926e+01 -1.379320594619977136e+01 8.549182777943312717e-01
6.648237964990943283e+01 -1.351276293322640143e+01 8.564023330109662435e-01
6.647166483649704105e+01 -1.341504652812073850e+01 8.564039210251517265e-01
6.651230655976735306e+01 -1.333320858922738239e+01 8.570490469102902686e-01
6.652079172807417251e+01 -1.328911001058613728e+01 8.572227155171374680e-01
6.658779398810183636e+01 -1.321498576945136882e+01 8.571989063707921019e-01
6.650593917199338989e+01 -1.583362606203594147e+01 6.383927311588361020e-01
6.649574779712034456e+01 -1.573054545045138930e+01 6.394056292632813721e-01
6.647301303507852310e+01 -1.567289038462762996e+01 6.401921537919212923e-01
6.648514816999026777e+01 -1.557885759521523639e+01 6.404817056471411307e-01
6.647405639170357006e+01 -1.547532177503332385e+01 6.414838774598631277e-01
6.646876035603840194e+01 -1.537584713583765783e+01 6.425555145427596093e-01
6.647910000667496888e+01 -1.528090608859180399e+01 6.428234713313170090e-01
6.646710232447949807e+01 -1.517916354648112787e+01 6.438116977771713989e-01
6.647429672144019719e+01 -1.508376453716543786e+01 6.450399007641529625e-01
6.645870214847573720e+01 -1.502971819725816971e+01 6.449142215807802669e-01
6.645606836332623857e+01 -1.493159320666588563e+01 6.460190438914575894e-01
6.645343084978497927e+01 -1.483346713107116166e+01 6.471239979023423183e-01
6.645525458324081569e+01 -1.473760047242385340e+01 6.482836564810122715e-01
6.645441146557337220e+01 -1.464037518836948593e+01 6.484107552556042098e-01
6.645131658171669642e+01 -1.454314391701229958e+01 6.495089201872008555e-01
6.645580958931525117e+01 -1.444862992809978408e+01 6.507016721397032022e-01
6.643975413540005093e+01 -1.439547688169894712e+01 6.505691604049660404e-01
6.643754347229332780e+01 -1.429869476619808033e+01 6.516784456524324920e-01
6.644070050370127944e+01 -1.420462261821596428e+01 6.518535320163618696e-01
6.644026935642787635e+01 -1.410874228257504903e+01 6.529848993795055456e-01
6.642420516559229782e+01 -1.400832197330772111e+01 6.539201564360409558e-01
6.644342911423127873e+01 -1.392013678023241674e+01 6.542956222888953732e-01
6.642734962241712537e+01 -1.386698169037614647e+01 6.551632606772755940e-01
6.641574135563378434e+01 -1.376881863875011014e+01 6.561533945844958415e-01
6.644165608754963159e+01 -1.368289745565109428e+01 6.566127610127915348e-01
6.640681772946135197e+01 -1.357747411595841491e+01 6.573122911649108557e-01
6.644076356426639052e+01 -1.349336958205397430e+01 6.578735135852239457e-01
6.643539541136421178e+01 -1.339836900381484774e+01 6.589406318962388598e-01
6.641708507907617332e+01 -1.334520228008960352e+01 6.587796501478739852e-01
6.640367155866698567e+01 -1.324837943606661028e+01 6.597452415473685772e-01
6.644028804441138902e+01 -1.316562907192932030e+01 6.603396919311056434e-01
6.643804715021181551e+01 -1.307107975444396786e+01 6.604471738228187006e-01
6.646974469593637025e+01 -1.298696541563847262e+01 6.609800953210723806e-01
6.636919778365279399e+01 -1.286516958734253890e+01 6.628518954812275821e-01
6.679982959259902486e+01 -1.275229228228997513e+01 6.606034695485272223e-01
6.691373600495052187e+01 -1.268953499987215316e+01 6.601728951826667524e-01
6.707411081890279547e+01 -1.263904747887492164e+01 6.593277252289289070e-01
6.654091629976703359e+01 -1.590181917686395607e+01 4.867373120857643176e-01
6.651196798575101354e+01 -1.579149883402806864e+01 4.885173146927147547e-01
6.661251823971190333e+01 -1.573096922008170573e+01 4.879051359803249222e-01
6.649336475340916763e+01 -1.558623939049838647e+01 4.905650738185481918e-01
6.649160712627269731e+01 -1.553583137101728262e+01 4.916133691481763268e-01
6.650418348432953053e+01 -1.544314794553396730e+01 4.919068951727058603e-01
6.652477957861952973e+01 -1.535228366790999743e+01 4.933020494155143654e-01
6.648286047116427255e+01 -1.523877300010621383e+01 4.949191567433207650e-01
6.644807891122499655e+01 -1.512887743973012000e+01 4.966237615610114009e-01
6.645617646086073194e+01 -1.503392704480165420e+01 4.968629914507282086e-01
6.645086616018502923e+01 -1.493444678907183309e+01 4.979349874138055965e-01
6.643793311500624554e+01 -1.488175691532062928e+01 4.988420701170940275e-01
6.643618716972751770e+01 -1.478408237850656626e+01 4.999579984292592538e-01
6.644070048840418963e+01 -1.468956934782651835e+01 5.001506127601174079e-01
6.642643315588814801e+01 -1.458781390395696498e+01 5.021102785575393135e-01
6.642288973686717668e+01 -1.449148110665401212e+01 5.032014064002906517e-01
6.643141073243121753e+01 -1.439787294860989419e+01 5.034450450661559495e-01
6.641046670022052467e+01 -1.415205426138791900e+01 5.065241935761419789e-01
6.641540516550770690e+01 -1.405888432941750033e+01 5.067212971120993448e-01
6.640693056838046004e+01 -1.396118216419960234e+01 5.077511024197570721e-01
6.640693543057825821e+01 -1.386664882026217072e+01 5.088864988492844965e-01
6.640113318742898230e+01 -1.377030168630590978e+01 5.099494337512155973e-01
6.639354825077313649e+01 -1.372031400395751177e+01 5.099226997356296476e-01
6.639354565618739912e+01 -1.362577849001520569e+01 5.110583595655716627e-01
6.638639479913116759e+01 -1.352987398319848289e+01 5.121034173269264356e-01
6.639085153192570488e+01 -1.343759745027237429e+01 5.132939658670374605e-01
6.638549123622243542e+01 -1.334259286247197629e+01 5.133611790806636987e-01
6.637431108975573579e+01 -1.324577548356082346e+01 5.143557174017814315e-01
6.638367014596445870e+01 -1.315485772379868834e+01 5.156084199973554050e-01
6.639036536932283639e+01 -1.310985262109440441e+01 5.157602503812495076e-01
6.635860193672429830e+01 -1.291483519290787640e+01 5.176301655422190784e-01
6.638806418967500633e+01 -1.283071495294905517e+01 5.181342646618660730e-01
6.640590820924163040e+01 -1.274296242015656588e+01 5.184930387704543842e-01
6.647289747060622744e+01 -1.266883427560486552e+01 5.184699298787576183e-01
6.657339723148811572e+01 -1.260378968356659257e+01 5.178685982527986287e-01
6.666408594877893279e+01 -1.258104600126260486e+01 5.170785409827031165e-01
6.679452971522964333e+01 -1.252327923278484434e+01 5.158555029871121356e-01
6.696027431890000514e+01 -1.247325146953851771e+01 5.140794903639154256e-01
6.714523159571037070e+01 -1.242732693385808496e+01 5.125471849939456925e-01
6.653160603446266919e+01 -1.588886375985887867e+01 3.126201069322890325e-01
6.647861408222541968e+01 -1.566958143221089195e+01 3.162419403124867578e-01
6.645024826833373766e+01 -1.531532772121048325e+01 3.213737337562779239e-01
6.647133914037100055e+01 -1.512679675458810102e+01 3.239134980195511604e-01
6.647138878667473705e+01 -1.503003026296369704e+01 3.250510530109711471e-01
6.645357570562305227e+01 -1.492646919708175801e+01 3.259668366058621758e-01
6.644957225027215486e+01 -1.487605074475021105e+01 3.269864473378064074e-01
6.643800344543535630e+01 -1.477565238602081088e+01 3.279788524904515001e-01
6.641844174956028723e+01 -1.447988681052104454e+01 3.321456925650488334e-01
6.641623300489220583e+01 -1.438310513111679434e+01 3.332548830691823838e-01
6.641491412623352630e+01 -1.428677412888845488e+01 3.343750866443798708e-01
6.651815574534570885e+01 -1.337228737712865723e+01 3.430249357890213235e-01
6.637953028446182202e+01 -1.281821025925490076e+01 3.510274043702778513e-01
6.636118377520776335e+01 -1.272001739852141000e+01 3.519317697909203901e-01
6.639957061578516573e+01 -1.263816578291010551e+01 3.525487534589503702e-01
6.646165773560905166e+01 -1.256267311146722321e+01 3.514640835864674684e-01
6.657335250999425114e+01 -1.254718153016584736e+01 3.499360634533792980e-01
6.671005912481325595e+01 -1.249032734472608652e+01 3.477928464968569333e-01
6.685570245371799558e+01 -1.243574739013084596e+01 3.457626039222547187e-01
6.647981548488654369e+01 -1.561566302762124003e+01 1.263172199919933014e-01
6.646738381935853113e+01 -1.551257371720476463e+01 1.273013244410399203e-01
6.674971956138145401e+01 -1.552040140225916787e+01 1.209482479459650373e-01
6.647868798633056997e+01 -1.527181830546978070e+01 1.307875245105505346e-01
6.792647663641196232e+01 -1.560045432110412555e+01 9.208351095774802708e-02
6.793860904110253784e+01 -1.550192747386860326e+01 9.338052286887421616e-02
6.792661565466937645e+01 -1.539569389473541783e+01 9.537593871858529582e-02
6.657225976915803756e+01 -1.481834781253870048e+01 1.356423406403270970e-01
6.653966768152591271e+01 -1.475796213700325232e+01 1.373056615260793700e-01
6.655936199600149905e+01 -1.466888604354840631e+01 1.376874546010418143e-01
6.653571682531448062e+01 -1.456350679341923815e+01 1.395308292531810546e-01
6.652278409258828162e+01 -1.446355290138577132e+01 1.415055257630529750e-01
6.652370199159285846e+01 -1.436722908758904715e+01 1.426546583196739437e-01
6.651747162734146457e+01 -1.426953628102816829e+01 1.437132484070747784e-01
6.650317273819106845e+01 -1.421729043754548272e+01 1.456025384128216693e-01
6.647772285473472209e+01 -1.411325033119388372e+01 1.474212008236779337e-01
6.646567879466569195e+01 -1.401373986235622660e+01 1.484072496909648597e-01
6.647551002705688461e+01 -1.392193185106523678e+01 1.496662127520888008e-01
6.645228077566441982e+01 -1.382014310109133426e+01 1.515108700356561089e-01
6.644289057198295723e+01 -1.372198735369247480e+01 1.535298809648341090e-01
6.646567547111996532e+01 -1.363560615637855555e+01 1.539493865060266309e-01
6.643485280175303842e+01 -1.357836177007178158e+01 1.546319276588624669e-01
6.638342193615267206e+01 -1.328112258722646466e+01 1.603928443516088320e-01
6.637893641023281077e+01 -1.318657009042970252e+01 1.614710639618185395e-01
6.637527809476496543e+01 -1.286060736121466164e+01 1.648950033186323827e-01
6.641679690195988428e+01 -1.277921577051700908e+01 1.655517567562502235e-01
6.639308867362304056e+01 -1.268055871734913076e+01 1.663872123731986452e-01
6.643951512639155510e+01 -1.260052805923184138e+01 1.671060071827472626e-01
6.657668157435887224e+01 -1.254502333418346716e+01 1.639665761446231773e-01
6.666112869523867346e+01 -1.252136078373746031e+01 1.620967785829671159e-01
6.722151920909062994e+01 -1.257537318413955774e+01 1.482902285831055877e-01
6.728271790248274442e+01 -1.249718090326972408e+01 1.471986061685893743e-01
6.752224396936838957e+01 -1.246309036004090842e+01 1.413570572327786934e-01
6.702627896757942949e+01 -1.475287016766775139e+01 -4.939472407715705948e-02
6.764119767330075206e+01 -1.451482223367374047e+01 -6.308317026637921821e-02
6.775025433485905069e+01 -1.445070985907278782e+01 -6.557742053207482602e-02
6.784857987467577800e+01 -1.438342246374093847e+01 -6.720589595289094831e-02
6.794736521057646428e+01 -1.431523430811335729e+01 -6.982725732244987604e-02
6.640262161413591002e+01 -1.330514707943944330e+01 -9.407141794453233175e-03
6.640796459067719582e+01 -1.321331992620840090e+01 -8.205327471428103259e-03
6.640437041761981618e+01 -1.311921939359017131e+01 -7.116137185755544436e-03
6.645077362704087420e+01 -1.289962481973345731e+01 -5.196410850192290098e-03
6.787462831641265382e+01 -1.320594510893098139e+01 -5.216843593587872085e-02
6.787372577847963839e+01 -1.310870736986414542e+01 -5.103868339303607726e-02
6.785940699216790506e+01 -1.300693524850138516e+01 -4.907638631057720247e-02
6.786251712782517131e+01 -1.291060517991448009e+01 -4.789554875688473157e-02
