6.679624484750240754e+01 -1.529796400568656267e+01 1.352674790832731677e+00
6.677286144283688429e+01 -1.519955023930672411e+01 1.352011017474609833e+00
6.676654742827193445e+01 -1.510758253307108134e+01 1.351628384290918028e+00
6.676728338446503130e+01 -1.501739253993815559e+01 1.351359218564041287e+00
6.675044757049418820e+01 -1.492162765719428030e+01 1.350804224741438686e+00
6.675637039415464358e+01 -1.483445720166678861e+01 1.350624055224754372e+00
6.676538430689555526e+01 -1.474792397623881435e+01 1.350493270761917275e+00
6.673233323658078575e+01 -1.469268201169798793e+01 1.349816498290839162e+00
6.672832074435852689e+01 -1.451376491405198621e+01 1.349200378670031064e+00
6.673336374821393235e+01 -1.442608531453587339e+01 1.349005875777677721e+00
6.673703967079022448e+01 -1.433877211961092968e+01 1.348791747479042069e+00
6.673142957938519260e+01 -1.424954257974994221e+01 1.348429835507204633e+00
6.672868829250188583e+01 -1.420380364462017653e+01 1.348246432694812480e+00
6.673322207893576774e+01 -1.411699179063102605e+01 1.348047379977906690e+00
6.661373633246520853e+01 -1.399288145773085290e+01 1.345836186444355542e+00
6.678139391899904354e+01 -1.395566273354907239e+01 1.348285903997008095e+00
6.688704173736321934e+01 -1.389979476958004412e+01 1.349729662886357096e+00
6.702228028962386475e+01 -1.385068728909698166e+01 1.351647180909275825e+00
6.719490074901611365e+01 -1.381287178379144720e+01 1.354171641618171495e+00
6.731409572090900895e+01 -1.380205308705831158e+01 1.354961891396686546e+00
6.666998367877624787e+01 -1.546976977447759616e+01 1.179259272514401102e+00
6.658399587133651210e+01 -1.534771840212314054e+01 1.178564693085882187e+00
6.666663904619423420e+01 -1.528775239385940310e+01 1.179641078099547657e+00
6.778169895376035470e+01 -1.535436377409107500e+01 1.187893395788276019e+00
6.779619203422193152e+01 -1.526636903491559494e+01 1.187841748184386814e+00
6.676291147865477171e+01 -1.460372683154256457e+01 1.179987500043233162e+00
6.689206644739260810e+01 -1.446626352871210308e+01 1.180536575873528449e+00
6.683509066859132020e+01 -1.435993596945074913e+01 1.180336160457859940e+00
6.777588315001298724e+01 -1.456449782391865000e+01 1.187357198457515528e+00
6.752608119291572564e+01 -1.439595246409767704e+01 1.185015624253716426e+00
6.754624350591926429e+01 -1.435656756842732662e+01 1.185202359026464425e+00
6.659993095859705647e+01 -1.371665863252538387e+01 1.177752073886302764e+00
6.661756346443578991e+01 -1.363514605212360919e+01 1.177770548041529697e+00
6.665034976507408260e+01 -1.560605804206436176e+01 1.013364131073315688e+00
6.662832563469073932e+01 -1.550727709198703863e+01 1.013719478653342554e+00
6.685044734973544678e+01 -1.549590704151534659e+01 1.014078543140632283e+00
6.705971394000789587e+01 -1.529698777030289669e+01 1.014657636026164100e+00
6.787667146427365594e+01 -1.525173412793007799e+01 1.016005819649388409e+00
6.655491535875466980e+01 -1.463160745845815036e+01 1.014873723355746771e+00
6.655477789947775591e+01 -1.458738130200769234e+01 1.014734413566588556e+00
6.683581158516953735e+01 -1.450108095865035018e+01 1.014764007791966849e+00
6.688392268958308762e+01 -1.442683937158596308e+01 1.015269884121952293e+00
6.692101693439784071e+01 -1.434967437980010097e+01 1.015598385026585726e+00
6.749536149073583147e+01 -1.443863547975760930e+01 1.016657183924612129e+00
6.743628566727329599e+01 -1.432992534143668095e+01 1.016417764870771290e+00
6.753518062613051143e+01 -1.431426579589658132e+01 1.016882031879284165e+00
6.652120479283433951e+01 -1.357230921664571710e+01 1.015083039429415024e+00
6.645734946092829887e+01 -1.346779948664094206e+01 1.015784336318415804e+00
6.653283702538219302e+01 -1.344665569978659292e+01 1.015874129238794055e+00
6.786013369834888920e+01 -1.336837881645696058e+01 1.017943211757651900e+00
6.654522873272638606e+01 -1.569480930646194494e+01 8.250119823752627424e-01
6.651800760784281863e+01 -1.563947604933910362e+01 8.254233696347097471e-01
6.652047533416056524e+01 -1.555029630998227930e+01 8.261827963564760680e-01
6.650760427096068383e+01 -1.545567798141324722e+01 8.266910148792052659e-01
6.650921510328859654e+01 -1.536599425526489604e+01 8.264359936847828214e-01
6.651823206849641679e+01 -1.527946435860436125e+01 8.273042430240251655e-01
6.650361765430972127e+01 -1.518383390375814024e+01 8.277831394490756667e-01
6.651127912642840556e+01 -1.509767228560528807e+01 8.276320162523226331e-01
6.649888592407157262e+01 -1.504864440389589397e+01 8.282901082003124582e-01
6.648376301428532997e+01 -1.495388045857150772e+01 8.287642982925631507e-01
6.648263140328185727e+01 -1.486492858865369548e+01 8.284704624994783106e-01
6.648940146717653477e+01 -1.477825595255147384e+01 8.293047679561053043e-01
6.649085952632182739e+01 -1.469081083500893570e+01 8.290555050474788246e-01
6.649675660960157586e+01 -1.460363248027823779e+01 8.298752198370061839e-01
6.648942371495846260e+01 -1.451339724601290193e+01 8.294831880416186909e-01
6.649979932701826613e+01 -1.447296429363717429e+01 8.295165102367060284e-01
6.649640544737958692e+01 -1.438386671594904520e+01 8.301885951945425779e-01
6.651765265943949146e+01 -1.430212923474167930e+01 8.302603645653473530e-01
6.650236966163804198e+01 -1.420960129774269731e+01 8.307403120231492410e-01
6.650900396763856293e+01 -1.412517119759101902e+01 8.305805691133283375e-01
6.651611418966780320e+01 -1.403986326335415669e+01 8.314256741339497436e-01
6.649045393138214877e+01 -1.398776731962634656e+01 8.318722712140430575e-01
6.649398251428614515e+01 -1.390269478797392289e+01 8.316634244972676004e-01
6.650592979513278635e+01 -1.381903452345105876e+01 8.315878627189053907e-01
6.649668846928523180e+01 -1.373002513417797310e+01 8.321719770582287623e-01
6.649847723827690515e+01 -1.364394198238204581e+01 8.319338372718274588e-01
6.647032735487168509e+01 -1.346262545018701573e+01 8.329446798300433885e-01
6.647759345920702856e+01 -1.342154897083686116e+01 8.329293733060613159e-01
6.650486959167199075e+01 -1.334332538178902894e+01 8.331059939327813968e-01
6.652422373252170473e+01 -1.326281671248711902e+01 8.331545215835092222e-01
6.656511226546489013e+01 -1.318902835273823371e+01 8.335534342554506981e-01
6.665988848153236290e+01 -1.312799034619626681e+01 8.328161151017137165e-01
6.680445178205911816e+01 -1.308080935518333199e+01 8.318833228628135235e-01
6.704164132955310151e+01 -1.305730419646216234e+01 8.314409799645885446e-01
6.732633062561373549e+01 -1.308813405487249426e+01 8.298921212530665503e-01
6.758932301312837865e+01 -1.306801115536292635e+01 8.278551907445431679e-01
6.651179225287727093e+01 -1.573726908493873822e+01 6.876170440647011439e-01
6.648322052996729781e+01 -1.563583925087159798e+01 6.878637313038962198e-01
6.648569014447711822e+01 -1.554666005845543886e+01 6.886231886697659066e-01
6.645696961753183984e+01 -1.540100178256514241e+01 6.897300773216240577e-01
6.645806507386569706e+01 -1.531218598194199387e+01 6.904700300171365823e-01
6.646882660267269216e+01 -1.522666515411403587e+01 6.903680378897145697e-01
6.645282974125878184e+01 -1.513139813579574344e+01 6.918270841460040232e-01
6.646185169821106342e+01 -1.504486627610270943e+01 6.916956524170796428e-01
6.644845939473260898e+01 -1.495110980281611113e+01 6.921994020013257920e-01
6.644694986380608270e+01 -1.490725201425470914e+01 6.930400584780365136e-01
6.643528321724033958e+01 -1.481450013489605233e+01 6.935735511944611797e-01
6.643723963754925421e+01 -1.472618316457205268e+01 6.933290912494716185e-01
6.643472014993014341e+01 -1.463759267731163760e+01 6.940156138035153965e-01
6.644495854477065677e+01 -1.455293315676387955e+01 6.939094796775682195e-01
6.642138198378964375e+01 -1.445674589598367632e+01 6.952508782447126556e-01
6.642852008171615807e+01 -1.437144599718645210e+01 6.950956403866237476e-01
6.641994360640551065e+01 -1.432580172690256148e+01 6.958231833287872314e-01
6.642050270089458763e+01 -1.423784340294028539e+01 6.965594648865006677e-01
6.642367202018529326e+01 -1.415139726527401720e+01 6.963403927111226910e-01
6.642855468797972662e+01 -1.406595508393392180e+01 6.971508630105320847e-01
6.641536416896846617e+01 -1.397580753570095524e+01 6.976705440514677781e-01
6.641629531501519068e+01 -1.388922263102650234e+01 6.974172566481396940e-01
6.641893956933996890e+01 -1.380364209475365556e+01 6.981935390567884925e-01
6.641655685992220981e+01 -1.375927415849685254e+01 6.980201347756053165e-01
6.640335194643355976e+01 -1.366912099665453439e+01 6.985401144242520122e-01
6.640858727818987006e+01 -1.358504858376002211e+01 6.993610848345130915e-01
6.640814165398560931e+01 -1.349882775954495351e+01 6.990885527189945048e-01
6.641473180141939281e+01 -1.341438346340362031e+01 6.999294206514914407e-01
6.642306768042540455e+01 -1.333095001935028279e+01 6.998001299743236148e-01
6.640518395998486767e+01 -1.328338036564741387e+01 7.003802812497318397e-01
6.641438172151924846e+01 -1.320044894473385710e+01 7.002659660112886542e-01
6.644165077479742365e+01 -1.312222234244554464e+01 7.004428563672927543e-01
6.644688281615107428e+01 -1.303814701330134440e+01 7.002646713193046990e-01
6.644986698563681671e+01 -1.295393159043849707e+01 7.010519594211680472e-01
6.672584832780385966e+01 -1.294135898930162298e+01 6.982364598526704658e-01
6.649287616310114402e+01 -1.279542382745339246e+01 7.012240872792919744e-01
6.682915319021266498e+01 -1.266692059670394599e+01 6.979770409353214244e-01
6.691476615891076563e+01 -1.260171846659385153e+01 6.970879864761398981e-01
6.710678116636447044e+01 -1.256239230991760181e+01 6.959068733095392645e-01
6.751882974901279511e+01 -1.257435761703222710e+01 6.912505233337854493e-01
6.653395483424716872e+01 -1.591532375006834776e+01 5.254923897637582275e-01
6.650191148033664490e+01 -1.581187888161838018e+01 5.266796688109878222e-01
6.666156747900977564e+01 -1.568980821683486226e+01 5.257376180798538634e-01
6.649670270189200494e+01 -1.553816666114424905e+01 5.297456857360122173e-01
6.646848601891511521e+01 -1.543810631972792180e+01 5.300023722770350609e-01
6.647462936588901528e+01 -1.521514706182339260e+01 5.324017128836315838e-01
6.641074220840503983e+01 -1.452860605841025077e+01 5.382919671466525058e-01
6.640511960610051290e+01 -1.443937245027500715e+01 5.389293643249492005e-01
6.640743058131128862e+01 -1.435242579586803480e+01 5.386952563428840657e-01
6.638418245046018740e+01 -1.403920440937546665e+01 5.413706019094257638e-01
6.638287067495005545e+01 -1.395248228926914891e+01 5.420825444184225184e-01
6.637759530905091765e+01 -1.386461639606281437e+01 5.427305310287733331e-01
6.638557759497371080e+01 -1.377981098796765735e+01 5.425907194425803048e-01
6.637389350654252951e+01 -1.373352373888850408e+01 5.432692471283727675e-01
6.637034166776439292e+01 -1.364666230447948259e+01 5.439470629600030582e-01
6.636592062704542627e+01 -1.355929624576562986e+01 5.446102004193819068e-01
6.636545798709471455e+01 -1.347307149411737193e+01 5.453375047547789345e-01
6.637552708127761036e+01 -1.339064483281620177e+01 5.452377222021423941e-01
6.636404026643751308e+01 -1.330149407607759748e+01 5.457876799906147269e-01
6.635341746391749496e+01 -1.321284547760940065e+01 5.463525271287104079e-01
6.634208817290378590e+01 -1.316792813281416841e+01 5.470412304468790232e-01
6.634645362439161431e+01 -1.308334749069876324e+01 5.468481070684727552e-01
6.634015202607554329e+01 -1.299721531197447888e+01 5.474871967772113601e-01
6.635105629715252462e+01 -1.291528442207118843e+01 5.484026664056502742e-01
6.634612512068770229e+01 -1.282878291608789567e+01 5.480618510619142958e-01
6.636805924225632225e+01 -1.274977867494101602e+01 5.481553620898640400e-01
6.641098397533504283e+01 -1.271898830225316424e+01 5.477179085063599295e-01
6.646339126706538991e+01 -1.264725200147583450e+01 5.473002870863978853e-01
6.653250936707988217e+01 -1.258059076112932928e+01 5.471540903970389946e-01
6.666482734523594900e+01 -1.252860713632795964e+01 5.450201581983006305e-01
6.676543351413106109e+01 -1.246747584006125642e+01 5.433731581731368054e-01
6.690048327521023452e+01 -1.241475968116460393e+01 5.412792159853612173e-01
6.707183358215667113e+01 -1.236921601757951272e+01 5.387630636103819537e-01
6.654223191340750532e+01 -1.587376713657745952e+01 3.494675191735632791e-01
6.653605767494948964e+01 -1.577955757650679836e+01 3.500788640119859019e-01
6.647836506003629609e+01 -1.557755756660205648e+01 3.535669771396398597e-01
6.647996760193902333e+01 -1.548787388492323203e+01 3.543116998428290643e-01
6.648243037977765368e+01 -1.539869126763348639e+01 3.550712506074346075e-01
6.646415321525202557e+01 -1.507904984564046913e+01 3.587967149641209663e-01
6.645732100898254657e+01 -1.498794732270275354e+01 3.594088999327356149e-01
6.645926748952587104e+01 -1.489962943756679259e+01 3.601642153000802482e-01
6.644053079777157222e+01 -1.480509358698959410e+01 3.615841274021969198e-01
6.642726698435920696e+01 -1.475555970961845631e+01 3.622275450554686693e-01
6.642870802638410055e+01 -1.466811066437733757e+01 3.629782079937731720e-01
6.642928010806778616e+01 -1.458015658302135087e+01 3.637140758266215745e-01
6.642106288759339350e+01 -1.448941334466637088e+01 3.643069943646274900e-01
6.642113282852341172e+01 -1.440233002159127196e+01 3.650382065363342865e-01
6.642256136426301794e+01 -1.431487590968146861e+01 3.657891987264534350e-01
6.642262422646423659e+01 -1.422778957345435380e+01 3.665206508287723319e-01
6.640660497607973412e+01 -1.417898430774803664e+01 3.681247667012537139e-01
6.639564579318327731e+01 -1.408897210156120039e+01 3.686787861675468458e-01
6.639396719533769442e+01 -1.400087418652834614e+01 3.693807680242599534e-01
6.639352060103669828e+01 -1.391465600812478343e+01 3.701076231425361462e-01
6.638478165479452286e+01 -1.382477544822998894e+01 3.706964552018272574e-01
6.639311563458242915e+01 -1.374134245439191737e+01 3.715665309602808053e-01
6.638229696895999155e+01 -1.369555873520548062e+01 3.722598545221481037e-01
6.636908899747425039e+01 -1.360540324281322455e+01 3.727798398643787370e-01
6.637258829674024696e+01 -1.352032130462964332e+01 3.735712507078313704e-01
6.638265928094716628e+01 -1.343789519062299220e+01 3.734713796046112422e-01
6.661307849087472732e+01 -1.341623159633502027e+01 3.689293535109400279e-01
6.652888130908047515e+01 -1.330687138458113949e+01 3.713050498566828339e-01
6.653410389203587272e+01 -1.322279431665104710e+01 3.721265258493067773e-01
6.637165260588582782e+01 -1.313530380627783245e+01 3.763725070631614988e-01
6.636362040171994181e+01 -1.304816415560422094e+01 3.769820074812327282e-01
6.638779104719218083e+01 -1.296929772218403798e+01 3.771097651518550142e-01
6.636562020960910502e+01 -1.287858666034948385e+01 3.784922452517320290e-01
6.636093807962708979e+01 -1.270860418907586009e+01 3.788995467473798562e-01
6.636341279215261579e+01 -1.262525692394810051e+01 3.796822676638721972e-01
6.640150851386553654e+01 -1.259281924862137103e+01 3.791659431109600242e-01
6.646630943960187210e+01 -1.252364127362324098e+01 3.779459917288924276e-01
6.655712866496608626e+01 -1.246146233227044853e+01 3.761457601126589889e-01
6.669254102515849070e+01 -1.241011785502576714e+01 3.740615226217203770e-01
6.682983206120205466e+01 -1.235753795281027756e+01 3.710022031443117596e-01
6.704320856328578770e+01 -1.232132272957474406e+01 3.661577234861601027e-01
6.650071326322810705e+01 -1.569066184495557614e+01 1.922419436647734292e-01
6.650318476730397776e+01 -1.560148319974547526e+01 1.930013422787315580e-01
6.652496717644150692e+01 -1.551888645924107024e+01 1.930764913396330051e-01
6.650241254182274986e+01 -1.542097005406373178e+01 1.954267246026217819e-01
6.651539027873221244e+01 -1.533558118770091738e+01 1.963589677942482181e-01
6.648989127506084174e+01 -1.528125101863772173e+01 1.967999797618052993e-01
6.655893552122822143e+01 -1.521685220104480685e+01 1.966546551625664163e-01
6.658814442002223188e+01 -1.513741029488203260e+01 1.958536780487885043e-01
6.655505572176988949e+01 -1.503569123480620284e+01 1.980317333928045542e-01
6.655525952690612712e+01 -1.494636482777832853e+01 1.997573208709171322e-01
6.655411113946591684e+01 -1.485740861817496850e+01 2.004633537889021211e-01
6.653688892345334693e+01 -1.480673343338437853e+01 2.010427237608429785e-01
6.652124331780257194e+01 -1.471283481233167834e+01 2.025122146081737018e-01
6.651524536205374716e+01 -1.462222586572638861e+01 2.041394521676594964e-01
6.651185715111320462e+01 -1.453312992965643069e+01 2.048113608697605947e-01
6.650448998154561764e+01 -1.444288725198089374e+01 2.064192379040959979e-01
6.651076100686501036e+01 -1.435708286392100597e+01 2.062492653833265521e-01
6.650907954615072981e+01 -1.426898704687434716e+01 2.079509018164487077e-01
6.649790302419773980e+01 -1.422183109267712098e+01 2.086341150368674624e-01
6.649449852783980930e+01 -1.413272899552636375e+01 2.093064704946068222e-01
6.650024874365482219e+01 -1.404779047832497341e+01 2.101319485677081156e-01
6.648493976272804673e+01 -1.395525505371166020e+01 2.116119715616059382e-01
6.647793355029544671e+01 -1.386638210054296394e+01 2.122304260171504753e-01
6.647352171626505424e+01 -1.377901918975789641e+01 2.128933566515033293e-01
6.646958720646208008e+01 -1.369077981606763572e+01 2.145611907361086867e-01
6.646980100432227800e+01 -1.364792205714816475e+01 2.144322361419763734e-01
6.644244892264367763e+01 -1.355419793989367605e+01 2.167252348952758423e-01
6.648425987493837397e+01 -1.339382070330223229e+01 2.168710421132085120e-01
6.640218570444238821e+01 -1.319974181002715241e+01 2.200187307211477483e-01
6.639927865073572377e+01 -1.315623823893748323e+01 2.208405990124234775e-01
6.640139928972669736e+01 -1.307151983391876371e+01 2.216128536942693072e-01
6.638369393527483453e+01 -1.298108219747487446e+01 2.230644792685436695e-01
6.640639509368526205e+01 -1.281772837728840919e+01 2.229107242944167178e-01
6.651617774335819888e+01 -1.276076403699165596e+01 2.204159492183080937e-01
6.641494293338232069e+01 -1.265080278395706870e+01 2.245303087510718276e-01
6.644201733296451096e+01 -1.261543800288665373e+01 2.238363205572070358e-01
6.650632508578405577e+01 -1.254713434643901593e+01 2.226114446301457050e-01
6.662813334004532351e+01 -1.249135459622203825e+01 2.193049030083278339e-01
6.690184925539990957e+01 -1.247279607047776295e+01 2.124372702364064613e-01
6.707273406882450217e+01 -1.242813033208127393e+01 2.079162909509133517e-01
6.711288585773493764e+01 -1.235159089469051352e+01 2.072973620193084843e-01
6.759061557110820218e+01 -1.237615023764694833e+01 1.936844588915122012e-01
6.646582521293375123e+01 -1.528956931077685333e+01 4.443961972735954724e-02
6.745537402339888899e+01 -1.559542008963527593e+01 8.511337513227412721e-03
6.759751867251299018e+01 -1.555260642698082485e+01 4.550253018583139131e-03
6.780913964986230269e+01 -1.543866904407658325e+01 -5.697681237801788257e-04
6.784914045022455298e+01 -1.535853587172125856e+01 -1.207349624703923929e-03
6.792380271978268524e+01 -1.529042949405567597e+01 -2.277504551770670460e-03
6.802225437621233084e+01 -1.522918169202528560e+01 -4.962604160758221639e-03
6.652371542796596771e+01 -1.355175316137125030e+01 6.394230210749884957e-02
6.651756024203278628e+01 -1.346337812413206336e+01 6.457597024151651155e-02
6.663169579233810680e+01 -1.340893549139076946e+01 6.115422143447846182e-02
6.636497936405044129e+01 -1.324922151178051521e+01 7.158345940557320208e-02
6.634280566268267876e+01 -1.315851254775522605e+01 7.396565367920282519e-02
6.635286554742907583e+01 -1.307608273799448639e+01 7.386625674362323757e-02
6.634599301605729238e+01 -1.303143484704106214e+01 7.462407889480582313e-02
6.634674633400143762e+01 -1.294708325877740407e+01 7.537670570888677091e-02
6.634836318289836754e+01 -1.286323465275808431e+01 7.614433614431337372e-02
6.636063976676659593e+01 -1.278093498306723319e+01 7.607975257235055633e-02
6.647301892280148650e+01 -1.272548081993087976e+01 7.362948678063652164e-02
6.640932970094121401e+01 -1.262457120207037065e+01 7.634600226147514324e-02
6.647568712703809979e+01 -1.259926895220077014e+01 7.428393409566291794e-02
6.656081240142702882e+01 -1.253493835469630824e+01 7.238980216753720942e-02
6.666714257116773013e+01 -1.247596204436304745e+01 6.883665686378337423e-02
6.681014553666767597e+01 -1.242553607778455316e+01 6.487117270390707624e-02
6.699257605931924786e+01 -1.238292823891073624e+01 5.853305726025226363e-02
