6.681708780184612806e+01 -1.511490048652331808e+01 1.376924448939858880e+00
6.679340577133106649e+01 -1.502095576040836633e+01 1.376141191115450635e+00
6.676908392844688933e+01 -1.497036629754324011e+01 1.376541183229344378e+00
6.677150111675769040e+01 -1.488555649513704182e+01 1.376201240917307889e+00
6.676351296321662687e+01 -1.479664162576089481e+01 1.375682720851445939e+00
6.675977415786491065e+01 -1.471036984116106971e+01 1.375241628475281530e+00
6.675910798288450110e+01 -1.462482683491292690e+01 1.374851301731214281e+00
6.676014042279742000e+01 -1.454034070080081165e+01 1.374492031447507756e+00
6.676201936218426169e+01 -1.445638209918736194e+01 1.374148309165001747e+00
6.676073388783365203e+01 -1.441420144851107565e+01 1.373941285465035245e+00
6.676090560523468298e+01 -1.432918174731148397e+01 1.373566742713896005e+00
6.676448128500875612e+01 -1.424627941472095927e+01 1.373254253964124150e+00
6.673749176858608223e+01 -1.415383282338131465e+01 1.372428040817880612e+00
6.675591457224403769e+01 -1.407543321943703774e+01 1.372364858953869282e+00
6.680063849799914522e+01 -1.400392956495597296e+01 1.372738200501577577e+00
6.686406645660446202e+01 -1.398070556556960575e+01 1.373614071237377887e+00
6.695302684581091057e+01 -1.392133681313021221e+01 1.374723998954779480e+00
6.708400217547755062e+01 -1.387390514350976645e+01 1.376535307003740272e+00
6.728861597262320515e+01 -1.384624220031317066e+01 1.378570567211056197e+00
6.667093581465938712e+01 -1.539799755335195641e+01 1.211911193337599446e+00
6.667813056591685950e+01 -1.531497737236664136e+01 1.212652172121571281e+00
6.649252058267964571e+01 -1.516528217289385694e+01 1.210123714324082389e+00
6.775781064372991125e+01 -1.533002659122912448e+01 1.220365459229261873e+00
6.774725048983088982e+01 -1.519340425592545429e+01 1.220595426333641820e+00
6.671736602777951930e+01 -1.451526364177603412e+01 1.210699922712543009e+00
6.693002127008841740e+01 -1.436845199474868551e+01 1.212328700828620986e+00
6.756251216714829866e+01 -1.447438070203011407e+01 1.217555453920340813e+00
6.782074089972277875e+01 -1.446467464586088880e+01 1.219496355679309474e+00
6.661521202495984539e+01 -1.372938841411797739e+01 1.208641075995894099e+00
6.645750159006543356e+01 -1.360296582594211401e+01 1.206648145368373060e+00
6.665733840311177971e+01 -1.549041282660562402e+01 1.054093358304375005e+00
6.663641888181309980e+01 -1.539581754357148213e+01 1.053349021866544000e+00
6.645683268836012303e+01 -1.529007949580774195e+01 1.053109541699707163e+00
6.687228929985602122e+01 -1.526105330109033176e+01 1.054384587456370204e+00
6.713876563649961327e+01 -1.526473476698136267e+01 1.054509160472973051e+00
6.750143237201086777e+01 -1.520880383251765977e+01 1.055852199311696715e+00
6.783591930903082812e+01 -1.522993904269985777e+01 1.056103875976356576e+00
6.675528554060097974e+01 -1.449427863447958487e+01 1.054171433313668249e+00
6.688557551786010436e+01 -1.444995089642496566e+01 1.053984236855057377e+00
6.690145644778328915e+01 -1.436996890255097625e+01 1.053874405137791292e+00
6.689369012811543769e+01 -1.432494170856691085e+01 1.053554911818019413e+00
6.708529256067895119e+01 -1.429745567163737618e+01 1.054388776522977356e+00
6.749179064629917946e+01 -1.433144165054450880e+01 1.054810330551945396e+00
6.776626239539585583e+01 -1.432591873258011006e+01 1.056020560729673985e+00
6.653852655778752023e+01 -1.351303247270544006e+01 1.052480963349875953e+00
6.641134820666076166e+01 -1.339614202467686255e+01 1.052001743139906020e+00
6.783483750851718241e+01 -1.339086717352943445e+01 1.054949623038140327e+00
6.665465764150552275e+01 -1.565216767262078434e+01 8.737504715176959147e-01
6.657673636912875281e+01 -1.553750996343703861e+01 8.740379995506585287e-01
6.654265344132714688e+01 -1.543946353857597131e+01 8.740753498380775532e-01
6.656386123588299597e+01 -1.536042061146872229e+01 8.740497690513812090e-01
6.654017317154742273e+01 -1.526647442394797594e+01 8.742659015672983314e-01
6.653855868232656690e+01 -1.522290835273120280e+01 8.750470248667684414e-01
6.653960985422033048e+01 -1.513842824594904357e+01 8.746868331162814814e-01
6.654594226438332782e+01 -1.505487349102754990e+01 8.754124495695284613e-01
6.653179370516708957e+01 -1.496449618583793395e+01 8.757920502389260342e-01
6.655023898912966729e+01 -1.488610381524975779e+01 8.757276374611215886e-01
6.654087570760049175e+01 -1.479751522365996763e+01 8.751891594144277642e-01
6.652439961715313643e+01 -1.474944079341418757e+01 8.757214131880547425e-01
6.652574738294642032e+01 -1.466633614937840591e+01 8.763728663280111464e-01
6.651415098339943199e+01 -1.457754309173794915e+01 8.757994062951680592e-01
6.652079052655363967e+01 -1.449536525264281117e+01 8.765368697534382525e-01
6.653392069648094775e+01 -1.441603662408733655e+01 8.763871477419101774e-01
6.652092551886741489e+01 -1.432756417242906366e+01 8.767940817550080590e-01
6.651356960771907723e+01 -1.424141037678765720e+01 8.762983429350248432e-01
6.651481759360959245e+01 -1.420081086093456335e+01 8.771376366646381761e-01
6.651615929624237822e+01 -1.411770184182259591e+01 8.767898148904522682e-01
6.755073054911906638e+01 -1.425363685846978967e+01 8.723516798556935070e-01
6.680193712181466026e+01 -1.378343903975180496e+01 8.757184062695017035e-01
6.647941177466796603e+01 -1.340326324362447963e+01 8.780611612392481558e-01
6.650513995325751182e+01 -1.332822967425192573e+01 8.781267850637788364e-01
6.637603632137751219e+01 -1.321251384053070410e+01 8.786234037117787166e-01
6.651074894065878595e+01 -1.565542592623609508e+01 7.415302919424959782e-01
6.649320521631855740e+01 -1.556293845123084907e+01 7.428472576920699399e-01
6.647090027788456723e+01 -1.546866758743002279e+01 7.430828824183298709e-01
6.647246706148222017e+01 -1.538332898995973252e+01 7.437264584461398265e-01
6.646925697882116424e+01 -1.529620293339596770e+01 7.442885797069197507e-01
6.646468453641467988e+01 -1.520940824089484522e+01 7.438311745332301106e-01
6.645129044014896635e+01 -1.516206560203221798e+01 7.444138747483902696e-01
6.645540096739793512e+01 -1.507830999627103452e+01 7.451042215419781956e-01
6.644858000613005800e+01 -1.499130636234839287e+01 7.456117525024569259e-01
6.645047256442445871e+01 -1.490735117084697947e+01 7.452671971240342197e-01
6.645064574098091725e+01 -1.482233241922693168e+01 7.458916642071123926e-01
6.644074166820215055e+01 -1.473459517652275963e+01 7.463488128011045442e-01
6.644432610719719889e+01 -1.465169323235356558e+01 7.460354770971096006e-01
6.643740025249432790e+01 -1.460719210926231781e+01 7.467309668165983405e-01
6.644798181701843021e+01 -1.452627746670686193e+01 7.465345942741895557e-01
6.645802395664880180e+01 -1.444621558469559019e+01 7.473339651539022688e-01
6.644280477258850226e+01 -1.435754208482433825e+01 7.477056257232326253e-01
6.643937548242544722e+01 -1.427264701048513196e+01 7.472759392243982779e-01
6.643625676086173826e+01 -1.418913383942097184e+01 7.478573965280226332e-01
6.641531868465690991e+01 -1.414065087275403876e+01 7.483194853081404085e-01
6.642056811570699892e+01 -1.405879449000807213e+01 7.490376326038359345e-01
6.644238865913777659e+01 -1.398250782232386058e+01 7.490361506127776181e-01
6.642988043296135459e+01 -1.364843713212811238e+01 7.493641646661787226e-01
6.642274118213661893e+01 -1.360617177127719657e+01 7.500671194746517667e-01
6.644147112291642543e+01 -1.352914908435960406e+01 7.500155164292562349e-01
6.644534158921516109e+01 -1.344761823671989376e+01 7.497148390526982009e-01
6.644389601935449718e+01 -1.336515228652489817e+01 7.503282438073475280e-01
6.645201770330017155e+01 -1.328626512530753701e+01 7.501051448315000370e-01
6.645226700413969922e+01 -1.320485484242275476e+01 7.507496473071153531e-01
6.646175521311167245e+01 -1.312563717716925282e+01 7.505464741174194820e-01
6.645822027233673168e+01 -1.308324582794671542e+01 7.503048593749220840e-01
6.648478933009455716e+01 -1.300873798266711745e+01 7.503863538283465084e-01
6.648589703356073244e+01 -1.292785809635269878e+01 7.500468721936259797e-01
6.650014219992287678e+01 -1.285042342234741142e+01 7.509256582273107217e-01
6.680171561154388371e+01 -1.276007118512466398e+01 7.471830585437033712e-01
6.684418454264800857e+01 -1.268835845558022868e+01 7.475232363796940893e-01
6.699537506847400437e+01 -1.268303555833735885e+01 7.458340101462745952e-01
6.722579190610684918e+01 -1.265366617699304719e+01 7.432623350931044648e-01
6.758704111664553693e+01 -1.265242366863842882e+01 7.398346633049092125e-01
6.651206948209298275e+01 -1.577133137167818333e+01 5.880484689725895553e-01
6.648720352603487527e+01 -1.567547243808440882e+01 5.892373287302936635e-01
6.650373655434951559e+01 -1.555214009428479471e+01 5.899416942654338580e-01
6.673367472847294835e+01 -1.554845528754491113e+01 5.864685466053206619e-01
6.673184539181083608e+01 -1.546100476093364762e+01 5.870504522116878343e-01
6.674178731055313563e+01 -1.537732617064550311e+01 5.878307805717184475e-01
6.644992774435289107e+01 -1.518999011503327878e+01 5.924977425395199226e-01
6.639941888406471548e+01 -1.325752643958733579e+01 6.021474337344698835e-01
6.637443911293131293e+01 -1.308832835082648316e+01 6.040152320724040402e-01
6.636836049041787078e+01 -1.280320795241637200e+01 6.046644342366261915e-01
6.639576906144709767e+01 -1.272922441970452923e+01 6.047616527390193841e-01
6.641704215135378320e+01 -1.265378599698772355e+01 6.037578040815728686e-01
6.674831273676920773e+01 -1.265163109832144883e+01 5.988622616068757232e-01
6.668906996875902848e+01 -1.251552092489895074e+01 6.003491190262664201e-01
6.677292931105209561e+01 -1.245298329614722022e+01 5.993690012453538607e-01
6.690074401627849454e+01 -1.240121301408359678e+01 5.971149815280043516e-01
6.706568812762456844e+01 -1.235597147742463875e+01 5.944631302630108971e-01
6.677280564837892030e+01 -1.582610877341631195e+01 4.132884481180723601e-01
6.658050283208109477e+01 -1.566992500437562086e+01 4.186284053411344352e-01
6.649629548938943913e+01 -1.559630068096017297e+01 4.210023748758801032e-01
6.648745013738407295e+01 -1.550685676859919937e+01 4.224670552784552946e-01
6.647639405119429057e+01 -1.541721608455573289e+01 4.228968681162236232e-01
6.648188421445630070e+01 -1.533313419348260354e+01 4.236065865546105869e-01
6.647885667262100640e+01 -1.516099239846363034e+01 4.247928259094148618e-01
6.643900434579811076e+01 -1.502035165940759853e+01 4.265523365306478909e-01
6.658569722121617929e+01 -1.327078507488009507e+01 4.350593373293004662e-01
6.658647029019488173e+01 -1.318851795981952790e+01 4.357082806239750972e-01
6.661750726191242222e+01 -1.311441667654386123e+01 4.348603240829090888e-01
6.661467805799988184e+01 -1.303227621117441970e+01 4.354545304810246154e-01
6.656187632076041893e+01 -1.297818583780503054e+01 4.374012542815657323e-01
6.669396230967937811e+01 -1.292905987244730426e+01 4.342233697626933786e-01
6.659092122193418106e+01 -1.282246860796026589e+01 4.371635203228285138e-01
6.638657125626664879e+01 -1.253116526289479182e+01 4.427269333235169801e-01
6.645229623579122347e+01 -1.246562663923159064e+01 4.414533611758404419e-01
6.652516764617129752e+01 -1.244235956876050153e+01 4.404760748572760787e-01
6.693384473081141550e+01 -1.245401608594504594e+01 4.308366193601440575e-01
6.675225037314457666e+01 -1.233170972495485174e+01 4.354957025739204513e-01
6.698374402796378035e+01 -1.230063805670403809e+01 4.309337160917434129e-01
6.658882864969926629e+01 -1.577244405171278885e+01 2.641946274597938293e-01
6.650647183497022752e+01 -1.556873270238785878e+01 2.690165819778611578e-01
6.648576249135331295e+01 -1.551802182433413080e+01 2.694711193473422473e-01
6.649603300984466614e+01 -1.543572900111960067e+01 2.702624727152825868e-01
6.651194229353532705e+01 -1.535575564446795482e+01 2.701510001266053118e-01
6.650871357054560917e+01 -1.526862309816177898e+01 2.717130104031720839e-01
6.650584916652304912e+01 -1.501146028763001539e+01 2.745237274469906064e-01
6.650509333767564613e+01 -1.496842420977782950e+01 2.743204813213029336e-01
6.650304599859180144e+01 -1.488320601924340281e+01 2.749097359291780007e-01
6.650714554159942793e+01 -1.479944639306491361e+01 2.756004320587992495e-01
6.649722444754610251e+01 -1.471170366760405557e+01 2.770575289185781553e-01
6.650557171693523628e+01 -1.463058611841594292e+01 2.778257722788352035e-01
6.648386590230484217e+01 -1.453906420795794219e+01 2.790845642236574609e-01
6.647078754658174660e+01 -1.449310271250515569e+01 2.796788456536241085e-01
6.646170571447842690e+01 -1.440588470468500759e+01 2.811516346983381487e-01
6.646218789715533148e+01 -1.432224347160430256e+01 2.817878611095350205e-01
6.645822105430984550e+01 -1.423820176025553152e+01 2.823538899528968971e-01
6.644862037193549043e+01 -1.415184022901869909e+01 2.828228225178037736e-01
6.645557403382446182e+01 -1.407104252554745472e+01 2.835719867318187148e-01
6.644904385691179982e+01 -1.398540957488889447e+01 2.840917705401836413e-01
6.643628311577849388e+01 -1.394082982582568064e+01 2.846974859110726896e-01
6.643365904318048365e+01 -1.385644850308032794e+01 2.862835073227057991e-01
6.642915046129300549e+01 -1.377325638342575864e+01 2.868456505292994452e-01
6.642208578148537867e+01 -1.368847583891924558e+01 2.873614939126307721e-01
6.641364359332803247e+01 -1.360402177829830705e+01 2.878577012488643394e-01
6.641133501041022669e+01 -1.352102200416912225e+01 2.894552422127804059e-01
6.641298172158359137e+01 -1.343928970324347461e+01 2.891193232564885918e-01
6.641899209409541527e+01 -1.340047201543424471e+01 2.900406581054977284e-01
6.641139103826355949e+01 -1.331654327436678642e+01 2.905526487407000813e-01
6.652396049318925009e+01 -1.326474274956964550e+01 2.880608829448296770e-01
6.640796240840150233e+01 -1.315246136095106877e+01 2.917754609874888549e-01
6.639897822666806348e+01 -1.306885729616369574e+01 2.922679594123482882e-01
6.640229529612697945e+01 -1.298817276933972131e+01 2.929633477549581366e-01
6.639278359678316122e+01 -1.290542433036856096e+01 2.934517893039951808e-01
6.638700363116602432e+01 -1.286282564995670086e+01 2.941749630748028421e-01
6.640741158494181207e+01 -1.278685320606577847e+01 2.941552170440248082e-01
6.638529359015396381e+01 -1.262061950973738433e+01 2.950818543911299940e-01
6.641800041384260567e+01 -1.254756680964234050e+01 2.952653798088159531e-01
6.646474575085957781e+01 -1.247850491085679892e+01 2.936831754552298168e-01
6.653900869902855675e+01 -1.245491441874534644e+01 2.917258180653971023e-01
6.663636727913100799e+01 -1.239721651201830355e+01 2.899752817637757385e-01
6.674488342115108708e+01 -1.234053642010118246e+01 2.864015155059009832e-01
6.699126896843885959e+01 -1.231398286949969645e+01 2.800890051551895299e-01
6.648202301306852746e+01 -1.553621935166519918e+01 1.224757508405995843e-01
6.647701129222512861e+01 -1.549053953564288832e+01 1.231948804133077280e-01
6.645638633088012170e+01 -1.539731905496921271e+01 1.244612867240214582e-01
6.645571208629750970e+01 -1.531177392639588675e+01 1.260695673723404298e-01
6.645197499004572705e+01 -1.522550268590253708e+01 1.266276060898963163e-01
6.647965178471815761e+01 -1.514930006068150448e+01 1.267146124147326969e-01
6.791240422410213284e+01 -1.545685920824477222e+01 7.716591740750289308e-02
6.790484237524051991e+01 -1.540959580439236021e+01 7.783915881679837057e-02
6.792676452841573109e+01 -1.532745682726775627e+01 7.881221037688557196e-02
6.791556182953631549e+01 -1.523418693192594731e+01 8.022518733827743720e-02
6.657691961717382867e+01 -1.471436474349161294e+01 1.282790740443235933e-01
6.656784664256643680e+01 -1.462715055778188500e+01 1.297517185583236810e-01
6.656663856084301756e+01 -1.454245708355446709e+01 1.303569633360308622e-01
6.653398797946697130e+01 -1.444768286667070711e+01 1.324329209491492687e-01
6.651866647294883705e+01 -1.440151464300832629e+01 1.339918436185368877e-01
6.650565640034719195e+01 -1.431303690676688589e+01 1.353985508905918289e-01
6.650306195186021796e+01 -1.422866609404788107e+01 1.359843637488945545e-01
6.649122322901033044e+01 -1.414210045101915014e+01 1.374180279732970522e-01
6.649254816168993898e+01 -1.405898554407754020e+01 1.380701863289315323e-01
6.647062520697400601e+01 -1.396969819110073985e+01 1.393364697240986327e-01
6.647057050639432418e+01 -1.388690957027129969e+01 1.399690776439959095e-01
6.645301239059294574e+01 -1.384053527112627791e+01 1.414929871571596331e-01
6.644765356343204132e+01 -1.375681441368042890e+01 1.420397279178721162e-01
6.645459274843737774e+01 -1.367601107995979604e+01 1.427892996933145531e-01
6.645060256754067041e+01 -1.359195991518425295e+01 1.433561190167356170e-01
6.642897084691917087e+01 -1.350404581414256810e+01 1.456338058242789835e-01
6.643008025902631175e+01 -1.342316647180125599e+01 1.462934850817685373e-01
6.666384253646543812e+01 -1.344430769017370508e+01 1.379933494472166400e-01
6.650801516550804138e+01 -1.332028228270536374e+01 1.440414221701470376e-01
6.637074236257291204e+01 -1.259665229840624789e+01 1.537334286668547989e-01
6.641354506812311342e+01 -1.252632457687044365e+01 1.530848901321648636e-01
6.646388918447111394e+01 -1.245713441829495238e+01 1.515575404975116891e-01
6.657408930207793674e+01 -1.240150551012474978e+01 1.490143527373358756e-01
6.669369591377889606e+01 -1.238835692935633404e+01 1.448028442428184182e-01
6.746995185248528060e+01 -1.247946862800859691e+01 1.181869558358742411e-01
6.752410084510634647e+01 -1.240791890299545130e+01 1.167089599752344498e-01
6.677791376407623147e+01 -1.484789447785232142e+01 -4.204995376743647650e-02
6.681397309085694758e+01 -1.477335473194419890e+01 -4.282526007984188698e-02
6.685343127198598268e+01 -1.470092973889429722e+01 -4.353875180340283091e-02
6.693834635254165732e+01 -1.464256415116626187e+01 -4.648875766927695885e-02
6.700582341064938419e+01 -1.457809765844519845e+01 -4.773430111829446432e-02
6.721334856905667721e+01 -1.451317355363726946e+01 -5.482256410160757376e-02
6.735963583011327671e+01 -1.447166696433766475e+01 -6.075076582489147281e-02
6.753821950293053078e+01 -1.435211500527751660e+01 -6.552613951515007251e-02
6.762163072458338320e+01 -1.429045418766507147e+01 -6.851262586122341958e-02
6.639348682422286174e+01 -1.310997892105535456e+01 -8.674145285725076704e-03
6.638533586648829043e+01 -1.302689811130256814e+01 -7.166296149197615151e-03
6.638250068808420679e+01 -1.294475280757757929e+01 -6.572203426035039264e-03
6.638974012779132750e+01 -1.286532660624225244e+01 -5.810531942575636322e-03
6.641872058352481645e+01 -1.275212636013298351e+01 -5.861884648958981536e-03
6.784364900591130265e+01 -1.301459120745620979e+01 -6.471494159659352263e-02
6.785214658319208070e+01 -1.293122002652905422e+01 -6.395023736805005576e-02
6.784610792134617441e+01 -1.284472423980843203e+01 -6.342352595592970488e-02
6.785769165579466744e+01 -1.276208570962408118e+01 -6.360782694172251173e-02
