6.703012774517107175e+01 -1.508207325106524799e+01 1.438122201051859950e+00
6.702889807700084646e+01 -1.499927668273773662e+01 1.437415927857370157e+00
6.696215031903699355e+01 -1.489589829414659228e+01 1.435482778066393017e+00
6.692766423360023964e+01 -1.484407424114035656e+01 1.434497212166296443e+00
6.690977762342886592e+01 -1.475745691799968284e+01 1.433491184177000832e+00
6.689937558067792622e+01 -1.467219198189980034e+01 1.432617294391863805e+00
6.686371156014524786e+01 -1.457980404556199261e+01 1.431277185290040777e+00
6.687968215821781826e+01 -1.450360603208320676e+01 1.430904184964324699e+00
6.688954419761432746e+01 -1.442576551553513831e+01 1.430419275548470370e+00
6.689974636225365145e+01 -1.438793379199562494e+01 1.430270950051549583e+00
6.693653486934911712e+01 -1.431832250379297378e+01 1.430288874329872062e+00
6.699218539352261814e+01 -1.425279285827597242e+01 1.430645087979755870e+00
6.707393305047335730e+01 -1.419494183207923754e+01 1.431486126718680474e+00
6.717149135661853165e+01 -1.414035198513078129e+01 1.432609501949019037e+00
6.728042949415284113e+01 -1.408849469296972146e+01 1.433939376843063718e+00
6.673183275335806286e+01 -1.530196720074813932e+01 1.278111984421498537e+00
6.671587768563514942e+01 -1.521421799300026123e+01 1.278126460040412526e+00
6.652085473098517809e+01 -1.506909985879775249e+01 1.275778393415984979e+00
6.670204461649910854e+01 -1.504589348636491053e+01 1.276506685604202440e+00
6.667900862917389304e+01 -1.451221186301246391e+01 1.273713126950271501e+00
6.780207961601298905e+01 -1.455358460976150425e+01 1.283171846456107934e+00
6.780665251733225318e+01 -1.447102945246890293e+01 1.282563494868145471e+00
6.666976835210078889e+01 -1.382980821150045436e+01 1.268923569485665981e+00
6.648091025263587994e+01 -1.373942652573859746e+01 1.267129888040425367e+00
6.668731444748149784e+01 -1.371609120651533686e+01 1.268268415424484763e+00
6.668878672553539388e+01 -1.546344789246778362e+01 1.127734660548300738e+00
6.667536087430896430e+01 -1.537737277088568177e+01 1.126803159179722069e+00
6.689460487309547432e+01 -1.536736470711140967e+01 1.127253473020723984e+00
6.665680119723674579e+01 -1.520711552799654243e+01 1.126090361292126252e+00
6.772619201821331103e+01 -1.542862317112801307e+01 1.130166283582337838e+00
6.778729105291228052e+01 -1.527748520480552408e+01 1.129898387541491189e+00
6.783576780430507824e+01 -1.520838848056286174e+01 1.129107380295461871e+00
6.684863616267823261e+01 -1.453393545981477608e+01 1.123603960291665871e+00
6.694457129972177256e+01 -1.448187845458797085e+01 1.123720598965096684e+00
6.690833475021015886e+01 -1.439032032503524761e+01 1.123378836324624430e+00
6.691819281505840422e+01 -1.431247888780223398e+01 1.122894212358257926e+00
6.696669969163937708e+01 -1.428560445812783364e+01 1.123454666490261600e+00
6.749380579034155403e+01 -1.435214508977538728e+01 1.124508264130396729e+00
6.774796767029469891e+01 -1.434000756500559959e+01 1.125508874055059394e+00
6.658549101089450062e+01 -1.358298769686976826e+01 1.118502918237255450e+00
6.647622616688940411e+01 -1.347672493359126378e+01 1.117863327054380740e+00
6.784692709732601656e+01 -1.345584369624138077e+01 1.121819680708640243e+00
6.669699095517198373e+01 -1.562030587365312506e+01 9.561421823341724746e-01
6.665772891212151308e+01 -1.552431626410188770e+01 9.557116893488435405e-01
6.663873281149095362e+01 -1.543575173546829937e+01 9.556697354758906249e-01
6.662666904235936727e+01 -1.534937834403429413e+01 9.557578758691293030e-01
6.662795201758967778e+01 -1.526824480568719977e+01 9.551047492482285239e-01
6.660977783266980623e+01 -1.518022825137177279e+01 9.550812281251517266e-01
6.660082510346452978e+01 -1.513691328001816316e+01 9.555775212906619798e-01
6.659737605816241057e+01 -1.505384632899717268e+01 9.548325977368047335e-01
6.658641871428328329e+01 -1.496941633676654426e+01 9.549556628084929777e-01
6.657611891542892124e+01 -1.460211528507303669e+01 9.537455851818698038e-01
6.657542420986682430e+01 -1.452209033928670223e+01 9.540718873538431843e-01
6.678814079082624744e+01 -1.442457170511572961e+01 9.526953783283104160e-01
6.678271856438553300e+01 -1.434261690690987301e+01 9.529301643905682129e-01
6.692280740199919364e+01 -1.430177807449800120e+01 9.518521069051153471e-01
6.743673312316192892e+01 -1.440898626751601341e+01 9.500284568713578404e-01
6.753876970537490365e+01 -1.435494978663119880e+01 9.492280836008640810e-01
6.764384398533829312e+01 -1.430172864980558955e+01 9.494839389886423620e-01
6.653491326414621199e+01 -1.348022314840350333e+01 9.508119695665709914e-01
6.655280186708776569e+01 -1.340651480060131817e+01 9.504932918962150090e-01
6.657512181658664474e+01 -1.333333771862217532e+01 9.502507938458149006e-01
6.789819257426452737e+01 -1.329408801226366776e+01 9.452887101537844616e-01
6.657169309979097704e+01 -1.559102860543485924e+01 8.298592878174995136e-01
6.655353348616256426e+01 -1.550301771612632251e+01 8.298351258703495770e-01
6.651957814060041585e+01 -1.545034282562001238e+01 8.308504326558349140e-01
6.652002939990674690e+01 -1.536865537946376925e+01 8.301789042373983740e-01
6.651573736016399607e+01 -1.528502927000129930e+01 8.304151772607951676e-01
6.651478146254623880e+01 -1.520361865207334695e+01 8.307238366144938935e-01
6.651298801710095177e+01 -1.512165254571964823e+01 8.310146420926661781e-01
6.651760051128894702e+01 -1.504273067479201487e+01 8.304340313219594760e-01
6.648920720198201195e+01 -1.499254031181707880e+01 8.305599602401276815e-01
6.649906697853606374e+01 -1.491469480267879533e+01 8.310733676280515070e-01
6.649284233842142555e+01 -1.483219873014954615e+01 8.302888972402990841e-01
6.649215664375364554e+01 -1.475217747531185530e+01 8.306146308682252899e-01
6.649117928357406981e+01 -1.467075776337680892e+01 8.309243276260906974e-01
6.649966134664573758e+01 -1.459320301034139433e+01 8.304186274304506954e-01
6.650203458707099458e+01 -1.451400615138330608e+01 8.298010319269952806e-01
6.650556706097488302e+01 -1.447536528850522686e+01 8.305382405239759569e-01
6.650182856349019289e+01 -1.439452381602629671e+01 8.298087714511186430e-01
6.649723752932649745e+01 -1.431312028677724868e+01 8.300613036459910665e-01
6.650348881672708501e+01 -1.423529502856294471e+01 8.295183757121756818e-01
6.650833877132797056e+01 -1.415774817536905061e+01 8.299555643868454791e-01
6.650319099340566709e+01 -1.407718326725773039e+01 8.302066934292567923e-01
6.650721415367218015e+01 -1.399908697199782104e+01 8.296262786338715056e-01
6.649241618452029456e+01 -1.395551543513092163e+01 8.300277015013014514e-01
6.649865475117795199e+01 -1.387768516849496159e+01 8.294855690826019590e-01
6.650434028635660866e+01 -1.380069484166488891e+01 8.289416575533852249e-01
6.651222676798802524e+01 -1.372396318129923465e+01 8.294357963846692439e-01
6.648819365866185649e+01 -1.363930687931236108e+01 8.293495932621366418e-01
6.651303022084344718e+01 -1.356779718066607288e+01 8.291606991601996324e-01
6.651176249622258752e+01 -1.348860583144349867e+01 8.284873158381451663e-01
6.649778776684782144e+01 -1.344558372049030304e+01 8.289072643189475675e-01
6.648235730630459273e+01 -1.336422979745314876e+01 8.289879200463536879e-01
6.649885744907734875e+01 -1.329080616274051607e+01 8.286494672233982728e-01
6.650230478694290071e+01 -1.321354269482941568e+01 8.280689010877333445e-01
6.652018278973785925e+01 -1.313982960103207631e+01 8.277507873737448563e-01
6.654805534614732210e+01 -1.306913588711694274e+01 8.276191689670427953e-01
6.658267784560179336e+01 -1.303787244731572947e+01 8.269209333515792348e-01
6.666886535007230918e+01 -1.298056359316595021e+01 8.258411879573194225e-01
6.683195059927393800e+01 -1.293932818420135789e+01 8.241355014817489666e-01
6.699282494036174285e+01 -1.289783374144693084e+01 8.223923178979160031e-01
6.736580823921092076e+01 -1.290187173096978768e+01 8.194487819785458704e-01
6.749417287653754727e+01 -1.284965404058728566e+01 8.180932406831904480e-01
6.652112176019069523e+01 -1.572342283750840153e+01 6.841216124825821865e-01
6.649183796310290973e+01 -1.563044115523195821e+01 6.848766342599369450e-01
6.648450356588466548e+01 -1.554599827304173765e+01 6.850564156565366325e-01
6.647549884514396012e+01 -1.546044758129081487e+01 6.852002348885459782e-01
6.646488003458128446e+01 -1.541602532570756878e+01 6.856600431771741055e-01
6.645226906052609195e+01 -1.533049345206672243e+01 6.857461843092582665e-01
6.645353122075368901e+01 -1.524934833233018594e+01 6.860926881318634152e-01
6.645646264473280951e+01 -1.516931260882853927e+01 6.864754476275305439e-01
6.644994486120717170e+01 -1.508541532700278331e+01 6.866740629417799058e-01
6.644981432299049118e+01 -1.500455439693697812e+01 6.870010759448975657e-01
6.645525562270093189e+01 -1.492618392861061949e+01 6.864385907361655326e-01
6.643074778006658221e+01 -1.487736780132548553e+01 6.866387332818365552e-01
6.644616016539391978e+01 -1.480200222591050974e+01 6.872624860708784755e-01
6.643769797358045537e+01 -1.471923052396176246e+01 6.874400733056069690e-01
6.643840380712327942e+01 -1.463892492846141025e+01 6.867859894539654064e-01
6.642938699166137440e+01 -1.455699210983786429e+01 6.869619717748816079e-01
6.643617738583618859e+01 -1.447831875895037257e+01 6.874201164097905048e-01
6.643409422010530818e+01 -1.439857852625359058e+01 6.877266434291644526e-01
6.641374814466905718e+01 -1.435252718205511613e+01 6.880174078813421357e-01
6.641556331678307856e+01 -1.427416749240018845e+01 6.873983461593264899e-01
6.641180108765561840e+01 -1.419331536551338679e+01 6.876690337135710207e-01
6.641970082040162993e+01 -1.411658792047132316e+01 6.881622004781058344e-01
6.642456020345684919e+01 -1.403904566156355926e+01 6.875996062895455285e-01
6.641940580236720848e+01 -1.395847692933718420e+01 6.878508648518489865e-01
6.641071427105195824e+01 -1.391654763299354691e+01 6.883644432668643010e-01
6.641418466162193113e+01 -1.383929087931728397e+01 6.877823696669276288e-01
6.640458752216045468e+01 -1.375818732683205070e+01 6.879580390139130586e-01
6.641193781657484863e+01 -1.368230283359219612e+01 6.874504003084921377e-01
6.641898357284655674e+01 -1.360501357518583987e+01 6.879266164940953665e-01
6.641104880683863598e+01 -1.352501599041335290e+01 6.881388784994416641e-01
6.641312066900556488e+01 -1.344804184674734060e+01 6.875377428124370693e-01
6.640692243580409126e+01 -1.340777018242714114e+01 6.881058972812319485e-01
6.640731920620552842e+01 -1.332968506382187357e+01 6.874688154639950755e-01
6.640936918727821592e+01 -1.325270092233322039e+01 6.878679910951350784e-01
6.641364956553832144e+01 -1.317598937876901033e+01 6.873054747701149436e-01
6.640958516453986249e+01 -1.309736115777750243e+01 6.875927677786705106e-01
6.641636837837219787e+01 -1.302231357747189300e+01 6.870847358439189367e-01
6.643653754005302403e+01 -1.298748752199679046e+01 6.871239705202039083e-01
6.644858778897014417e+01 -1.291352603505219321e+01 6.867103537430458982e-01
6.645590999141688826e+01 -1.283763205587961842e+01 6.862046843808410346e-01
6.671176057986153296e+01 -1.281938472205439083e+01 6.831859991259461307e-01
6.681200596049569640e+01 -1.260749918160100691e+01 6.810652691466640984e-01
6.680970049558627011e+01 -1.256860951701967366e+01 6.807088883576369875e-01
6.691863233812428291e+01 -1.251313891515340693e+01 6.790132716954454528e-01
6.711809122256633486e+01 -1.247675957054710771e+01 6.759367256986341665e-01
6.748525320809697803e+01 -1.247331892865818048e+01 6.708394573268450234e-01
6.652650414748980268e+01 -1.568914810056052289e+01 5.228967177208535544e-01
6.652916536608798026e+01 -1.560772301277346408e+01 5.232625519292806171e-01
6.670739230338381276e+01 -1.558735521994368689e+01 5.199642550695405818e-01
6.656115332735602408e+01 -1.545533793287897240e+01 5.235113844537074845e-01
6.650575448324791239e+01 -1.535467198561691404e+01 5.247824988220279874e-01
6.651596751727028334e+01 -1.531684117825845171e+01 5.246328527620546245e-01
6.654362208100717169e+01 -1.524477271761478292e+01 5.244800321963958289e-01
6.661850141932045233e+01 -1.518837156927845911e+01 5.232184947214184589e-01
6.644808396367278647e+01 -1.505116284154627948e+01 5.273336700151477485e-01
6.645572833140471403e+01 -1.497305130258890316e+01 5.278089440133730825e-01
6.644254869229504834e+01 -1.488835185392927229e+01 5.278939743014822161e-01
6.643664070634744689e+01 -1.484585352118088153e+01 5.284464392592245208e-01
6.643206954306229761e+01 -1.476445802969726984e+01 5.286980784492376628e-01
6.643971644700577883e+01 -1.468634765554775612e+01 5.281740257591214238e-01
6.644374873049204666e+01 -1.460825335456191354e+01 5.285921099846361271e-01
6.643527646987607227e+01 -1.452547611399800687e+01 5.287700250293038140e-01
6.642985372076077510e+01 -1.444351867741787210e+01 5.290040958318455999e-01
6.642998781974873168e+01 -1.436404513375475389e+01 5.293485831605886371e-01
6.642130397185798074e+01 -1.432211807509101220e+01 5.298617087498425082e-01
6.640533071955056243e+01 -1.423798212469904101e+01 5.299081207103689684e-01
6.642406202279866534e+01 -1.416482690552713919e+01 5.306054279537573137e-01
6.640975485184864624e+01 -1.408179823936480091e+01 5.306883247911660106e-01
6.640849148025972681e+01 -1.400260571808161814e+01 5.310135757139592405e-01
6.640722228260160875e+01 -1.392341161905019575e+01 5.313390169899923077e-01
6.640159737174867871e+01 -1.388230895722218072e+01 5.309086942582748048e-01
6.639367399609666620e+01 -1.380231492616841749e+01 5.311204552511759047e-01
6.638712689753515406e+01 -1.372203038409083220e+01 5.313521633991968862e-01
6.639889752177268178e+01 -1.364667150781943761e+01 5.319204229944873852e-01
6.639179897515006701e+01 -1.356722795772588697e+01 5.321507141884407321e-01
6.639136403011372067e+01 -1.348858893155050609e+01 5.314952007762705488e-01
6.639785622210378335e+01 -1.341214040485295378e+01 5.319699633899772628e-01
6.638540032049978379e+01 -1.329298408860545422e+01 5.317871758576425689e-01
6.637383265475729388e+01 -1.321299216017603229e+01 5.329419083311817129e-01
6.637367427211100335e+01 -1.313574671847209530e+01 5.323033385569708731e-01
6.636637373691741004e+01 -1.297903903282808535e+01 5.328963181904567969e-01
6.636610501063557876e+01 -1.286315758044022317e+01 5.329391336931745826e-01
6.636675328480068004e+01 -1.278645393886880477e+01 5.333192380618871908e-01
6.637657832379204592e+01 -1.271222392343289087e+01 5.328679934951561226e-01
6.639472600013769465e+01 -1.263990098630194048e+01 5.325670710122334395e-01
6.644148630365384633e+01 -1.257330495897812028e+01 5.307753121259333184e-01
6.647988656795766360e+01 -1.250478264426647357e+01 5.308332485080611285e-01
6.658699018204066533e+01 -1.248907178043218735e+01 5.284339873378436359e-01
6.651433748544297941e+01 -1.577710494377686778e+01 3.774085275448613164e-01
6.660562528303540830e+01 -1.572676582518793253e+01 3.754600402674141968e-01
6.653094222928700674e+01 -1.553613690930336233e+01 3.776721225598138054e-01
6.651970207452663431e+01 -1.545031084912526609e+01 3.787779466399402994e-01
6.652097138683464550e+01 -1.536916875968863039e+01 3.791242337832121390e-01
6.649950945720541995e+01 -1.532116942176161700e+01 3.803798862175679640e-01
6.652537110635486783e+01 -1.516713406190521241e+01 3.805176647810508683e-01
6.656219342783121817e+01 -1.509753210306381810e+01 3.795334103918259760e-01
6.650010502137982371e+01 -1.499604897833921235e+01 3.816909965550034367e-01
6.649692125889666272e+01 -1.491436692538244202e+01 3.819622595557004563e-01
6.648267590463613885e+01 -1.486995454585023069e+01 3.833646162580355288e-01
6.646560390806975249e+01 -1.478387743273962407e+01 3.833757997013381158e-01
6.647240172096940114e+01 -1.470520671632009524e+01 3.838335499889047320e-01
6.647392851937404146e+01 -1.462544898346430244e+01 3.841974685423402702e-01
6.646629353848257438e+01 -1.454322762644099498e+01 3.843935045227356850e-01
6.646252612209349309e+01 -1.446237143012106507e+01 3.856635118227136338e-01
6.646266048480869415e+01 -1.438289748919182109e+01 3.860080002678323297e-01
6.645230525402865851e+01 -1.433986077258377989e+01 3.864850123505801927e-01
6.644632920435896040e+01 -1.425874367044632507e+01 3.867176306976012334e-01
6.644340134017870980e+01 -1.417844491974098631e+01 3.870064311285895675e-01
6.644130572278032787e+01 -1.409869928398575389e+01 3.873134270080830222e-01
6.643393723742119050e+01 -1.401786597377484966e+01 3.875266152467871650e-01
6.644573530412250761e+01 -1.394251906986239753e+01 3.870944316491121695e-01
6.642918342890706640e+01 -1.385921174374163378e+01 3.881396325857322527e-01
6.644104240336044143e+01 -1.382248057700610211e+01 3.880277506572916146e-01
6.643144208539440854e+01 -1.374137491442785475e+01 3.882034108289174612e-01
6.642487840532575660e+01 -1.366108274728617644e+01 3.894351781142970093e-01
6.642833793202190407e+01 -1.358382164488088151e+01 3.888536673543520061e-01
6.642512644035174674e+01 -1.350575338504557976e+01 3.891582363582828941e-01
6.641633278114190375e+01 -1.342518952355597328e+01 3.903524514832422132e-01
6.640931516989989802e+01 -1.338437105044256725e+01 3.899027571216271415e-01
6.666469585331307712e+01 -1.337061345932342959e+01 3.829106782606828685e-01
6.653424685491624757e+01 -1.325995251654352636e+01 3.868942186361257196e-01
6.667601774138610438e+01 -1.321661556516735203e+01 3.828255840631249463e-01
6.643334910359408241e+01 -1.307970841435559706e+01 3.897822877539008357e-01
6.642093832525111452e+01 -1.299915902129091450e+01 3.909195068085165592e-01
6.643909660271575035e+01 -1.292684083063317857e+01 3.906179607744316162e-01
6.642234468684520721e+01 -1.288438854193006478e+01 3.909985068206464076e-01
6.666992941580926413e+01 -1.286425829356241834e+01 3.838300101387644436e-01
6.644254541044266205e+01 -1.273508527007805569e+01 3.900977015792764235e-01
6.640595642358209716e+01 -1.264934747796206693e+01 3.918029357518582056e-01
6.642717495437183572e+01 -1.257785513191111448e+01 3.905585110186576836e-01
6.645808455797333636e+01 -1.250797581270652081e+01 3.904842919622833475e-01
6.654631397797749059e+01 -1.248817751124019182e+01 3.877465409555566622e-01
6.658469758582995723e+01 -1.569920279166266930e+01 2.348705802060682135e-01
6.648705447615220976e+01 -1.558255823740446644e+01 2.383281403921798658e-01
6.647138244689381281e+01 -1.549620170569654931e+01 2.393578124169966070e-01
6.649264844417247389e+01 -1.542109544313156810e+01 2.390763225145883242e-01
6.649001385629367178e+01 -1.533857083563871271e+01 2.403483898688653086e-01
6.647328966337158818e+01 -1.529250818600356610e+01 2.406964323310032405e-01
6.647913248702265321e+01 -1.513242396557343383e+01 2.424616149123681730e-01
6.651193403196332099e+01 -1.498058367392466650e+01 2.417303845148984776e-01
6.649874125260593871e+01 -1.489587831254977601e+01 2.428155438268964073e-01
6.651555337904972021e+01 -1.482023327587273265e+01 2.424593244067606568e-01
6.650046915338140252e+01 -1.477526395655826263e+01 2.438437045726754571e-01
6.650116370694897228e+01 -1.469495310970848401e+01 2.441893084880161213e-01
6.648657372463152626e+01 -1.461052837535964954e+01 2.452549941312603954e-01
6.648587928668625580e+01 -1.453050303421942857e+01 2.455810590404298166e-01
6.648434570874397309e+01 -1.444992114817277340e+01 2.458894442707777461e-01
6.649141955114896518e+01 -1.437264137283077403e+01 2.463640486819345110e-01
6.647412325288544821e+01 -1.432740943630606978e+01 2.467108508187721982e-01
6.646369583048848995e+01 -1.424575172925944067e+01 2.478674873784477706e-01
6.646687307910603693e+01 -1.416709376700376311e+01 2.482684100883202349e-01
6.645254959426571872e+01 -1.408405708042344884e+01 2.493511288002832060e-01
6.644961457508786395e+01 -1.400375529798402496e+01 2.496403246949897570e-01
6.645750556407018905e+01 -1.392702376640040285e+01 2.501338525381653355e-01
6.644402322020478380e+01 -1.384454558024215487e+01 2.502353987662161439e-01
6.642477043706622908e+01 -1.380043172611724955e+01 2.515607699597702807e-01
6.642654756754228629e+01 -1.372205531858628191e+01 2.519426557922924692e-01
6.641472653970842543e+01 -1.364068125271329812e+01 2.520805241471986147e-01
6.641595195936852747e+01 -1.356314623491055293e+01 2.524609323144824113e-01
6.642244494642989139e+01 -1.348669651832687144e+01 2.529354598981364832e-01
6.641006849793149058e+01 -1.340616252470909764e+01 2.530720775588728433e-01
6.662609705208399191e+01 -1.342173826428187766e+01 2.466862346248858140e-01
6.647342218894033294e+01 -1.330476517725070451e+01 2.512590816259691051e-01
6.637927820160615511e+01 -1.304945612847837388e+01 2.556383864778686288e-01
6.637004120722126288e+01 -1.289387586408126651e+01 2.562097671328581461e-01
6.637671089891350107e+01 -1.278019016299871957e+01 2.563831112996755035e-01
6.641355584036580240e+01 -1.263470263586500408e+01 2.557830649500095754e-01
6.638698089165336569e+01 -1.255199091502090347e+01 2.566750434360525190e-01
6.641735669584687685e+01 -1.248296206507252748e+01 2.555990228718081347e-01
6.650804545413984670e+01 -1.557192248836731707e+01 8.255225274796151869e-02
6.650069288762078656e+01 -1.548747092678358683e+01 8.373199930204744401e-02
6.650975342365728693e+01 -1.540908625078559169e+01 8.322648718669289902e-02
6.648953972323033668e+01 -1.527993363714735509e+01 8.582832426802800008e-02
6.652026116823958546e+01 -1.520869141231900024e+01 8.473178245639689798e-02
6.794588508925609460e+01 -1.542292454754754161e+01 2.948001230451957611e-02
6.795073430816752591e+01 -1.533813456652246821e+01 2.985556845749037791e-02
6.793501617315875762e+01 -1.524813922665713761e+01 3.185682175928483684e-02
6.660311556477995509e+01 -1.418712962913664555e+01 8.960576016166910129e-02
6.658710596998133724e+01 -1.410297631804541041e+01 9.165234081634776597e-02
6.657278036308606772e+01 -1.401993936832150567e+01 9.273538047925167227e-02
6.655150891949189429e+01 -1.393470403282432635e+01 9.368828582539823202e-02
6.654635239343012643e+01 -1.385413503602017471e+01 9.394004412302736640e-02
6.653069897428051149e+01 -1.380999893574110793e+01 9.532337080701058785e-02
6.650970674355821188e+01 -1.372615665380477878e+01 9.629284147813232941e-02
6.651620502826187931e+01 -1.364970930902352109e+01 9.676723607059012355e-02
6.651576065379879310e+01 -1.357106568808394798e+01 9.711156511644503109e-02
6.650002830802566223e+01 -1.348830647016484896e+01 9.817554843490372551e-02
6.648291067961591239e+01 -1.340583407495025803e+01 9.921982537091744714e-02
6.651217169951546282e+01 -1.333485221432195544e+01 9.910735848204277332e-02
6.655404563066528567e+01 -1.330719033735214296e+01 9.755528756822540171e-02
6.640793712055067033e+01 -1.303789383630038756e+01 1.039810305527256729e-01
6.638970600656851673e+01 -1.295709868431737810e+01 1.050223819942270875e-01
6.637867150239885916e+01 -1.287625877879469094e+01 1.061797269883476558e-01
6.638174023939129142e+01 -1.276259426810270980e+01 1.062952004692485630e-01
6.641109398976959710e+01 -1.261575052957411458e+01 1.055631752327136352e-01
6.645394721653914871e+01 -1.254776987505718289e+01 1.046970681924692670e-01
6.651737546566330650e+01 -1.248500024494729033e+01 1.022061499499511417e-01
6.667715735906469376e+01 -1.470963843842396912e+01 -4.689894924919280061e-02
6.672007154076564461e+01 -1.464167305199155678e+01 -4.777001990059204228e-02
6.677466532132440591e+01 -1.457784181893933351e+01 -4.941828075796406150e-02
6.679979345620283482e+01 -1.450410346888065938e+01 -4.962327595263937852e-02
6.685578167634614033e+01 -1.443999040085170193e+01 -5.225113764881283984e-02
6.691211293286310990e+01 -1.441588863139770993e+01 -5.454218388658804706e-02
6.691973688718987034e+01 -1.433776984179720770e+01 -5.406509539693349353e-02
6.708434882806582777e+01 -1.430354545130941979e+01 -6.069364084593253938e-02
6.725517389968850068e+01 -1.418785883581981011e+01 -6.689410385074490151e-02
6.732530376017142260e+01 -1.412590401970971143e+01 -6.927450225435782816e-02
6.738987305881289558e+01 -1.406146399129734981e+01 -7.176485183392355971e-02
6.745814739548512762e+01 -1.403926167341430187e+01 -7.484683477160136711e-02
6.752966146424779481e+01 -1.397702161410298061e+01 -7.720633936237364381e-02
6.759783223977744626e+01 -1.391256303343530476e+01 -7.963807319890936487e-02
6.767129113349761838e+01 -1.384920173240322328e+01 -8.297528938155895872e-02
6.773557113896009696e+01 -1.378336997667178387e+01 -8.548033123264153765e-02
6.779901545151932396e+01 -1.371698339125109811e+01 -8.800334044478486106e-02
6.784337966071365145e+01 -1.368735639481470656e+01 -8.953137648829168072e-02
6.639812954012037949e+01 -1.301655154814068638e+01 -2.137348538443661905e-02
6.639572856942922385e+01 -1.293902770675355285e+01 -2.104971444160719241e-02
6.638805314201124474e+01 -1.286041513610326703e+01 -2.081978552464414101e-02
6.670246419437658858e+01 -1.289425083015993145e+01 -3.446679951711806300e-02
6.639081628149418179e+01 -1.274534401186117982e+01 -1.972060849463486143e-02
6.771225058827889143e+01 -1.296157135983154163e+01 -7.961330114996756357e-02
6.787235611766286070e+01 -1.291593627460325777e+01 -8.640273863050629277e-02
6.788102888792002432e+01 -1.283612365382334275e+01 -8.591723609014134677e-02
6.788971585098495609e+01 -1.275631879079587350e+01 -8.643129406818494953e-02
