6.678313566957304204e+01 -1.508040867467551749e+01 1.391695827431412624e+00
6.674811542655469054e+01 -1.499176211640513756e+01 1.391158933268367370e+00
6.674060682827445135e+01 -1.491271130823166402e+01 1.390227729891189590e+00
6.673972319021596888e+01 -1.483465346578899613e+01 1.389429266292767196e+00
6.672009662777598749e+01 -1.475196142738986360e+01 1.388237130150246301e+00
6.672909155203034004e+01 -1.467719847260164734e+01 1.388655023601389260e+00
6.671362890041962146e+01 -1.463432122339267671e+01 1.387938971616228034e+00
6.670831597429308601e+01 -1.455559616648519317e+01 1.387051901983709756e+00
6.670684688231517612e+01 -1.447835717768920283e+01 1.386250992200127374e+00
6.672051798098893016e+01 -1.440566678435728143e+01 1.385776243924937035e+00
6.671241632099120977e+01 -1.432743237466684860e+01 1.384842554040397022e+00
6.670429237778819243e+01 -1.424918668582212966e+01 1.384908606363126626e+00
6.672319393102995377e+01 -1.417773477598060872e+01 1.384543348438952215e+00
6.671238801184517797e+01 -1.413692139989237262e+01 1.383934400635402850e+00
6.671778076326948792e+01 -1.406207520072844375e+01 1.383284892399180732e+00
6.673749448168567255e+01 -1.399119882668065884e+01 1.382940595631643177e+00
6.678585737199766470e+01 -1.392826838383871291e+01 1.383206873337876841e+00
6.687532433978006452e+01 -1.387469958610256882e+01 1.383328534575891222e+00
6.697829928036118474e+01 -1.382452624424409038e+01 1.383734636197149648e+00
6.711664254358063886e+01 -1.382022496243898679e+01 1.385255478975243815e+00
6.668932214296928862e+01 -1.522132201764333637e+01 1.247337984257931298e+00
6.669393361790780261e+01 -1.514591276177487700e+01 1.246667683890543721e+00
6.652237596343874770e+01 -1.501491811996745440e+01 1.245177133395525271e+00
6.775026571607175185e+01 -1.526877430438923611e+01 1.253467111631714426e+00
6.775499478498049655e+01 -1.510864135807577746e+01 1.251950719935386092e+00
6.777621615067438654e+01 -1.503390549716625380e+01 1.251595404064697936e+00
6.662940558450610240e+01 -1.450915062658441101e+01 1.243092985489820945e+00
6.664471540568359842e+01 -1.443761738451759413e+01 1.242660135080173367e+00
6.701638888224582047e+01 -1.430926718681187637e+01 1.243261122716763145e+00
6.772791395830506644e+01 -1.441969446386313081e+01 1.247550718424246252e+00
6.767911431198946559e+01 -1.436679866813677364e+01 1.247117016094259512e+00
6.660453829432897521e+01 -1.370873955243570208e+01 1.237617707962836544e+00
6.662121273593771775e+01 -1.363695019088888571e+01 1.237208174043026965e+00
6.662332860613625485e+01 -1.360034885691703721e+01 1.236881046383027094e+00
6.774897356979481344e+01 -1.355836674621438576e+01 1.242322613413383348e+00
6.667682953603207352e+01 -1.543926421025322426e+01 1.084254344396567094e+00
6.665147664473225575e+01 -1.535252580574536196e+01 1.083915518969469360e+00
6.649177851579128173e+01 -1.522376355764309253e+01 1.083667247913339793e+00
6.718318631639181149e+01 -1.520441818455657668e+01 1.083280139460579550e+00
6.782093183008738890e+01 -1.519757030905230977e+01 1.082025129891601711e+00
6.679901908770467855e+01 -1.446730483412463997e+01 1.080780247354276691e+00
6.694468107948077318e+01 -1.443128866156099122e+01 1.080118116301392650e+00
6.690464087195822174e+01 -1.434279122047765220e+01 1.079490042691702456e+00
6.691364130354754991e+01 -1.426803353278201669e+01 1.078908222419293850e+00
6.695513529309806700e+01 -1.420270706631811919e+01 1.079023050103761427e+00
6.749447852753813493e+01 -1.426772536145570314e+01 1.078667022479656623e+00
6.775495649739558246e+01 -1.429681125450791868e+01 1.077784383163304049e+00
6.758012822954887611e+01 -1.417212895300198738e+01 1.077297038398701279e+00
6.655526795762914105e+01 -1.349637558083436062e+01 1.075543697445957569e+00
6.642541780918672600e+01 -1.339117422320598649e+01 1.076084887430846626e+00
6.785258229116389828e+01 -1.337406042490436597e+01 1.072362358610464250e+00
6.666281703250263035e+01 -1.544980251289144491e+01 9.640738118483462848e-01
6.662230661480154481e+01 -1.535850714525252769e+01 9.644086900435858700e-01
6.660135662773171816e+01 -1.531298367649738523e+01 9.645645193333354239e-01
6.659606780787240154e+01 -1.523426747513502022e+01 9.636775810736146752e-01
6.658748054481992540e+01 -1.515322718321808182e+01 9.637064861002869742e-01
6.659290684538078153e+01 -1.507839300687259865e+01 9.630570587015905293e-01
6.658374274382541103e+01 -1.499817590321566740e+01 9.630835742098268204e-01
6.658529925984569786e+01 -1.492184295686634599e+01 9.633477544571573681e-01
6.657121194605898040e+01 -1.487871111162005633e+01 9.636547495984554290e-01
6.656066755855530914e+01 -1.479874569217808400e+01 9.626581304391275129e-01
6.656827219678712027e+01 -1.472422890006645524e+01 9.630526348755685806e-01
6.652717151437674659e+01 -1.448380764609223448e+01 9.618829008135891812e-01
6.653640076032334605e+01 -1.441044153723067112e+01 9.623192098912196624e-01
6.666808185668368480e+01 -1.440879217137329604e+01 9.607419072618810230e-01
6.683332021472855899e+01 -1.437799513082875080e+01 9.594945917666058977e-01
6.673617323047906780e+01 -1.427498760986785342e+01 9.606635923869335514e-01
6.679421641055603232e+01 -1.421396999779798520e+01 9.601279789361909511e-01
6.701105844045568460e+01 -1.419503268439086696e+01 9.579555767676130040e-01
6.747716316899544609e+01 -1.423904731220467568e+01 9.550317812250966876e-01
6.759260959924253598e+01 -1.419030256787584676e+01 9.546830071217732305e-01
6.650867135796141838e+01 -1.331556760348464685e+01 9.578451158565043366e-01
6.678414091648591011e+01 -1.330363027770011186e+01 9.558303407946393548e-01
6.656483122754991655e+01 -1.317950703539035118e+01 9.575247728542598535e-01
6.779086455559384206e+01 -1.318010588171192055e+01 9.482520158853243730e-01
6.650128242704280979e+01 -1.553677438841865310e+01 8.259230858564310385e-01
6.648885948793775924e+01 -1.545424970465707659e+01 8.258658706530828120e-01
6.647502626608482501e+01 -1.537196327191134770e+01 8.267852476871461187e-01
6.647964012720200344e+01 -1.529655394966138715e+01 8.261148129277259278e-01
6.645950496631755300e+01 -1.525160556071137563e+01 8.262914853904993473e-01
6.646466632642872696e+01 -1.517535853758628051e+01 8.266230780155022773e-01
6.645550616513283160e+01 -1.509514246617857580e+01 8.266496777559259046e-01
6.645569257149378473e+01 -1.501906664069175790e+01 8.258906392163971599e-01
6.646166453903883564e+01 -1.494339405289566969e+01 8.262431680456556737e-01
6.644144829768964655e+01 -1.486151709084031580e+01 8.260483377811552730e-01
6.644520626330580626e+01 -1.478551164117397754e+01 8.263565334141061980e-01
6.644349379224739494e+01 -1.474742876104523681e+01 8.259432126019490283e-01
6.644283080805723785e+01 -1.467076081997063142e+01 8.261629653662371231e-01
6.644519087689690195e+01 -1.459499907633593097e+01 8.264478880895383961e-01
6.644011988135156344e+01 -1.451767332106541275e+01 8.255792166766041662e-01
6.643584866472775730e+01 -1.444091764643176035e+01 8.257313864652017221e-01
6.644368551555760405e+01 -1.436779737814979896e+01 8.261443381459123714e-01
6.643590842631695637e+01 -1.432789194465394189e+01 8.256004698757750671e-01
6.644515106490331391e+01 -1.425453316978172680e+01 8.250369804310551114e-01
6.644086912570416814e+01 -1.417777283940766608e+01 8.251890227481036844e-01
6.644125207533791411e+01 -1.410307805757472721e+01 8.254482982526818446e-01
6.645572516845707867e+01 -1.403095776617527335e+01 8.249943010212069661e-01
6.644480571283229153e+01 -1.395319910294333354e+01 8.250134905940268437e-01
6.645870480725281482e+01 -1.388190458991722309e+01 8.245571820339601121e-01
6.644950854638786097e+01 -1.384223346311873826e+01 8.249897602991511647e-01
6.644768648778008924e+01 -1.376720946212144803e+01 8.242048754320148163e-01
6.644666466622371104e+01 -1.369275820051309367e+01 8.244408059829468893e-01
6.644097044027489574e+01 -1.361623549758638774e+01 8.245694843798651030e-01
6.644078050212627318e+01 -1.354236807120561181e+01 8.238265720987397733e-01
6.645163509498810583e+01 -1.347015804756584600e+01 8.233050174105669416e-01
6.645224181971688893e+01 -1.339685850061031935e+01 8.235829262218783420e-01
6.644084549810131080e+01 -1.335686106615241897e+01 8.229714651765854816e-01
6.644889585507644369e+01 -1.328513403350229183e+01 8.234031352743570453e-01
6.644926387384437305e+01 -1.321043708639574632e+01 8.226624938391629005e-01
6.646035718087594546e+01 -1.313962759672131142e+01 8.221597260807105290e-01
6.646979259986133570e+01 -1.306765187865029887e+01 8.226147371105360095e-01
6.648227041980159413e+01 -1.299659448305134291e+01 8.221352476716309310e-01
6.642474225857839087e+01 -1.294737588417519980e+01 8.225769003784896283e-01
6.653880620173011096e+01 -1.289888906937154189e+01 8.202056631411427379e-01
6.674344915785418664e+01 -1.286766682027909603e+01 8.176858705070212396e-01
6.684153213296755780e+01 -1.281404362790828699e+01 8.159674389144930817e-01
6.703240784449015166e+01 -1.277801825089204257e+01 8.141449623849169592e-01
6.731472635321398457e+01 -1.275985876531616015e+01 8.101957052137847004e-01
6.765676509419635920e+01 -1.275068874073150482e+01 8.054433227589058442e-01
6.652085042544500482e+01 -1.566923192804832965e+01 6.715789109862195794e-01
6.648311012524462171e+01 -1.557743605659980091e+01 6.729601449753498388e-01
6.644020591534520292e+01 -1.483178967798921732e+01 6.746939245923307960e-01
6.644175381816589265e+01 -1.475545239813754961e+01 6.749579308524964461e-01
6.642585250278659714e+01 -1.463729853164267425e+01 6.754798562267666506e-01
6.643428691786559170e+01 -1.456336525393133741e+01 6.748954153684286750e-01
6.641929407587170431e+01 -1.448272354245220939e+01 6.748099133845559816e-01
6.641886541196622318e+01 -1.440745244659886737e+01 6.750481562645003208e-01
6.641679747469596862e+01 -1.433102497809505493e+01 6.752445317778563716e-01
6.641022466847648786e+01 -1.421700385552860268e+01 6.749808239140968613e-01
6.640896889835127581e+01 -1.414115192380606700e+01 6.751980562992534463e-01
6.639279798508145802e+01 -1.406214498660814094e+01 6.761076533883969564e-01
6.641858165630938515e+01 -1.399309338996890340e+01 6.748936720161762270e-01
6.639962384286727115e+01 -1.391457781140996275e+01 6.757566306227635877e-01
6.639698512775342465e+01 -1.383897802087852824e+01 6.749507420391327450e-01
6.639441593472650993e+01 -1.380030018116718082e+01 6.755161066789241442e-01
6.640388968207744824e+01 -1.372833948629581080e+01 6.749712372101356328e-01
6.638631015170793148e+01 -1.364957160051773144e+01 6.758573147354104416e-01
6.640265490817562011e+01 -1.358000725099497075e+01 6.754639027774194115e-01
6.639779669003617357e+01 -1.350407246432747854e+01 6.746137356890835601e-01
6.639234328932195695e+01 -1.342895061845063154e+01 6.747610651131037418e-01
6.639654513998253549e+01 -1.335573421682385664e+01 6.751064446379192452e-01
6.639505644514522942e+01 -1.331904657213683407e+01 6.747116975411602269e-01
6.638517659803227389e+01 -1.324326010284314137e+01 6.747704004227803587e-01
6.638274459853894882e+01 -1.316904679063805084e+01 6.749829503336337577e-01
6.640570376884232928e+01 -1.310047379590265848e+01 6.747224846612684956e-01
6.639360707774409320e+01 -1.302435187349676582e+01 6.747368953394067281e-01
6.639863393402059444e+01 -1.295171911959758937e+01 6.741035387621733266e-01
6.640087911385558073e+01 -1.287958024694061621e+01 6.734236066828653833e-01
6.639854130358098416e+01 -1.284230009719977872e+01 6.740076524005089720e-01
6.641625269184605429e+01 -1.277248338515658510e+01 6.736377944666138706e-01
6.644667016543951377e+01 -1.270549172653053915e+01 6.725315384676601171e-01
6.641022869424618591e+01 -1.262570530352007303e+01 6.730585808685140004e-01
6.647930338050488785e+01 -1.256635011693066595e+01 6.717453169987607220e-01
6.704978979619923507e+01 -1.260295267836549726e+01 6.606835808219785333e-01
6.668779840935391690e+01 -1.249606841242717614e+01 6.669066717367447827e-01
6.681683992706412312e+01 -1.244710528755001810e+01 6.648089996120000178e-01
6.694729318612708369e+01 -1.239790844627894195e+01 6.617351038434339250e-01
6.710928293012321433e+01 -1.235254692807032839e+01 6.582841843294253703e-01
6.655776459524382460e+01 -1.572672378221901823e+01 5.318078440475852986e-01
6.650544335034571475e+01 -1.567011122758590602e+01 5.332717621347171644e-01
6.650759293023003238e+01 -1.559296188382925941e+01 5.335383152934274342e-01
6.670851842674987608e+01 -1.558119382924554941e+01 5.281404535297327119e-01
6.663440908041201283e+01 -1.547846956877078384e+01 5.307389439291465560e-01
6.650632998766266724e+01 -1.535852942323053583e+01 5.341655394679203361e-01
6.650928650870912406e+01 -1.528195309252333267e+01 5.344530057006195989e-01
6.652682582702969682e+01 -1.521075723544525005e+01 5.340643322769298429e-01
6.674216428336366391e+01 -1.523989841613281726e+01 5.283435979213061406e-01
6.645868022844577183e+01 -1.507291530921251521e+01 5.364213831621271744e-01
6.645115329031639817e+01 -1.499385425568583585e+01 5.364898423482351575e-01
6.645434358254598806e+01 -1.491867554969625864e+01 5.367957360840841519e-01
6.645589304395177521e+01 -1.484233937073255660e+01 5.370597226031298410e-01
6.644696665271294478e+01 -1.476352092347816836e+01 5.371048094380381777e-01
6.644277890273252751e+01 -1.472369375556835891e+01 5.376283475618768293e-01
6.644900637331230087e+01 -1.464943085001192635e+01 5.369996182571786791e-01
6.643399674695768908e+01 -1.456877999251570621e+01 5.379139229716429771e-01
6.642890530077990263e+01 -1.449144366894853420e+01 5.380450351267791476e-01
6.643674526652780798e+01 -1.441832560131387986e+01 5.384580665079199413e-01
6.642117402857199693e+01 -1.433850597777110281e+01 5.383701351553962233e-01
6.643039749999718424e+01 -1.426513812495622169e+01 5.388064080270410505e-01
6.642038989845467256e+01 -1.422489029354268908e+01 5.392180743608538940e-01
6.641168627845767958e+01 -1.414746520360293403e+01 5.392815788994469450e-01
6.641814329921695048e+01 -1.407459927715938264e+01 5.386714893118003111e-01
6.641688074790194207e+01 -1.399874372250997467e+01 5.388886188662602716e-01
6.640733112963785345e+01 -1.392072832929232717e+01 5.399308767370161188e-01
6.640412134997950488e+01 -1.384595347069206461e+01 5.391226646366025221e-01
6.640531068942169668e+01 -1.377183248027631279e+01 5.394029097853330068e-01
6.639447286786746361e+01 -1.373100161291058541e+01 5.397934263325931958e-01
6.639811621138385078e+01 -1.365861551094163673e+01 5.401365319903057571e-01
6.641282197185270775e+01 -1.358789440043099361e+01 5.397011349936423619e-01
6.639828484356414151e+01 -1.351004483768927500e+01 5.396526524588516338e-01
6.639643234274009842e+01 -1.343500788081234631e+01 5.398675185980292834e-01
6.638794754922119523e+01 -1.335897511368075286e+01 5.399495949734596234e-01
6.637956107044868759e+01 -1.331987959060935545e+01 5.404031049111487350e-01
6.638179790229986565e+01 -1.324773286032323583e+01 5.407228530590493243e-01
6.638159329906427786e+01 -1.317385974482420608e+01 5.399798482568576308e-01
6.637088845341821752e+01 -1.309749276105291926e+01 5.400175835150764492e-01
6.638418604816081370e+01 -1.302701335732833954e+01 5.395589987190909653e-01
6.637370680084767116e+01 -1.295203918491347039e+01 5.406152315529638708e-01
6.637210191690905958e+01 -1.287840984295619506e+01 5.398489690504849614e-01
6.636231470155578904e+01 -1.283955543580310099e+01 5.402791278886801551e-01
6.636371599193638815e+01 -1.276682658182414798e+01 5.405779324215864712e-01
6.637258457108552534e+01 -1.269567957284612802e+01 5.400308827692824609e-01
6.639331946825811315e+01 -1.262677171586629576e+01 5.397262881936073509e-01
6.643644348080556483e+01 -1.256260776715223670e+01 5.378838467114714916e-01
6.647348636592386129e+01 -1.249661172958794353e+01 5.369106659802781456e-01
6.656107910067159139e+01 -1.244050019147078956e+01 5.349731245104619726e-01
6.666206828931157702e+01 -1.242333267275717645e+01 5.326731035985196039e-01
6.676517591654517503e+01 -1.236956993120814907e+01 5.290465067543903555e-01
6.689619657388089990e+01 -1.231954673572633929e+01 5.259749113723402036e-01
6.705016529577410722e+01 -1.227343666984007697e+01 5.223678976235990312e-01
6.654110098001545737e+01 -1.570460424322645032e+01 3.972477207281633893e-01
6.649565313041276227e+01 -1.565038796756044626e+01 3.988629619340601229e-01
6.652891241489237473e+01 -1.558291667267266689e+01 3.988026765084408676e-01
6.649830834443953620e+01 -1.549492960642571937e+01 3.993540813342477125e-01
6.648995951223409406e+01 -1.541528710412582370e+01 4.004015350968395115e-01
6.649423566826696685e+01 -1.526097800424374995e+01 4.009344062122823793e-01
6.670156537298987587e+01 -1.524881644867374675e+01 3.946513593634232153e-01
6.649841212464943396e+01 -1.506973047325299753e+01 4.020956591206578112e-01
6.645672235839452924e+01 -1.498006839264498957e+01 4.034253298882770067e-01
6.643284258641787687e+01 -1.466700879639664024e+01 4.058472530252207333e-01
6.640578320287900738e+01 -1.420669759677233301e+01 4.077361273172023792e-01
6.639316492325036734e+01 -1.397780982738023425e+01 4.082107011446424738e-01
6.639673560624763127e+01 -1.375544640197837865e+01 4.090511249353823153e-01
6.637844993594768539e+01 -1.371304237695973782e+01 4.092878540447439373e-01
6.636892709011750924e+01 -1.356254842496356972e+01 4.106054919166102213e-01
6.636955216004423619e+01 -1.348925912604171629e+01 4.098834551057946585e-01
6.636022925215539203e+01 -1.341263812182361725e+01 4.109442745037576450e-01
6.637050911420098487e+01 -1.334125160783545994e+01 4.104203731685355794e-01
6.636063137477466967e+01 -1.326546545993336856e+01 4.104791189215422076e-01
6.659075714391028100e+01 -1.328047517264164235e+01 4.038925745359466801e-01
6.646354359230163311e+01 -1.317838005852450145e+01 4.075144680962212163e-01
6.663506582577495863e+01 -1.314218693366948543e+01 4.023301394692264665e-01
6.638631213972439582e+01 -1.301450274757922188e+01 4.104446692096808125e-01
6.636150147940060151e+01 -1.293555370556479467e+01 4.111954882625080132e-01
6.635684841942264711e+01 -1.286100429689999380e+01 4.113637198184413868e-01
6.635687831385745028e+01 -1.278853107201878458e+01 4.106394757945317497e-01
6.655202321378388319e+01 -1.279236591092724851e+01 4.052936084517037574e-01
6.632334204789489718e+01 -1.260022139133829810e+01 4.121355561881949736e-01
6.635375319505021707e+01 -1.253322876684452680e+01 4.110293503490862754e-01
6.638113194216941793e+01 -1.246532334184030333e+01 4.098578546323445315e-01
6.642949163185437556e+01 -1.240240039863791743e+01 4.081250279352702792e-01
6.650450814094375573e+01 -1.238041245030795778e+01 4.062954539461307579e-01
6.660761265325929514e+01 -1.232664750811162158e+01 4.026687774015715315e-01
6.674167892194391527e+01 -1.227754139975797720e+01 3.986626112818507095e-01
6.691999710564427062e+01 -1.223510226982586957e+01 3.935432624529188739e-01
6.710717643577602587e+01 -1.219400368091210218e+01 3.876015768596138833e-01
6.654895353266060454e+01 -1.560878395259505247e+01 2.483998621241167992e-01
6.648269557967721255e+01 -1.539238233611086315e+01 2.530047473393164381e-01
6.648565210072366938e+01 -1.531580600540365822e+01 2.532922135720157009e-01
6.669071631767211272e+01 -1.522583405842025073e+01 2.461871913633623121e-01
6.649426968355714962e+01 -1.512523192414816542e+01 2.535420646790627064e-01
6.649048603436986582e+01 -1.497015659632965523e+01 2.549185690678451577e-01
6.649367760781862557e+01 -1.489497937956545215e+01 2.552245607346583789e-01
6.648751244351493028e+01 -1.481565648333651453e+01 2.563159470483765690e-01
6.648848689899065789e+01 -1.474014420349044485e+01 2.565775854097871456e-01
6.649166930732307890e+01 -1.466496343130948432e+01 2.568834894552664005e-01
6.648445199711079567e+01 -1.462422605300255896e+01 2.573418158913159948e-01
6.647328748816495647e+01 -1.454506275386601288e+01 2.583422703763855743e-01
6.647343355282359312e+01 -1.446896814723244873e+01 2.585829790860492139e-01
6.646915739096102982e+01 -1.439220956222247594e+01 2.587349086307458856e-01
6.645053614214089066e+01 -1.431146915998592917e+01 2.595815491585038437e-01
6.645755110822963729e+01 -1.423777057730937301e+01 2.599736725075784127e-01
6.645103865785469566e+01 -1.416066784958194269e+01 2.610811898372421558e-01
6.643882044328908876e+01 -1.412008896691513549e+01 2.614486637770980781e-01
6.643919789745646654e+01 -1.404539205363793286e+01 2.617076960166040411e-01
6.642966772146735366e+01 -1.396738534889692751e+01 2.617501930815809841e-01
6.642699332881936414e+01 -1.389176694437539794e+01 2.629439346145724388e-01
6.642597416630331963e+01 -1.381731522579089777e+01 2.631798514667278432e-01
6.641807354946111275e+01 -1.374046211777997151e+01 2.632640656644525956e-01
6.641179092212733792e+01 -1.366475597857078128e+01 2.643903434044233558e-01
6.640866744779054898e+01 -1.362691221624338489e+01 2.639536374204300984e-01
6.639026502882671821e+01 -1.354756413850792995e+01 2.648186710110204123e-01
6.639749982975101261e+01 -1.347525975845955415e+01 2.652293434346406631e-01
6.639507360759428423e+01 -1.340104819161855332e+01 2.654417805731423829e-01
6.639788517026170211e+01 -1.332807795168082876e+01 2.657638753680923172e-01
6.656736287575920130e+01 -1.325603016202063600e+01 2.591823912136640429e-01
6.635376656577609822e+01 -1.305978400628735869e+01 2.672627110942473738e-01
6.636123275170486124e+01 -1.298887731733811179e+01 2.676919454130498588e-01
6.637591751839647713e+01 -1.291814955071286519e+01 2.672566252378349994e-01
6.635053368246333605e+01 -1.284002511754508191e+01 2.680052566764977717e-01
6.655993525891770446e+01 -1.281091348700842225e+01 2.605936640026914608e-01
6.636453275296817367e+01 -1.273318168590441246e+01 2.671961374289953950e-01
6.640101191078375109e+01 -1.259552646626612926e+01 2.664960702624586952e-01
6.637921431190595456e+01 -1.251748123410862767e+01 2.673120267125423943e-01
6.641347552283485811e+01 -1.245197907891515854e+01 2.662921512966047732e-01
6.647593314104824458e+01 -1.239163612663590897e+01 2.638463702972223546e-01
6.654490997194886859e+01 -1.236783644598835963e+01 2.608866121267262583e-01
6.665990391308673679e+01 -1.231632076767503037e+01 2.565025338006136080e-01
6.702511062914291529e+01 -1.223502543921726193e+01 2.434579507503003004e-01
6.725739787460234709e+01 -1.220118965452883408e+01 2.344244791779229731e-01
6.649916125052880034e+01 -1.538017690006897453e+01 1.281597520016439784e-01
6.647540150985022933e+01 -1.529457121014367260e+01 1.298621789141237715e-01
6.647614742012574141e+01 -1.521766382931181028e+01 1.301053335701963798e-01
6.646827023018032321e+01 -1.510025757563465731e+01 1.317833749704192536e-01
6.650842575272322676e+01 -1.503519619431483534e+01 1.298748505693468891e-01
6.798708336627394999e+01 -1.540687604896937835e+01 6.697424245681771193e-02
6.794440652793934987e+01 -1.531160463586436293e+01 6.923008760976423481e-02
6.796784629254388221e+01 -1.523720532712099995e+01 6.891923787327636219e-02
6.793531140465046292e+01 -1.514664055070105420e+01 7.141010831640792755e-02
6.791409170533667350e+01 -1.509970436821145157e+01 7.254719661825437260e-02
6.795407433290347399e+01 -1.502961294743007770e+01 7.158601549773646600e-02
6.658567638271412648e+01 -1.456003009792655334e+01 1.305459429436555130e-01
6.659188101535671933e+01 -1.448575668989065512e+01 1.309171911903953545e-01
6.658596796405589657e+01 -1.440784166472009531e+01 1.310272381591411905e-01
6.656814988531523625e+01 -1.432767315486600168e+01 1.328947415081116468e-01
6.654486191058511224e+01 -1.424486649097346813e+01 1.336343458528788108e-01
6.655525429658632675e+01 -1.421042025254030605e+01 1.334818772017750677e-01
6.654104583856154420e+01 -1.413034066498667229e+01 1.344169693972400159e-01
6.652706270262979160e+01 -1.405165427769117414e+01 1.363706172491082613e-01
6.651532503078776415e+01 -1.397331872347281845e+01 1.363688824378884723e-01
6.649996500119169696e+01 -1.389488583270217958e+01 1.372993576505383562e-01
6.650557446284665275e+01 -1.382142850096415998e+01 1.376681603188441017e-01
6.648948151737565126e+01 -1.377934793735288466e+01 1.389490612521613322e-01
6.647329438381197519e+01 -1.370033421184166755e+01 1.398584067873533954e-01
6.647832645673642560e+01 -1.362770084729570819e+01 1.402248169160517088e-01
6.647729684675883277e+01 -1.355324408350477050e+01 1.404606078072437869e-01
6.645529141571391563e+01 -1.347381079312055974e+01 1.412583001766301027e-01
6.646696156575264069e+01 -1.340217811744335563e+01 1.407576835712736063e-01
6.645763810651011738e+01 -1.332555789159300019e+01 1.418185595393999243e-01
6.645391890274915170e+01 -1.328852785068122699e+01 1.423791682725862318e-01
6.646558327545129430e+01 -1.321689342963993141e+01 1.418786644395815255e-01
6.643470615391139233e+01 -1.313611798845783518e+01 1.434987771730826811e-01
6.638309670120942485e+01 -1.305176642357772110e+01 1.456991307564283744e-01
6.639113605824327635e+01 -1.298003512352459410e+01 1.461307910547350319e-01
6.642155719923454171e+01 -1.291304488774242287e+01 1.450244985947128917e-01
6.636993574161201082e+01 -1.282868717733222041e+01 1.472246863668802419e-01
6.637891629561522677e+01 -1.279448122340555827e+01 1.470490067861879302e-01
6.637286506374695705e+01 -1.272017591023842087e+01 1.471939639218858842e-01
6.637870114851008907e+01 -1.264811953730545824e+01 1.465817147699838285e-01
6.641820335916145268e+01 -1.258385747592860682e+01 1.456711883762142890e-01
6.642485499997542320e+01 -1.251237845039389285e+01 1.450799368984636573e-01
6.640690535605850187e+01 -1.243582336558078261e+01 1.459822404916667482e-01
6.644489943085606853e+01 -1.240735506229025020e+01 1.444016928518959686e-01
6.653972908480818660e+01 -1.235143269114491815e+01 1.406000088139454096e-01
6.663923059179904840e+01 -1.229758253968568305e+01 1.369056335001721525e-01
6.698014261201782915e+01 -1.228512444833321560e+01 1.220977645048159088e-01
6.762827630127979717e+01 -1.232488922423712374e+01 9.450458665902372601e-02
6.744393410837587055e+01 -1.221689194433658798e+01 1.020101734601924770e-01
6.662057932973551999e+01 -1.474136104997760199e+01 -3.402768614503448585e-02
6.664975664229584140e+01 -1.471156858645936083e+01 -3.578606755481694712e-02
6.668160015226584392e+01 -1.464433654270023588e+01 -3.586952895954231835e-02
6.673387676149721415e+01 -1.458292172576790335e+01 -3.851677255372998321e-02
6.677457390909547996e+01 -1.451702433363574229e+01 -3.942294723732242545e-02
6.679430073559706216e+01 -1.444615254861180986e+01 -3.976721554298845440e-02
6.686451544440079431e+01 -1.438880237002166140e+01 -4.304144432144474397e-02
6.694217799631989863e+01 -1.433302534626288427e+01 -4.616158770532785560e-02
6.700887389518173620e+01 -1.431252073216248633e+01 -4.913193282529448869e-02
6.712407841931499775e+01 -1.426604128024034424e+01 -5.446389526695794014e-02
6.725186472985740238e+01 -1.414488377346903469e+01 -5.930984314704634830e-02
6.730528070577898347e+01 -1.408182298169154123e+01 -6.195185890017695929e-02
6.738629690706136444e+01 -1.402473245831336968e+01 -6.502273769278443805e-02
6.744691201809261827e+01 -1.396184189869031300e+01 -6.752936836014855615e-02
6.750869559120040719e+01 -1.393787029751845452e+01 -7.062501272347287973e-02
6.757456893543616161e+01 -1.387623163196671072e+01 -7.402165011978933951e-02
6.762304636439105821e+01 -1.380969154284286127e+01 -7.578942632386542755e-02
6.769636801325023612e+01 -1.374962869256748377e+01 -7.903218288307656270e-02
6.774623728202698203e+01 -1.368284353925669627e+01 -8.077633655039717642e-02
6.779086454610200008e+01 -1.361481641400219900e+01 -8.262999525159919756e-02
6.783165963705727108e+01 -1.358586322068729757e+01 -8.416387450025408778e-02
6.792187501282857909e+01 -1.352789608139316435e+01 -8.907262408525440378e-02
6.637702656277529911e+01 -1.310339853648025965e+01 -1.193175105927979374e-02
6.638344425376195090e+01 -1.295802874958138240e+01 -1.126666574778500962e-02
6.636829150385328546e+01 -1.288098469484088682e+01 -1.031781029293932228e-02
6.635559541480699863e+01 -1.280567507044243314e+01 -9.305988845218160499e-03
6.665385364489874576e+01 -1.283190390241758294e+01 -2.351866567730009905e-02
6.635244306041127516e+01 -1.269533249399476738e+01 -8.467513151776517866e-03
6.642845276559833678e+01 -1.263840490010348461e+01 -1.262862432238520682e-02
6.785508278339393939e+01 -1.284921582496120251e+01 -8.309289697936717012e-02
6.782008724108291631e+01 -1.276554516740730705e+01 -8.057691995463511780e-02
6.782797553980317673e+01 -1.268879558380207939e+01 -8.119757489037038312e-02
