6.701395278101291808e+01 -1.484971908658204143e+01 1.447252358395093808e+00
6.697648603958415947e+01 -1.476505697458003219e+01 1.445356437600574750e+00
6.693239859009385384e+01 -1.467919218921877622e+01 1.444314797020409546e+00
6.691512766216573027e+01 -1.460091320464312048e+01 1.442902756831004663e+00
6.689169315984494801e+01 -1.455819295160242888e+01 1.441857664724655264e+00
6.687959763334261254e+01 -1.448129367654181010e+01 1.441566655628274018e+00
6.688912236198351025e+01 -1.441058835612974143e+01 1.440784330758910770e+00
6.691564193872298461e+01 -1.434386031603732192e+01 1.440389934768352642e+00
6.695198813419175110e+01 -1.428074689963795052e+01 1.439237689271906540e+00
6.699330520642492104e+01 -1.421760323348883048e+01 1.439183050315224310e+00
6.705902140894474428e+01 -1.416022961500722488e+01 1.439686088931844798e+00
6.714600325772539691e+01 -1.414520121508977724e+01 1.440185643728276954e+00
6.675144070270982866e+01 -1.516222805638285820e+01 1.309361036425337854e+00
6.672276023855198446e+01 -1.507913995273720076e+01 1.308657776509848158e+00
6.670930928206493604e+01 -1.500246866189437966e+01 1.307341022735772462e+00
6.672244546491602080e+01 -1.493195688169693014e+01 1.306630054805648200e+00
6.656956393491019242e+01 -1.485352840092832949e+01 1.305558398510382245e+00
6.666215695130711083e+01 -1.444208823287111443e+01 1.301728376271940490e+00
6.782435762839821791e+01 -1.462819708774744853e+01 1.311056847602803721e+00
6.776617981474484509e+01 -1.446142723176855682e+01 1.308632381085623075e+00
6.797896225536682380e+01 -1.443792242772272516e+01 1.309481727015476826e+00
6.777261804425643277e+01 -1.431180615848918336e+01 1.306710406731414365e+00
6.666594252868684123e+01 -1.393760877439927981e+01 1.296893924797800191e+00
6.666765878957103553e+01 -1.386732415134493657e+01 1.295966001077098806e+00
6.665436309879910937e+01 -1.379204250367191875e+01 1.294675591052342423e+00
6.667227186241126446e+01 -1.372513331118571500e+01 1.294111905717445277e+00
6.669517121325371534e+01 -1.365820752435131880e+01 1.293646145959992166e+00
6.681329350937244271e+01 -1.361258036682823835e+01 1.294339165138300274e+00
6.696348672279506786e+01 -1.360987627778892595e+01 1.295247671164067915e+00
6.669934273390629187e+01 -1.531755664288665741e+01 1.154430997677646786e+00
6.668609618584100929e+01 -1.527620527482317847e+01 1.154603246393770988e+00
6.685152242941001077e+01 -1.525101824413328799e+01 1.153496395796846929e+00
6.667897365520180131e+01 -1.512641494942010922e+01 1.153405123381299191e+00
6.781713081872011628e+01 -1.530448615949131330e+01 1.154143668902651632e+00
6.782541502518188281e+01 -1.515245994111189987e+01 1.152218977234537034e+00
6.784038741918551807e+01 -1.511849458209457886e+01 1.152046260792388255e+00
6.689534330342128499e+01 -1.445127424401482941e+01 1.147379773775425882e+00
6.696348930384709774e+01 -1.439572212340508806e+01 1.146954152794051884e+00
6.690779175811422874e+01 -1.430867458177371176e+01 1.145669976535632628e+00
6.693811411015670387e+01 -1.424354847118803491e+01 1.145372474448034916e+00
6.698604673641555962e+01 -1.418160479811688468e+01 1.144463836259834499e+00
6.752858950260271342e+01 -1.424004247621926211e+01 1.144898677296608991e+00
6.741848660156630046e+01 -1.417617432232425756e+01 1.144866520426301548e+00
6.660952996984775609e+01 -1.355348994908849392e+01 1.139492158145667622e+00
6.645059473651009796e+01 -1.348308578412205350e+01 1.139413844561100841e+00
6.661318030711743177e+01 -1.344825312324545763e+01 1.138126084624493828e+00
6.783727663819473719e+01 -1.341341767462859025e+01 1.136658383521566673e+00
6.672579177076460155e+01 -1.545408315804149879e+01 1.040793464946909497e+00
6.667331239855862179e+01 -1.536441508889246954e+01 1.040532837404456012e+00
6.665664373886355065e+01 -1.528532354633289536e+01 1.040119050759903851e+00
6.686469079129260251e+01 -1.527331545726916318e+01 1.039027938296748887e+00
6.664254889315230912e+01 -1.517048589319137974e+01 1.039264597959573377e+00
6.684219022136142030e+01 -1.515467551818819913e+01 1.037956976193851855e+00
6.693217383997131265e+01 -1.510672622019765043e+01 1.037060641010921547e+00
6.719764532294803416e+01 -1.510646053571512759e+01 1.035256443687626371e+00
6.744230745058764853e+01 -1.510061036993303674e+01 1.033968449570267900e+00
6.759430396128124130e+01 -1.506659589359616902e+01 1.033479244770803218e+00
6.787999291121747092e+01 -1.506770349945940879e+01 1.031090902324457215e+00
6.797532073207163705e+01 -1.497856180197981146e+01 1.030736162651904708e+00
6.658775739710421249e+01 -1.438959889413887794e+01 1.033474431290724249e+00
6.673994638995313267e+01 -1.435699129284218323e+01 1.033009998032519583e+00
6.681514442243798158e+01 -1.433938501104377039e+01 1.032242370858865055e+00
6.691510268246123871e+01 -1.429140477491434424e+01 1.031544158728500582e+00
6.692102494538953295e+01 -1.422050670343966772e+01 1.030689315980570120e+00
6.692453770853161643e+01 -1.414780003730329305e+01 1.029762707907829977e+00
6.746773532176837307e+01 -1.420547018340366918e+01 1.027199122040557189e+00
6.743121099778943517e+01 -1.412278449638887423e+01 1.027352090885537805e+00
6.756017703986891831e+01 -1.407776059524419487e+01 1.026264405843589467e+00
6.655116261809146749e+01 -1.338268385462551180e+01 1.025982630919803018e+00
6.655391411705018356e+01 -1.334833886750622689e+01 1.025567618045282847e+00
6.646054352127306686e+01 -1.325812600243096462e+01 1.025505147809319340e+00
6.666752552531696097e+01 -1.549302809006448101e+01 9.081502820093512174e-01
6.660604558319151636e+01 -1.540036509690869515e+01 9.076719979430913909e-01
6.657655481161930311e+01 -1.531666494825223168e+01 9.079437665239299404e-01
6.656888396272684361e+01 -1.524056565926875706e+01 9.077473964704370069e-01
6.655761609000008150e+01 -1.516427591926218987e+01 9.074781590991564117e-01
6.654816955760695407e+01 -1.512452380991869028e+01 9.077470878550280009e-01
6.654211498344605502e+01 -1.504963994491962431e+01 9.065994497418806697e-01
6.653823689487754223e+01 -1.497513684827592151e+01 9.065002008189685379e-01
6.653596023654782243e+01 -1.490183858058549049e+01 9.064491634449287627e-01
6.653889955051359095e+01 -1.482994581125416644e+01 9.055195940360052376e-01
6.652241451384378479e+01 -1.475225388870394383e+01 9.051303051574282055e-01
6.652473390913183948e+01 -1.468115556877178918e+01 9.052002955405367146e-01
6.651307543653132370e+01 -1.464100137908818411e+01 9.054211332600755613e-01
6.650940888142110907e+01 -1.456791652761335953e+01 9.043466437734123398e-01
6.650491607666123173e+01 -1.449421540489223581e+01 9.042480180657714861e-01
6.650502686441419087e+01 -1.442271691309182735e+01 9.042701284348785284e-01
6.650794775146938775e+01 -1.435081685756846603e+01 9.033417655895046305e-01
6.650585356024249961e+01 -1.427891972770036944e+01 9.033157307085643017e-01
6.648675879262816579e+01 -1.420304339870687294e+01 9.029021122221521090e-01
6.649151190920740362e+01 -1.416768557769013270e+01 9.025109410332754489e-01
6.657167215012258055e+01 -1.411613486717202903e+01 9.013759892352422032e-01
6.680872819023782938e+01 -1.410206864734124821e+01 8.988293692765491061e-01
6.736921489153789366e+01 -1.416518524756381225e+01 8.926782373664035042e-01
6.751762528098257121e+01 -1.412597377370408580e+01 8.900506024461144472e-01
6.761937903505884151e+01 -1.407557909048992251e+01 8.893561225471631193e-01
6.790612520887283665e+01 -1.395318056253488948e+01 8.843040587002389818e-01
6.673103186981697377e+01 -1.361678470063579738e+01 8.956697231071978349e-01
6.646725204093236528e+01 -1.331194867647151270e+01 8.973346759656122273e-01
6.649996464901131787e+01 -1.324862985810198701e+01 8.961117849228620313e-01
6.649203017225374879e+01 -1.317613097511534548e+01 8.959669696303255160e-01
6.783284605271313694e+01 -1.304063216292230010e+01 8.784178208219325379e-01
6.652484493564615775e+01 -1.553385372764049066e+01 7.628769265707826541e-01
6.651460236941946391e+01 -1.549350093210752100e+01 7.631212990529834261e-01
6.649052268987665570e+01 -1.541260794448086457e+01 7.635372076344056902e-01
6.648965889173247490e+01 -1.533910878128632405e+01 7.635094944423652663e-01
6.648059266061378025e+01 -1.526321576761979237e+01 7.632884296488235965e-01
6.647372233826165200e+01 -1.518771755833348180e+01 7.631161136079384066e-01
6.648546763394298864e+01 -1.511741244858857236e+01 7.623798295016910309e-01
6.647719257619195332e+01 -1.504211706455648390e+01 7.621832430191803898e-01
6.646414721156125438e+01 -1.500217374135936410e+01 7.623791391377587878e-01
6.646926845747692880e+01 -1.493066404352610732e+01 7.624973823024843167e-01
6.646259120140940979e+01 -1.485657195464672498e+01 7.623492726048921586e-01
6.645210934570141603e+01 -1.478087716239086191e+01 7.621049118403800948e-01
6.647004849668405768e+01 -1.471397529555693318e+01 7.615381322761992644e-01
6.646036115524010768e+01 -1.463888004710502422e+01 7.613180437325095529e-01
6.644546934862165699e+01 -1.456238798359748898e+01 7.609770349428683911e-01
6.644822195677788557e+01 -1.452803663561857661e+01 7.615600854160000655e-01
6.672896132286453508e+01 -1.452919414325711323e+01 7.560753521174388148e-01
6.644385564724035476e+01 -1.438284647502135982e+01 7.604839130314281492e-01
6.643355903243792682e+01 -1.430855550119287933e+01 7.602640498489409149e-01
6.644025688754793180e+01 -1.423823913741290070e+01 7.604320641606689968e-01
6.644498467636184103e+01 -1.416895577503695236e+01 7.595756075521712392e-01
6.642971763884320069e+01 -1.412860425025016653e+01 7.597238525841947254e-01
6.643361670008769693e+01 -1.405870156135159021e+01 7.598432884074168836e-01
6.642632897313981744e+01 -1.398541705884133179e+01 7.586971184663757750e-01
6.641481032333861378e+01 -1.391272481938314343e+01 7.594768835830885134e-01
6.644593259910266170e+01 -1.384820235293263835e+01 7.582040484179284334e-01
6.642622397944845147e+01 -1.377312685756885102e+01 7.577908161217705718e-01
6.643311373963371125e+01 -1.370421812834600139e+01 7.579838096476915199e-01
6.643206246732803777e+01 -1.366827121451792948e+01 7.574716980381599463e-01
6.641974668037012464e+01 -1.359498465379964927e+01 7.572285455960215961e-01
6.643764419129163912e+01 -1.352806819737313582e+01 7.566650385033686366e-01
6.644014465917588552e+01 -1.345837775811978787e+01 7.557619080027503378e-01
6.643602346923957214e+01 -1.338748273856839788e+01 7.557129346883963983e-01
6.644232461350092933e+01 -1.331939384437619367e+01 7.549067371616154931e-01
6.644866979304782717e+01 -1.328523739248259083e+01 7.545649168701032972e-01
6.644674116863194513e+01 -1.321473526151401501e+01 7.545650175736260401e-01
6.645802774597758855e+01 -1.314662709261603979e+01 7.538570321934533469e-01
6.645689820863279351e+01 -1.307672794237538483e+01 7.538815422262752364e-01
6.644036800791955955e+01 -1.300405328120498183e+01 7.535662769746377387e-01
6.645826688286383899e+01 -1.293714623765862015e+01 7.520049162316584379e-01
6.645712951309077710e+01 -1.286724478055471188e+01 7.520300750282462587e-01
6.646287209754736125e+01 -1.283389642918169748e+01 7.516882466800360874e-01
6.673994756395860861e+01 -1.281474619147888916e+01 7.468619594508549842e-01
6.653793772133030870e+01 -1.263793842189207162e+01 7.484916047483406443e-01
6.656621357075580647e+01 -1.257381169584636638e+01 7.481735744750483974e-01
6.692255440349713069e+01 -1.256397482002175892e+01 7.410299425292674602e-01
6.706412372704754432e+01 -1.251713656840863997e+01 7.381701601573745775e-01
6.740131024480581345e+01 -1.253685251858125405e+01 7.320534823378029854e-01
6.653192167914684774e+01 -1.561435757218306541e+01 6.310855405736888191e-01
6.651226317467610727e+01 -1.553427092273631160e+01 6.305984656952192680e-01
6.649038208232897773e+01 -1.545377236609729010e+01 6.310627533862579464e-01
6.647572320619561026e+01 -1.541261629219524920e+01 6.322099489409674922e-01
6.648067291328709416e+01 -1.533971489813917266e+01 6.313040343859497305e-01
6.648580742976444924e+01 -1.526820980461421229e+01 6.314214692828632458e-01
6.647973887408740268e+01 -1.519331420347718442e+01 6.312731333407313183e-01
6.647286368891961672e+01 -1.511781293600794740e+01 6.311008585122179770e-01
6.647439459161887498e+01 -1.504611661467666295e+01 6.311458817662438658e-01
6.646114012808786242e+01 -1.500475989429878432e+01 6.313182888453586772e-01
6.647006444350066090e+01 -1.493485175013093169e+01 6.315330353117070139e-01
6.646338804688514301e+01 -1.486075851770287315e+01 6.313849269391207386e-01
6.647152457713900731e+01 -1.479025950152369973e+01 6.305763911357004092e-01
6.646321863405539432e+01 -1.471494623998898632e+01 6.313804186780861416e-01
6.645433363225451728e+01 -1.464045283732057356e+01 6.311843111164869846e-01
6.645224937656728059e+01 -1.456855840166102034e+01 6.311573761204147814e-01
6.644521421083723567e+01 -1.453062050099590152e+01 6.304990715707686766e-01
6.644371994449562635e+01 -1.445791564969746190e+01 6.304729972770263258e-01
6.643340839100169148e+01 -1.438361102765416000e+01 6.312526893835945785e-01
6.644232825984519764e+01 -1.431370733261827866e+01 6.304693998299829572e-01
6.644103431102436730e+01 -1.424241166525814251e+01 6.304672993449703666e-01
6.643453646999704176e+01 -1.416971842047659536e+01 6.303442794973435070e-01
6.643489261034453364e+01 -1.413356830718776358e+01 6.298561282739030265e-01
6.642099142928813649e+01 -1.405908419673189869e+01 6.295638682165456412e-01
6.641808211250011595e+01 -1.398657680529229452e+01 6.295144392476641482e-01
6.642357955074587039e+01 -1.391787665080854097e+01 6.296822335641305557e-01
6.642368675725590776e+01 -1.384638146866118547e+01 6.287060113007547635e-01
6.642317643468359734e+01 -1.377568074207540150e+01 6.287290979197135421e-01
6.642626131461872774e+01 -1.370516969472872049e+01 6.288255419995174567e-01
6.641199368991604501e+01 -1.366683034030581290e+01 6.290217530570296756e-01
6.641310450136631971e+01 -1.359734809344550932e+01 6.280937091664797745e-01
6.642579907608184442e+01 -1.352903597086049814e+01 6.274090891806780590e-01
6.641426018861707803e+01 -1.345633568075184172e+01 6.281900147164463100e-01
6.641455778063283333e+01 -1.338624699077609570e+01 6.272384876144149191e-01
6.642225393231204578e+01 -1.331794915333591689e+01 6.264567621290142441e-01
6.641210317231272597e+01 -1.324503952193708756e+01 6.272627937019115141e-01
6.642666934268193302e+01 -1.321329209601925569e+01 6.261149811868447213e-01
6.642554190844852258e+01 -1.314339333312389435e+01 6.261392398683007787e-01
6.641260863854571994e+01 -1.307090607060685272e+01 6.258968580274741900e-01
6.641206756745243922e+01 -1.300019535989993713e+01 6.259221234722944782e-01
6.641695823877388705e+01 -1.293230736574634321e+01 6.250924700288285063e-01
6.641142027478764476e+01 -1.286161208989533655e+01 6.250203777393468219e-01
6.641909865849893890e+01 -1.279330925138336283e+01 6.242402011328441747e-01
6.642323255913082392e+01 -1.275875300589780004e+01 6.238505129453362219e-01
6.643111584021914950e+01 -1.269186279313179888e+01 6.230940897310057736e-01
6.645780539625700101e+01 -1.262654145605082334e+01 6.217280708044544690e-01
6.650289700093533440e+01 -1.256499762045988966e+01 6.207748705597602168e-01
6.674599291390828171e+01 -1.253790644640899998e+01 6.141745212252651687e-01
6.677459756205848862e+01 -1.243762457077169614e+01 6.133716668837932984e-01
6.685231434416536445e+01 -1.237924346318568780e+01 6.111024143959770116e-01
6.696967875680911675e+01 -1.232803976454042783e+01 6.077087994493860501e-01
6.714548403650002228e+01 -1.228557251669242234e+01 6.035809904348430344e-01
6.652442147646262072e+01 -1.567386666835611031e+01 5.027210602673978235e-01
6.639462890560803032e+01 -1.555877343523692247e+01 5.065972109881478058e-01
6.653670337928792833e+01 -1.552985091104381610e+01 5.029796158499387770e-01
6.667398943579580362e+01 -1.549732944481751318e+01 4.982187098206252163e-01
6.650597539059921814e+01 -1.540879290318594386e+01 5.037129116173899579e-01
6.647829687529421960e+01 -1.532770869926381252e+01 5.040559663240360422e-01
6.646980359994238086e+01 -1.525099124009593510e+01 5.048351517607057026e-01
6.647353976693062805e+01 -1.517969317483549574e+01 5.049283802939531496e-01
6.650250348884105733e+01 -1.511478667630444583e+01 5.036033276502949185e-01
6.643272809022954561e+01 -1.498575569464759738e+01 5.054647552794977461e-01
6.644384736780739331e+01 -1.491624045010866695e+01 5.057279673289913902e-01
6.643937022085482624e+01 -1.484254393623033863e+01 5.056284016188526964e-01
6.642668578046185246e+01 -1.476645051532499231e+01 5.053354063445731903e-01
6.643699603190432867e+01 -1.469632959340774470e+01 5.055752879424167956e-01
6.642751778936069229e+01 -1.462264774213659280e+01 5.053786884381905598e-01
6.641780558543429436e+01 -1.454753615940082767e+01 5.061584594236311352e-01
6.642117057219833498e+01 -1.451238767804635899e+01 5.057423013726369820e-01
6.641688133988098741e+01 -1.444009460594701721e+01 5.056671019515057708e-01
6.640496415462500579e+01 -1.436458438351566258e+01 5.063988468619105010e-01
6.640808956542375086e+01 -1.429409428662119197e+01 5.054939551225346994e-01
6.640459484149607761e+01 -1.422240075425604999e+01 5.054433258597545997e-01
6.639949143374373364e+01 -1.414949932777836139e+01 5.053448367576767186e-01
6.640478759964310029e+01 -1.407938807890734623e+01 5.054887912084419233e-01
6.639712765006994744e+01 -1.404224156783056898e+01 5.058302068382112271e-01
6.638922392300821684e+01 -1.396975266977900887e+01 5.056831531323074946e-01
6.638931352062171243e+01 -1.389824421850707559e+01 5.057064386884871920e-01
6.638389590276993601e+01 -1.375605047550526905e+01 5.056554531293238064e-01
6.639739854879519498e+01 -1.368834211984961335e+01 5.049942975382011312e-01
6.638368737843615008e+01 -1.361526183363432452e+01 5.047265099435198632e-01
6.638420766400160744e+01 -1.298537538932951918e+01 5.021382544614330090e-01
6.650659224042112783e+01 -1.293918438020042849e+01 4.989085156866041038e-01
6.647903615911891961e+01 -1.286450978618432117e+01 4.993504217712073645e-01
6.638413452502371115e+01 -1.253464094124746708e+01 4.999970254840441219e-01
6.640440847007867831e+01 -1.246952612732471088e+01 4.995087401400865046e-01
6.646273593160333348e+01 -1.241039181258369162e+01 4.968481565728038452e-01
6.639299038797436481e+01 -1.236429742830529577e+01 4.988531662635255493e-01
6.662686974395106176e+01 -1.233279752932704199e+01 4.920127224740495353e-01
6.678529098597404356e+01 -1.228857061035519571e+01 4.865190972486604370e-01
6.699314165473228400e+01 -1.225008062735351544e+01 4.800736425020766251e-01
6.708988179861832180e+01 -1.219469018307328056e+01 4.772191516668392031e-01
6.657579853999713748e+01 -1.574367548516631210e+01 3.586464938762468080e-01
6.640393298929700450e+01 -1.561456110445575263e+01 3.655067893065201412e-01
6.664414328399966791e+01 -1.561665282739881810e+01 3.572355831938758275e-01
6.649024645642894882e+01 -1.542064989037227463e+01 3.625275620543525479e-01
6.648080384142483013e+01 -1.538089893527435237e+01 3.627961068408354084e-01
6.647311471999370269e+01 -1.530478408879025487e+01 3.635991406415726157e-01
6.647524735715640531e+01 -1.523228080967310660e+01 3.636442302147964156e-01
6.640489707024144650e+01 -1.513798346873289447e+01 3.659712205847767130e-01
6.649592203744991536e+01 -1.509206718934410318e+01 3.631220124346544731e-01
6.650764246829906767e+01 -1.502174574368743620e+01 3.633857070325486882e-01
6.652039042349400688e+01 -1.495345166529222780e+01 3.626972585421102124e-01
6.646247890510555578e+01 -1.489990154796602795e+01 3.648282680991804527e-01
6.645417535396707365e+01 -1.482458829422161628e+01 3.656319255568575288e-01
6.645349612251249027e+01 -1.475249065375285262e+01 3.656291422690678417e-01
6.645420951123010411e+01 -1.468018406550161004e+01 3.656509627573442112e-01
6.644232082171130571e+01 -1.460469171441048175e+01 3.653823445525498093e-01
6.645063728913640944e+01 -1.453558593406789079e+01 3.655976761134779318e-01
6.644032783875384496e+01 -1.446128169936988073e+01 3.663771168686804636e-01
6.643166522731733892e+01 -1.442212415531549752e+01 3.666708160576522824e-01
6.644079534452177427e+01 -1.435363233517066206e+01 3.659108385476613767e-01
6.643269760104929844e+01 -1.427973540951902010e+01 3.657394740914705622e-01
6.642537980678287113e+01 -1.420642704657359801e+01 3.665922194313316895e-01
6.642407975501163264e+01 -1.413512679257841853e+01 3.665902340725453179e-01
6.642337216698118141e+01 -1.406301917577882676e+01 3.665892595259084841e-01
6.641710874792001107e+01 -1.402566486628144204e+01 3.669552524873892496e-01
6.641520972256449795e+01 -1.395517424172371079e+01 3.669533513608933539e-01
6.640869889863436981e+01 -1.388247601226493089e+01 3.668310806352415021e-01
6.641039049827976726e+01 -1.381217162676653132e+01 3.669026382111365558e-01
6.640827149188277190e+01 -1.374026300606819717e+01 3.668778649907977751e-01
6.641297809055721757e+01 -1.367096968422072578e+01 3.660225835693726726e-01
6.639568973750860437e+01 -1.363161734662893743e+01 3.671460310366054802e-01
6.638857326055116914e+01 -1.355972491989649242e+01 3.670241375486502644e-01
6.639407436996503975e+01 -1.349103113941111864e+01 3.661933071105647475e-01
6.638913227783837101e+01 -1.341951909531664811e+01 3.671199349891988151e-01
6.639682843069243745e+01 -1.335122125869041909e+01 3.663381499162925437e-01
6.639819536256773347e+01 -1.321162747072061450e+01 3.654593336358509248e-01
6.642075790615017183e+01 -1.318086278286505575e+01 3.644819517885186100e-01
6.662946762404197898e+01 -1.315304453597870804e+01 3.571940443167443968e-01
6.642649215966042675e+01 -1.304204493160522205e+01 3.647011323537284744e-01
6.639453968449343790e+01 -1.296657728946284749e+01 3.650455825870592141e-01
6.640080507590707271e+01 -1.289846745632928915e+01 3.652402786475691387e-01
6.639086346799476246e+01 -1.282697606963458803e+01 3.650709034538724973e-01
6.640514016896341332e+01 -1.275986262115021930e+01 3.644365940680728277e-01
6.641308104708244286e+01 -1.272690907706402719e+01 3.641435019128448358e-01
6.641253246070289151e+01 -1.245032709647980518e+01 3.623679507850255943e-01
6.645243720792839781e+01 -1.238739971414387142e+01 3.602943820623301097e-01
6.652235871604426620e+01 -1.232944086709684939e+01 3.578779154959638165e-01
6.662179251550479364e+01 -1.231121627336344737e+01 3.545806574441628944e-01
6.674659606128844302e+01 -1.226182921790377378e+01 3.493571487765171346e-01
6.688879515773535900e+01 -1.221421052094118131e+01 3.444997061013539419e-01
6.708706504722140096e+01 -1.217354699427480824e+01 3.368366963103275324e-01
6.663137368993655230e+01 -1.559810626913738218e+01 2.386964960175185224e-01
6.649289598509629684e+01 -1.544383431876083712e+01 2.448646715902136339e-01
6.655411095282228473e+01 -1.538933559471920454e+01 2.423130728151537960e-01
6.651880782430015415e+01 -1.530503615382061611e+01 2.434629253506322977e-01
6.650289750918761911e+01 -1.522651570840176305e+01 2.450724115402780345e-01
6.650115139648941920e+01 -1.507950704589276647e+01 2.450180290502527169e-01
6.643698156220199280e+01 -1.498860045342955161e+01 2.485135290791236073e-01
6.651565045213736482e+01 -1.497484906750713129e+01 2.448644992462827297e-01
6.655500859252549617e+01 -1.491273006551296376e+01 2.437822288636994905e-01
6.652969142656031920e+01 -1.483342777881464158e+01 2.451980668189485124e-01
6.652880433281555383e+01 -1.475991826717538302e+01 2.451718993403579905e-01
6.652512169542755771e+01 -1.468682129384520607e+01 2.450968442010644788e-01
6.651981218647595995e+01 -1.461250391557392803e+01 2.459737340962200314e-01
6.650696437731200206e+01 -1.457396710384957572e+01 2.461935130595456211e-01
6.651726984603911319e+01 -1.450384616716567265e+01 2.464340752393007206e-01
6.650697952764723198e+01 -1.442955634641961282e+01 2.462141134652789942e-01
6.649886417410334616e+01 -1.435564615082944329e+01 2.470423164161494878e-01
6.650778461121535656e+01 -1.428574169017197626e+01 2.462592660958978774e-01
6.650266606896161647e+01 -1.421283004740418576e+01 2.471604349231951714e-01
6.649014380834580606e+01 -1.413812486858918760e+01 2.478923196046107780e-01
6.648770745946245597e+01 -1.410238958896183448e+01 2.473550741885898185e-01
6.647898549924049405e+01 -1.402928328646299683e+01 2.481837287326800201e-01
6.647087267092871343e+01 -1.395538098960277651e+01 2.480133051623243379e-01
6.646514694902890596e+01 -1.388327400229210085e+01 2.489149246995040476e-01
6.646243947638041050e+01 -1.381217694206002555e+01 2.488893960671666461e-01
6.646774389095440938e+01 -1.374207550736716144e+01 2.480346245218340018e-01
6.645321124543700364e+01 -1.366837895897457500e+01 2.487424372368036707e-01
6.644334268715387282e+01 -1.363083227521559238e+01 2.490360324400769931e-01
6.643840479890019424e+01 -1.355932100418380415e+01 2.499622767909911447e-01
6.643268275286798996e+01 -1.348722039412731100e+01 2.498650332235961002e-01
6.641894041656675540e+01 -1.341412261566204300e+01 2.505975612746139669e-01
6.643103926322075381e+01 -1.334661898268635305e+01 2.499129546989284911e-01
6.644093161015052829e+01 -1.327871556844350565e+01 2.491799784078529978e-01
6.642278351976260353e+01 -1.320482128690554369e+01 2.498158324310559841e-01
6.643293147997286496e+01 -1.317226676823233333e+01 2.495706341745095314e-01
6.655975418611782857e+01 -1.312689308454327985e+01 2.444378234548618689e-01
6.640290590014623717e+01 -1.295637590142996487e+01 2.500377441796303168e-01
6.639783314608634157e+01 -1.281698247513860700e+01 2.500388452397662720e-01
6.641518702414589370e+01 -1.278482020160659260e+01 2.489407479116857447e-01
6.649795203420030987e+01 -1.273147649105209034e+01 2.458372397362662554e-01
6.640256171380053729e+01 -1.257573935438210277e+01 2.488462470061315601e-01
6.638865759693619850e+01 -1.243474754492358514e+01 2.486549660158213770e-01
6.641694495113293328e+01 -1.237062950055346100e+01 2.473376026367055669e-01
6.645851750230796995e+01 -1.234284782583725359e+01 2.457753301027416626e-01
6.654168174369794997e+01 -1.228729889524048957e+01 2.416510249805553512e-01
6.663864175808699031e+01 -1.223332520534983558e+01 2.378194104565410916e-01
6.740301295902392553e+01 -1.228006166923639242e+01 2.064475597913691951e-01
6.701198123327631606e+01 -1.214963804010320381e+01 2.220056254751310298e-01
6.737387065332187319e+01 -1.213266442243291010e+01 2.068741539881332470e-01
6.782725439920977806e+01 -1.603152174897075355e+01 2.401076482114272714e-02
6.786081905056839503e+01 -1.596378611824266613e+01 2.373585106048059501e-02
6.648783973056140439e+01 -1.545866694441303579e+01 8.992541984119495346e-02
6.648659649764402957e+01 -1.542130754687655880e+01 9.038734399853931567e-02
6.647971276791862749e+01 -1.534579683990045851e+01 9.121427142450100334e-02
6.647122130566954468e+01 -1.526908014681891146e+01 9.199338383065325253e-02
6.647335117842848717e+01 -1.519657419360832407e+01 9.203850161490589876e-02
6.650612006942279208e+01 -1.513326963364611721e+01 9.080987968402198796e-02
6.647098934622609079e+01 -1.505036075030538001e+01 9.298353373921519616e-02
6.652239022636538834e+01 -1.499226103218493122e+01 9.019139066225656531e-02
6.792343030604413912e+01 -1.527980918282528577e+01 2.356375700500734638e-02
6.791753428789577640e+01 -1.520127988228010096e+01 2.437083353436064748e-02
6.792945364302508438e+01 -1.512734221714045191e+01 2.459012677743521724e-02
6.796521011846576243e+01 -1.506000849890213367e+01 2.336680391070067309e-02
6.654468450964259318e+01 -1.388127148372604580e+01 9.340234314289463935e-02
6.653736981357626235e+01 -1.380797025714478643e+01 9.325646284486677207e-02
6.653464204890261158e+01 -1.373686029792492036e+01 9.423105002514786666e-02
6.651630452078532585e+01 -1.366156142978059762e+01 9.484243246901180591e-02
6.651965136477306828e+01 -1.362640527942329705e+01 9.442760059824717445e-02
6.650511451538265817e+01 -1.355270795796802474e+01 9.513579684093698141e-02
6.648757207097281707e+01 -1.347800786882002022e+01 9.577163115147757644e-02
6.648785052629841630e+01 -1.340790476163652478e+01 9.581974492869338444e-02
6.647850725524183702e+01 -1.333559965302122841e+01 9.664971671297795108e-02
6.645073802083871328e+01 -1.325950261419729159e+01 9.806695292654110663e-02
6.669689560166928288e+01 -1.320455945965476197e+01 8.614186544609314655e-02
6.644377436281455118e+01 -1.256128064317599780e+01 9.741491173209249066e-02
6.641478200183823333e+01 -1.248678871179124350e+01 9.883281908461827303e-02
6.640203186033065208e+01 -1.241570487384468180e+01 9.861566287722800528e-02
6.646395662042490926e+01 -1.235676062080435322e+01 9.602854294445872796e-02
6.652977119937708039e+01 -1.233337474494179808e+01 9.300135574757573131e-02
6.661955651857034866e+01 -1.227903115212515317e+01 8.802325008082212410e-02
6.677501463577802099e+01 -1.223383106805505349e+01 8.045795516210374476e-02
6.693549009810433859e+01 -1.218863453494938121e+01 7.199118090414824422e-02
6.718646248760310868e+01 -1.215615973779049241e+01 6.047282717847346500e-02
6.659011031263818836e+01 -1.514722958638143879e+01 -2.238580336616580180e-02
6.676881024118294761e+01 -1.505162064071500083e+01 -3.120142764524047596e-02
6.680092137827567456e+01 -1.495014586186046657e+01 -3.196586864280159812e-02
6.681925534568334513e+01 -1.488102706919357843e+01 -3.255556373406265358e-02
6.682217675134498336e+01 -1.480912140296711144e+01 -3.248497030253627571e-02
6.687115182482607167e+01 -1.474920438031253234e+01 -3.434788182272541235e-02
6.690812053638353518e+01 -1.468529309706923236e+01 -3.650064957104437458e-02
6.695468553182350036e+01 -1.462356823845595599e+01 -3.843505915560485597e-02
6.700851145536370268e+01 -1.460120604287578061e+01 -4.068752572762834863e-02
6.708113614724271656e+01 -1.454649703021658880e+01 -4.501531811644932102e-02
6.716475822867298007e+01 -1.449377008231868480e+01 -4.910015707633463844e-02
6.723795834248987546e+01 -1.443823967129496921e+01 -5.242713201258464295e-02
6.730376178867150827e+01 -1.438092221642433977e+01 -5.592328263893731055e-02
6.639935200060040188e+01 -1.306508208509264080e+01 -5.622747755288259874e-03
6.639780031853375419e+01 -1.278646719793528064e+01 -5.450423664914993971e-03
6.665525384074952342e+01 -1.276386481325076794e+01 -1.971119309317959090e-02
6.642489195630994914e+01 -1.261850569191937055e+01 -7.206404703882007823e-03
