6.673664958078987297e+01 -1.496527086178587140e+01 1.365231242118354560e+00
6.672596387418256825e+01 -1.489250844214231151e+01 1.363911778330631375e+00
6.670490278031840603e+01 -1.485256577564286218e+01 1.363868136247789797e+00
6.668468290356710781e+01 -1.477732719412874829e+01 1.362310906414101019e+00
6.669024596538187666e+01 -1.470983845973815107e+01 1.361412773070238114e+00
6.668704070319874688e+01 -1.464048651445344085e+01 1.361302530117146858e+00
6.667353900001256761e+01 -1.456804709267907683e+01 1.359928920046099776e+00
6.667690999176105038e+01 -1.450009447318129929e+01 1.358977856557119335e+00
6.667809100049689164e+01 -1.443167841545834662e+01 1.357973809470403692e+00
6.667748270493322593e+01 -1.439651630769084711e+01 1.358432564642127360e+00
6.667725929042974542e+01 -1.432826338509428510e+01 1.357401510950628332e+00
6.667406033282435374e+01 -1.425892045070024494e+01 1.356291511564617913e+00
6.667444862821108131e+01 -1.418987454481405308e+01 1.355261518269126331e+00
6.666841902628981131e+01 -1.412084381340227957e+01 1.355097104504371153e+00
6.666896925342926750e+01 -1.405321404402441843e+01 1.354091933016561278e+00
6.666618860205844044e+01 -1.401760167396633250e+01 1.353498048807030507e+00
6.666970662511712931e+01 -1.395105938780974064e+01 1.352571770280990293e+00
6.668477703297371306e+01 -1.388603758812683253e+01 1.351911532032163521e+00
6.670780691234905646e+01 -1.382223716460518759e+01 1.351437229232760107e+00
6.677179665860477087e+01 -1.376802933067601487e+01 1.350968852653340768e+00
6.685311930204379394e+01 -1.371610751007793461e+01 1.350899717594262750e+00
6.696349362954480000e+01 -1.366940579391368438e+01 1.351520549662550863e+00
6.713104937458125221e+01 -1.366708011682385582e+01 1.352011088046901177e+00
6.668347752972120190e+01 -1.521408502619631697e+01 1.218806487697691399e+00
6.666762446107141216e+01 -1.513976371682464794e+01 1.218354991300538037e+00
6.661286553837844338e+01 -1.505491817760616158e+01 1.216926711109993953e+00
6.667642489189998400e+01 -1.500291664074844178e+01 1.216481108838151304e+00
6.774342124740459781e+01 -1.510365624366307102e+01 1.218437670311538934e+00
6.773380084329073725e+01 -1.502789446035643550e+01 1.218096164956569805e+00
6.776013582348659270e+01 -1.496157991766366635e+01 1.217652952866171034e+00
6.662556711999712888e+01 -1.440226019592149953e+01 1.210377399137113397e+00
6.749272605017741000e+01 -1.442947837436521930e+01 1.212028058006534792e+00
6.694357207619358974e+01 -1.423494960659069974e+01 1.209551586731133499e+00
6.688769952218838455e+01 -1.415308281302981541e+01 1.208145390175650702e+00
6.783492131589231633e+01 -1.429176380814010017e+01 1.210156720269585318e+00
6.662811401878275319e+01 -1.358748851973557414e+01 1.202183892368789531e+00
6.645906538506316963e+01 -1.348717459294172727e+01 1.201119893026575625e+00
6.666346909519522512e+01 -1.529807329785528758e+01 1.110612988662914358e+00
6.664980571059211911e+01 -1.522421274619730269e+01 1.110214437254823050e+00
6.663989359889340847e+01 -1.515206580721007157e+01 1.109920608155699817e+00
6.649175335467289472e+01 -1.507742188090265678e+01 1.109682312986919328e+00
6.757181894214917861e+01 -1.507682752816338301e+01 1.104386927962090814e+00
6.779245818630305109e+01 -1.506036654295385091e+01 1.103779899595670910e+00
6.783787853785784705e+01 -1.499901824440637199e+01 1.102812599466172161e+00
6.659240209670967658e+01 -1.438068063756761639e+01 1.102319256008362114e+00
6.659949958010732018e+01 -1.431442517966323003e+01 1.102472623740307967e+00
6.688860765719579149e+01 -1.431154950055990938e+01 1.100510210632178687e+00
6.712982278167497441e+01 -1.433079422625852217e+01 1.099873398094748378e+00
6.687964142887619801e+01 -1.420549502313190970e+01 1.099727347365559993e+00
6.689174910591384560e+01 -1.413938856716409376e+01 1.098988305856195558e+00
6.694402870672463735e+01 -1.408224500191993300e+01 1.098229101800314966e+00
6.748054299102552989e+01 -1.412668131800671745e+01 1.096183004625729929e+00
6.774615589746747446e+01 -1.411147305266093177e+01 1.095542309225898236e+00
6.655628878394340120e+01 -1.342589215691786109e+01 1.093208856537884133e+00
6.653911497183636925e+01 -1.338906584850232662e+01 1.093294405302720929e+00
6.683708474926390863e+01 -1.337658501263526922e+01 1.091375807628366612e+00
6.663953534900039699e+01 -1.541228980040695618e+01 9.847859828411170691e-01
6.659788588410489751e+01 -1.533020635854053282e+01 9.846751548269689902e-01
6.658282105794270933e+01 -1.525651132460174608e+01 9.842495686619242568e-01
6.657509595010409953e+01 -1.518482544301275894e+01 9.840086321433006988e-01
6.680094937301096536e+01 -1.517637516463628522e+01 9.816304113628505634e-01
6.653979272757030117e+01 -1.503587671745960641e+01 9.830253423544094149e-01
6.649395738874383710e+01 -1.440583226869617839e+01 9.785853097254280097e-01
6.648277626731388068e+01 -1.433525195526992491e+01 9.782889409722810292e-01
6.657179890589657134e+01 -1.428818265550862954e+01 9.774536409016157945e-01
6.681638433930007182e+01 -1.427543722884506039e+01 9.744060332365783728e-01
6.674934006772284079e+01 -1.422575103487707793e+01 9.752491709585549007e-01
6.684915609362340660e+01 -1.417959596499777142e+01 9.736546631616551650e-01
6.689268559819979032e+01 -1.412060162341478531e+01 9.726834495140791459e-01
6.743615105362374607e+01 -1.416929752775368101e+01 9.678465300999457011e-01
6.748311242761940321e+01 -1.410919419521832907e+01 9.669311398395025181e-01
6.649249795149476938e+01 -1.329379809650893662e+01 9.698414120423735074e-01
6.647568428813877972e+01 -1.322387219629449717e+01 9.684370040978053096e-01
6.652901380953187527e+01 -1.542905910089416466e+01 8.466679935508624189e-01
6.648891068687731831e+01 -1.534821235741269696e+01 8.476086422323800829e-01
6.648558168450999517e+01 -1.527746533906441329e+01 8.464738859640799085e-01
6.649114053101243371e+01 -1.520996804221029208e+01 8.465753513272888942e-01
6.647012700160485110e+01 -1.513409000569453511e+01 8.459918056441454448e-01
6.646771862703613465e+01 -1.506536880244743415e+01 8.459073945465074296e-01
6.647029805397190216e+01 -1.499677717538185284e+01 8.459299245150154745e-01
6.646016899968340397e+01 -1.495914351888376004e+01 8.461508789085897542e-01
6.645699030779110217e+01 -1.488980579170912577e+01 8.450407902937228100e-01
6.645956288359259645e+01 -1.482121357277145002e+01 8.450632257971472105e-01
6.645276947568655146e+01 -1.475156266459249110e+01 8.448728620760357355e-01
6.646051656236691940e+01 -1.468453260688357531e+01 8.440275228473494984e-01
6.645668946230466645e+01 -1.461596799256091295e+01 8.439159358225561958e-01
6.645032781689097590e+01 -1.458005993309583914e+01 8.432419894378835323e-01
6.644492870060180678e+01 -1.451024023492446346e+01 8.430785199518811002e-01
6.645939485499991406e+01 -1.444601127233499938e+01 8.424168481305476242e-01
6.644524236188969724e+01 -1.437434183899902607e+01 8.420415533951475240e-01
6.646704644541782159e+01 -1.431212426161628315e+01 8.415646754181405065e-01
6.646023456288806130e+01 -1.424246591468540757e+01 8.413741673509266272e-01
6.646874813874143229e+01 -1.417605573615609593e+01 8.405546889734905047e-01
6.645080366461790788e+01 -1.413860865567989222e+01 8.406144242076096784e-01
6.645869927068392258e+01 -1.407299012067714017e+01 8.397939862073160455e-01
6.645047521978591476e+01 -1.400349238173122046e+01 8.395763219774358133e-01
6.644600452410651314e+01 -1.393570869902703890e+01 8.394635500465406075e-01
6.646404034833994956e+01 -1.387177125969696689e+01 8.388819142318275635e-01
6.645737758433203624e+01 -1.380352369309964544e+01 8.387161302268486551e-01
6.645432268014818078e+01 -1.373558871210279619e+01 8.376307652018409877e-01
6.645826437376413764e+01 -1.370277639367222022e+01 8.372205204672095169e-01
6.643704890012726594e+01 -1.363190187739527204e+01 8.377094817467284349e-01
6.644570831391584420e+01 -1.356690352037374225e+01 8.369149117738249322e-01
6.644842140874087022e+01 -1.349972528695469798e+01 8.359624493678442514e-01
6.645427495662514161e+01 -1.343505558200618566e+01 8.351138901698182959e-01
6.645993613089851237e+01 -1.336895120744667764e+01 8.352401342349740077e-01
6.645069251898546270e+01 -1.320106116676263674e+01 8.335234680497901616e-01
6.645137487904636941e+01 -1.313483592899359209e+01 8.325429478550376849e-01
6.645422035475891676e+01 -1.306905723215256288e+01 8.326151289340695261e-01
6.646067577766514489e+01 -1.300359156801474469e+01 8.317676606442792053e-01
6.649901322767308898e+01 -1.294303722744001561e+01 8.306648417720449151e-01
6.654954443420240295e+01 -1.291918214679257026e+01 8.293696453862711149e-01
6.663790804193871509e+01 -1.286647010170662142e+01 8.274371151066044483e-01
6.684009558158345499e+01 -1.283144659367672702e+01 8.231646768096623212e-01
6.691890768414302215e+01 -1.277624788655132804e+01 8.219943951439989682e-01
6.709263910558854604e+01 -1.273519930080697193e+01 8.180330530553926449e-01
6.650541275979094280e+01 -1.552812976637412490e+01 7.216205931330329504e-01
6.649111735743161944e+01 -1.545504932142463517e+01 7.222206070481544948e-01
6.645958830801704664e+01 -1.541059507386627203e+01 7.218886050935748866e-01
6.645842659477676762e+01 -1.534029548976853796e+01 7.218064729861748408e-01
6.645664393528228686e+01 -1.527078517024667903e+01 7.217231636211890455e-01
6.645625854766308294e+01 -1.520110844233190051e+01 7.216667873719329052e-01
6.645447171595705527e+01 -1.513159723037044202e+01 7.215834955351283497e-01
6.645783610921725426e+01 -1.506363292300225964e+01 7.216319115315836807e-01
6.644948499002416042e+01 -1.499273347905278442e+01 7.213897080541418205e-01
6.643498163047132721e+01 -1.495417502824001232e+01 7.215047716452531734e-01
6.643757868540247102e+01 -1.488559657766085920e+01 7.205276085898026928e-01
6.643656251634484988e+01 -1.481670613820153903e+01 7.204701004913642848e-01
6.643851324921183732e+01 -1.474890124669415492e+01 7.204914302618967703e-01
6.644923021933905716e+01 -1.468295911941961585e+01 7.197249081980995333e-01
6.643508696480455455e+01 -1.461129340634253992e+01 7.193496260510481299e-01
6.643703352419613850e+01 -1.454348762151261987e+01 7.193710329344644716e-01
6.643442523779259545e+01 -1.450929362093810049e+01 7.188018000946690966e-01
6.642462644169295061e+01 -1.443853342383087579e+01 7.195320503050699479e-01
6.642221364362899294e+01 -1.436981632085726801e+01 7.184478209535024584e-01
6.642869137335752328e+01 -1.430434863881031760e+01 7.185999252267093462e-01
6.643143128849320078e+01 -1.423717962990532193e+01 7.176475125257657517e-01
6.642024003812647948e+01 -1.416659366348928373e+01 7.173509047854511600e-01
6.642295308795492303e+01 -1.409940775872190244e+01 7.173981129354149999e-01
6.641594362971594023e+01 -1.406427206708737998e+01 7.177226697287664159e-01
6.641727197056418674e+01 -1.399726292026298324e+01 7.167431620378095225e-01
6.641123015407431751e+01 -1.392822608997272837e+01 7.165784957057139692e-01
6.641631125479651132e+01 -1.386293174441148679e+01 7.157038787257917756e-01
6.641026586270359644e+01 -1.379389327754315175e+01 7.155391719251251725e-01
6.641453453771332249e+01 -1.372795546232648789e+01 7.156382285955101841e-01
6.640174069321136585e+01 -1.369205603146498262e+01 7.158296700749389174e-01
6.640086921538880915e+01 -1.362458046996389349e+01 7.147972465389139662e-01
6.640734281916621740e+01 -1.355911956770862048e+01 7.139496381996548457e-01
6.640722943983314508e+01 -1.349225442827666299e+01 7.139428407118897368e-01
6.640649601092620458e+01 -1.342618049056616059e+01 7.139347944418446001e-01
6.640718373515183259e+01 -1.335995465607680721e+01 7.129542003101090319e-01
6.641583688935924101e+01 -1.329495495951294615e+01 7.121597162141801718e-01
6.640224735172373016e+01 -1.325842329921980323e+01 7.123251502599488028e-01
6.639931827635753336e+01 -1.319188383927220265e+01 7.122641706166543685e-01
6.641454708773008520e+01 -1.312828421252339162e+01 7.106289314296760917e-01
6.642756888170146112e+01 -1.306420722482751273e+01 7.099404851858376331e-01
6.642025686036757293e+01 -1.299673850705079126e+01 7.097734845702766693e-01
6.643983757513362320e+01 -1.293405034629736150e+01 7.092441430734639507e-01
6.644314670001334378e+01 -1.290202655050357095e+01 7.088328213105017372e-01
6.644959645868306097e+01 -1.283655880180199560e+01 7.079854404856362748e-01
6.646120548641384573e+01 -1.277264316534662036e+01 7.072699556605863691e-01
6.667216372801905777e+01 -1.273948598997559856e+01 7.022099919814068780e-01
6.645393192793159187e+01 -1.263973356331012887e+01 7.061215327517920137e-01
6.652058028665722134e+01 -1.258381160543813593e+01 7.036839959509711973e-01
6.688853368122522625e+01 -1.247057651177119730e+01 6.947255604737629930e-01
6.700269881070754252e+01 -1.241921080720858406e+01 6.913564520902031330e-01
6.723098643208126646e+01 -1.238191938813765702e+01 6.855997943139032769e-01
6.648591381615804607e+01 -1.558424048918518956e+01 6.010146086344806404e-01
6.644643521662456465e+01 -1.550260611858886683e+01 6.019564154574524872e-01
6.661653224078267499e+01 -1.537638560348980121e+01 5.966323367774537534e-01
6.674409906371869283e+01 -1.534209566539161074e+01 5.927977572148506180e-01
6.670758408678703688e+01 -1.526154788480438995e+01 5.938185266643885019e-01
6.652859165158692178e+01 -1.514300251644485762e+01 5.982725658641117050e-01
6.636626757179917036e+01 -1.261957244066817907e+01 5.909355567912162321e-01
6.638148028587860949e+01 -1.255596849649073832e+01 5.893005680590213125e-01
6.639964465627332402e+01 -1.249344004863385393e+01 5.887442666818312187e-01
6.670146141802808870e+01 -1.246990742405287911e+01 5.797400245539627850e-01
6.654541969572811411e+01 -1.241467117746435633e+01 5.836284315857682703e-01
6.671105594992216936e+01 -1.230554419158203672e+01 5.784754331291339646e-01
6.683601238188043681e+01 -1.225509227156455339e+01 5.743470661987275516e-01
6.699052697543794466e+01 -1.220769360572893447e+01 5.688864406720312017e-01
6.648927954100254567e+01 -1.563288977523486523e+01 4.657723107838865340e-01
6.661366852638593627e+01 -1.552925332549626702e+01 4.618270176207735500e-01
6.654023810598403088e+01 -1.543720524157419405e+01 4.638987011729342469e-01
6.647150764480936402e+01 -1.534891199300948017e+01 4.661257153603132752e-01
6.646872903502168128e+01 -1.531329239815395837e+01 4.665314705983730215e-01
6.646537674295016984e+01 -1.524253012052136924e+01 4.663963756495509982e-01
6.647093171630545783e+01 -1.517502850757098187e+01 4.664976949027256903e-01
6.647788693800285387e+01 -1.510736286517836113e+01 4.666261649063584427e-01
6.647968438013643322e+01 -1.503814630089782511e+01 4.666227881428373636e-01
6.653890737025828628e+01 -1.498524602698694252e+01 4.640716932980150089e-01
6.659023331385431277e+01 -1.299708917809150499e+01 4.552704919179479948e-01
6.664813753964645571e+01 -1.293931510478777369e+01 4.526206944222912476e-01
6.666771765654014814e+01 -1.287662768728988816e+01 4.520914705069332684e-01
6.664113967895187329e+01 -1.283872163303109382e+01 4.529634497733164844e-01
6.668090245151978479e+01 -1.277802239040903132e+01 4.508883943755920276e-01
6.636830837146858642e+01 -1.266328956401566863e+01 4.605911749614793882e-01
6.637198321497692177e+01 -1.246723133740031031e+01 4.597256577640370101e-01
6.640612144661287175e+01 -1.240718404561905785e+01 4.575423325203377134e-01
6.646570583447905278e+01 -1.238157063605790142e+01 4.554112355355351971e-01
6.644477250438434623e+01 -1.231351336566825161e+01 4.559497166401997870e-01
6.673410968936769905e+01 -1.228643651976388895e+01 4.456295992627201663e-01
6.679920961127517387e+01 -1.222928351560583593e+01 4.421411915258676162e-01
6.699343778495567392e+01 -1.218662768396560026e+01 4.355871403533490005e-01
6.656761671992420304e+01 -1.564510865127788364e+01 3.495644260316469465e-01
6.644786931728935997e+01 -1.554047864546349622e+01 3.544737741480273874e-01
6.659688301761582352e+01 -1.551303639598633666e+01 3.491924859022983441e-01
6.650373461022640242e+01 -1.541680291788301815e+01 3.527869403982265561e-01
6.646997763862020747e+01 -1.537185917671420476e+01 3.544014299989349803e-01
6.648033187049117032e+01 -1.523624865448227794e+01 3.535785393343977567e-01
6.646523987958184421e+01 -1.516253404383851233e+01 3.541525577558506388e-01
6.647813546478143110e+01 -1.509704351817615908e+01 3.544386040925092685e-01
6.673055942356528192e+01 -1.509566994702976217e+01 3.447232785663439936e-01
6.646281078290549260e+01 -1.495506459829512380e+01 3.549808916261069092e-01
6.647967999465627997e+01 -1.485678147876681976e+01 3.538570429090540648e-01
6.644924556276507133e+01 -1.477981245309372937e+01 3.550598173578833894e-01
6.644603851606825629e+01 -1.471045663969842821e+01 3.549493003612619324e-01
6.645392841669271888e+01 -1.464482835143239825e+01 3.551284416277299405e-01
6.644634229717536300e+01 -1.457454759630424235e+01 3.549120497688764697e-01
6.644750031969488191e+01 -1.450611285873059941e+01 3.549072918169644542e-01
6.645364123537312651e+01 -1.447376769911520000e+01 3.545500209241533307e-01
6.642492257558627955e+01 -1.439945903116982961e+01 3.558292065537307369e-01
6.642467289443780487e+01 -1.433118847000717544e+01 3.557976188912448379e-01
6.642520430520276875e+01 -1.426354091156270876e+01 3.557918307313744366e-01
6.641259189664806684e+01 -1.419310683839376708e+01 3.564680091915606308e-01
6.642048452498339373e+01 -1.412748592355738708e+01 3.556474131412411532e-01
6.642302894925180112e+01 -1.409484001528560526e+01 3.552101161214749059e-01
6.640156290536924644e+01 -1.395569300599805018e+01 3.556672037549863941e-01
6.640724017314416017e+01 -1.388959294621835028e+01 3.557933761194667088e-01
6.639620310513575419e+01 -1.382042058618928948e+01 3.555216417273221463e-01
6.640187679857147884e+01 -1.375431889071444758e+01 3.556477140385290170e-01
6.640616459107384628e+01 -1.368839544234249495e+01 3.547471269176170061e-01
6.638964742257283547e+01 -1.358531784111169571e+01 3.558513011086974487e-01
6.640550671783968539e+01 -1.352092924638924032e+01 3.542170881294379736e-01
6.638804102255453188e+01 -1.345176714889300662e+01 3.548109608240737067e-01
6.638202570920543621e+01 -1.331727224101132734e+01 3.546640893086940860e-01
6.637572362593471098e+01 -1.315045204454099625e+01 3.540258119066449494e-01
6.660807391255610810e+01 -1.305731903149914963e+01 3.445132351044766228e-01
6.651802841366477992e+01 -1.297644629558998908e+01 3.474051548313161764e-01
6.637493582569804573e+01 -1.288660924411421682e+01 3.530471437416710101e-01
6.637171133717916405e+01 -1.278774003029764295e+01 3.524947472113086899e-01
6.638690702113559894e+01 -1.272412216637823335e+01 3.518593339216175009e-01
6.638759293338220857e+01 -1.259243393995116733e+01 3.508968837026859022e-01
6.637607566980102547e+01 -1.245999521471623872e+01 3.506667606788030911e-01
6.636201936826964243e+01 -1.242566642538594479e+01 3.508558908151561129e-01
6.638440837632259672e+01 -1.236266040876287953e+01 3.493810244495965112e-01
6.639678716850119145e+01 -1.229936971083891706e+01 3.486916641672856976e-01
6.648361579267546517e+01 -1.224543890174786220e+01 3.447087066252151333e-01
6.656965826109984619e+01 -1.219088226388519303e+01 3.406998002945939019e-01
6.668088518373149043e+01 -1.213845334263416298e+01 3.352526269837647899e-01
6.683042543662372736e+01 -1.209093738819560748e+01 3.286851465563346286e-01
6.708627654005961460e+01 -1.208719607482355585e+01 3.190110058528748960e-01
6.739955664910941380e+01 -1.205740953838327023e+01 3.061541646528995742e-01
6.649547703921729180e+01 -1.546127906211448533e+01 2.052332357418463760e-01
6.644799179167419823e+01 -1.537839354059567221e+01 2.079885100953667854e-01
6.645735066606891905e+01 -1.527667299624278563e+01 2.076548047912305517e-01
6.644601501695584034e+01 -1.520467482785494973e+01 2.083334564687761015e-01
6.644938209293032116e+01 -1.513671022256808030e+01 2.083818057043885785e-01
6.644162714078994725e+01 -1.506500506440014497e+01 2.091403915713492268e-01
6.664856869616818358e+01 -1.505171136381511587e+01 1.992890951198782457e-01
6.644397745236214803e+01 -1.492815076467537949e+01 2.091312311205728580e-01
6.649085870908552920e+01 -1.483713739052145897e+01 2.077478519079845043e-01
6.648249835005287878e+01 -1.476623422543014641e+01 2.075056954268966747e-01
6.649616400002850014e+01 -1.470136521552547570e+01 2.078176430833760246e-01
6.646869378861146060e+01 -1.462548203660594304e+01 2.090992625773167024e-01
6.646704951830201935e+01 -1.455737758591752140e+01 2.090406750382582945e-01
6.647039334956886591e+01 -1.448940539269468175e+01 2.090890150374042911e-01
6.645025050253910592e+01 -1.445148541743467163e+01 2.100954946303591475e-01
6.645955381100925763e+01 -1.438570270513799265e+01 2.093019459253419035e-01
6.645851916732790698e+01 -1.431680482692675582e+01 2.092442934808009802e-01
6.644153662319271803e+01 -1.424544685011685274e+01 2.098146827797480185e-01
6.644206475842644011e+01 -1.417780033637837001e+01 2.098088406233649117e-01
6.644853384618777170e+01 -1.411232818993403981e+01 2.099608743114709242e-01
6.642978260932444812e+01 -1.407423972348323460e+01 2.109942553156749501e-01
6.642593137040196893e+01 -1.400566558584489840e+01 2.108826114097041016e-01
6.644116341610072141e+01 -1.394205724569058091e+01 2.102469180210753130e-01
6.642713645426405833e+01 -1.387178065388567028e+01 2.108959030259249801e-01
6.642845853679499157e+01 -1.380477016840187687e+01 2.099164216272401129e-01
6.642317333056118400e+01 -1.373634257070541409e+01 2.107772725260400604e-01
6.641072677310725680e+01 -1.366733051809380939e+01 2.104784939644941399e-01
6.640370808008411529e+01 -1.363219110884920582e+01 2.108028594153891211e-01
6.640937253494412573e+01 -1.356608569311546475e+01 2.109289191382472950e-01
6.639770617752228077e+01 -1.349770081366602170e+01 2.106559829601769573e-01
6.639397927412862543e+01 -1.343052100406983485e+01 2.115688539573655769e-01
6.640184597504203623e+01 -1.336489279921616991e+01 2.107483154314225837e-01
6.638796187593760578e+01 -1.329602565085129839e+01 2.114219316213740152e-01
6.639520762933297249e+01 -1.323118670969056865e+01 2.106002754225477780e-01
6.638318653232136057e+01 -1.319590849666805710e+01 2.108175514609544887e-01
6.638165889598657543e+01 -1.312920351723538559e+01 2.107837257440188239e-01
6.648855888467794273e+01 -1.308229320538478291e+01 2.053269076527898251e-01
6.645670032968992302e+01 -1.264729306618908922e+01 2.051258587190725180e-01
6.640012827232234827e+01 -1.250713305917542506e+01 2.068322940636040386e-01
6.638418989620207356e+01 -1.243920863900639517e+01 2.074777375868540608e-01
6.636795997754857979e+01 -1.233895877929878004e+01 2.076320295024758344e-01
6.643524005559794432e+01 -1.228226013881642764e+01 2.041960612243065576e-01
6.653445648013247649e+01 -1.223051196824361853e+01 1.985060098683183449e-01
6.663926402417386896e+01 -1.217809703684782363e+01 1.939239795549972944e-01
6.726951092746325855e+01 -1.219076818445194021e+01 1.643694010715534004e-01
6.740217341731889178e+01 -1.213876259870345464e+01 1.573794258744923846e-01
6.649330825333525752e+01 -1.538352995879947116e+01 1.019832266961714362e-01
6.649589781173550307e+01 -1.531494398648955269e+01 1.020058764824419706e-01
6.646807822337311222e+01 -1.527217298045150429e+01 1.037779035355556045e-01
6.647582049876454846e+01 -1.520513510485901776e+01 1.039321912183422958e-01
6.648576799946036431e+01 -1.513857071680537558e+01 1.031397694226745543e-01
6.648316933865038436e+01 -1.506841529105001243e+01 1.040300932394251365e-01
6.648950569640780373e+01 -1.500153935680424766e+01 1.041575559754891467e-01
6.655889577253202560e+01 -1.495033707619430885e+01 1.008455232959348802e-01
6.793003761916210692e+01 -1.527328107875540297e+01 3.051607113795373749e-02
6.793791711313258475e+01 -1.520121817081557047e+01 3.059833036315584565e-02
6.793704740375741835e+01 -1.512730642103367984e+01 3.046868722607631863e-02
6.793477326877322753e+01 -1.505355780472267213e+01 3.031214920553049197e-02
6.658127748758001019e+01 -1.413462212385118022e+01 1.010519679126624659e-01
6.657226995985485019e+01 -1.406449825556614641e+01 1.008084668874965617e-01
6.654772236665044716e+01 -1.402563495355099477e+01 1.027086360603246540e-01
6.653431575698716927e+01 -1.395456984307457304e+01 1.033587371501072383e-01
6.653343320703066865e+01 -1.388708512326463662e+01 1.033260859872323634e-01
6.652159145859667433e+01 -1.381727182083195160e+01 1.040281673551898267e-01
6.651195523427502110e+01 -1.374793468633923510e+01 1.037835853014537069e-01
6.650089130222322353e+01 -1.367874543133072862e+01 1.045114121755138514e-01
6.649640927933462820e+01 -1.361095758038197090e+01 1.043987555897658570e-01
6.647263235383402957e+01 -1.357271505440071024e+01 1.063244701621497423e-01
6.646954909231797615e+01 -1.350476198541731776e+01 1.062387959247929059e-01
6.646584428793920551e+01 -1.343759892514827925e+01 1.061520024266024986e-01
6.646572674144999837e+01 -1.337073289680848198e+01 1.061449841282081641e-01
6.646061602449260874e+01 -1.330373178141792145e+01 1.060311273444847213e-01
6.644454134402923273e+01 -1.323440193775231322e+01 1.066518998624192971e-01
6.644188920213659344e+01 -1.320018478939001660e+01 1.070824310989006989e-01
6.667958946032675271e+01 -1.317551465802754862e+01 9.470930237069663526e-02
6.638070203223774968e+01 -1.292535817193823178e+01 1.096689354038604680e-01
6.649682339328391834e+01 -1.287810700700384281e+01 1.034009675404853335e-01
6.637672086631275192e+01 -1.276040742982636900e+01 1.091086621210944907e-01
6.654638530460614732e+01 -1.265447310497707178e+01 9.908549410203781882e-02
6.637165187443170566e+01 -1.256249976729746010e+01 1.080309898702794813e-01
6.641082411950223729e+01 -1.243714369733857339e+01 1.049731467551801023e-01
6.640175949641404429e+01 -1.240294880293488511e+01 1.052691853136059619e-01
6.642571991903002981e+01 -1.234119861076726288e+01 1.038464977448179116e-01
6.652272426611848744e+01 -1.228897025584278069e+01 9.910291129192672077e-02
6.663616029478475866e+01 -1.223701914352449194e+01 9.270881710446188251e-02
6.676633870865521203e+01 -1.218816183691821031e+01 8.571351961710482747e-02
6.700616699204634585e+01 -1.215108843110147419e+01 7.320101850539328936e-02
6.721972139443056449e+01 -1.210844475393401964e+01 6.105228263542039624e-02
6.645332497773841851e+01 -1.511236765894694756e+01 -3.298207257599927722e-02
6.646622056041030646e+01 -1.504687713151871620e+01 -3.269590706993563689e-02
6.658353304857996591e+01 -1.500953276539214620e+01 -3.979290584600070346e-02
6.662289046768628964e+01 -1.495104517867308047e+01 -4.184557513257369799e-02
6.666680571284612711e+01 -1.485894818929811478e+01 -4.330756581531414184e-02
6.667736164189764736e+01 -1.479159185846686952e+01 -4.409869818414957621e-02
6.669103324480695960e+01 -1.472672760646356771e+01 -4.378631525821341519e-02
6.674195650496892540e+01 -1.466977279059611661e+01 -4.657264210761402623e-02
6.676065861665138357e+01 -1.460507042218741525e+01 -4.815263675424874545e-02
6.681158276591057188e+01 -1.454811753816791509e+01 -5.093867762012771472e-02
6.682446255136117941e+01 -1.448262537459511989e+01 -5.065227518722248412e-02
6.687442327607936932e+01 -1.445958219301928338e+01 -5.394878101178057772e-02
6.692237575459390087e+01 -1.440154361274673533e+01 -5.681358422169713318e-02
6.700098480652812327e+01 -1.435000344854343624e+01 -6.093605800876777945e-02
6.708914893266643276e+01 -1.430095768260077094e+01 -6.582023232278133573e-02
6.713553177228465074e+01 -1.424166713980279653e+01 -6.873652319302114844e-02
6.718189221635130082e+01 -1.418236327310022205e+01 -7.065310509907141157e-02
6.723465939827048032e+01 -1.415899679583892379e+01 -7.389523166147238253e-02
6.729261612430305206e+01 -1.410124423242843505e+01 -7.754505151268686891e-02
6.734398973784462328e+01 -1.404209174617164635e+01 -8.035379523296792836e-02
6.738877995019801403e+01 -1.398153666373094595e+01 -8.232198555669689721e-02
6.742700825745035331e+01 -1.391959647415727730e+01 -8.444893105898809704e-02
6.747980421834891729e+01 -1.386029670778540535e+01 -8.823018852419017843e-02
6.753022437801141109e+01 -1.379910285142384296e+01 -9.108952463049069248e-02
6.756607168597739133e+01 -1.377121979535884932e+01 -9.275467562558092904e-02
6.759614427043098317e+01 -1.370662534499452967e+01 -9.409248863080066361e-02
6.764375796758066883e+01 -1.364576088484446359e+01 -9.700575596547122981e-02
6.769120347244857783e+01 -1.358347894798153455e+01 -9.994371454232220398e-02
6.770672424268965983e+01 -1.351625948420022993e+01 -1.006267942030353302e-01
6.637986847352652831e+01 -1.303996073817485524e+01 -2.467272164575007309e-02
6.780618745239490863e+01 -1.275852813020429011e+01 -1.089097287956920512e-01
6.782529879068610512e+01 -1.269161842198885992e+01 -1.105119634434440501e-01
