6.704371194518277832e+01 -1.493010364867492967e+01 1.436791129492045016e+00
6.703190648411606389e+01 -1.486089523535788359e+01 1.435372257984992572e+00
6.699694137571171382e+01 -1.478652713015646825e+01 1.434346415745486603e+00
6.691864043094042813e+01 -1.470304811259799393e+01 1.432193038819208786e+00
6.685563958443852073e+01 -1.465621991327496332e+01 1.430994734506591426e+00
6.682513404153408487e+01 -1.458431967462071732e+01 1.430110525945344824e+00
6.680691970542584102e+01 -1.451494415999313503e+01 1.428544809129494997e+00
6.680531916073942966e+01 -1.444913222124245067e+01 1.427412633190864311e+00
6.680011323037606985e+01 -1.438289695651195643e+01 1.427192676340080180e+00
6.680068159435481334e+01 -1.431760820699006054e+01 1.426118189145092474e+00
6.681428545438036792e+01 -1.425547979458606385e+01 1.425389967631456312e+00
6.684013610381290960e+01 -1.422740922678551811e+01 1.425504720157620531e+00
6.687178626138103255e+01 -1.416873740686887118e+01 1.424240200468132711e+00
6.691274729666274368e+01 -1.411138699557182008e+01 1.424207854332010470e+00
6.698684165605720864e+01 -1.405975892153558782e+01 1.424016695697303048e+00
6.704789804745271908e+01 -1.400497341631679049e+01 1.423479449150598208e+00
6.672384518566764200e+01 -1.507030961611578057e+01 1.294871869679992793e+00
6.672290358697365775e+01 -1.500372978472161023e+01 1.293741119316544896e+00
6.669825235487282100e+01 -1.496573044745429470e+01 1.293553265754693538e+00
6.665971019104887318e+01 -1.489095765339522082e+01 1.292439884414739115e+00
6.671885313023454955e+01 -1.483848081870810987e+01 1.291896738780871079e+00
6.669187303196088124e+01 -1.440781110445070290e+01 1.286115631535088566e+00
6.667298655081248171e+01 -1.433918767521592130e+01 1.285547810414037651e+00
6.776419901829237347e+01 -1.442623032791654580e+01 1.288562529130441892e+00
6.778852540924251002e+01 -1.439686780799105925e+01 1.288621573605190251e+00
6.766838146423008027e+01 -1.430555482394088429e+01 1.286396445401150945e+00
6.673439699939194725e+01 -1.393087998961711271e+01 1.280132315204034033e+00
6.666359369984476757e+01 -1.378932973058232925e+01 1.278182212653597993e+00
6.666066826371418585e+01 -1.375660053698168639e+01 1.277571568074178376e+00
6.668077452614723200e+01 -1.369604677932955106e+01 1.277016621482577108e+00
6.668502343886788708e+01 -1.363257622490765009e+01 1.276056032138590757e+00
6.678291631241437187e+01 -1.358534292918144359e+01 1.275474241012271914e+00
6.690587363359887263e+01 -1.354094245101996563e+01 1.275504324948003143e+00
6.669499115975602876e+01 -1.518369112220281636e+01 1.192071132988696158e+00
6.666795896623598594e+01 -1.511077938344912752e+01 1.191247735463836666e+00
6.667430253320158329e+01 -1.504642830725591374e+01 1.190318071645982467e+00
6.689495133022356299e+01 -1.503219044158504047e+01 1.190046663041073094e+00
6.776502531819167530e+01 -1.506460864778303232e+01 1.187168214987796233e+00
6.776599455317513332e+01 -1.499570956245143805e+01 1.187042720491492398e+00
6.779372216290769870e+01 -1.493238659611065344e+01 1.185611974036547167e+00
6.662449796739613816e+01 -1.438329020282819748e+01 1.183150416797113857e+00
6.663094295080459517e+01 -1.432035212225840581e+01 1.182247324464561489e+00
6.747873059921215599e+01 -1.435626574986940440e+01 1.179929111367412409e+00
6.691567155073568074e+01 -1.418155443700676166e+01 1.180345868304342627e+00
6.691774353283067001e+01 -1.414911178945094861e+01 1.179852397410025455e+00
6.697381286702966463e+01 -1.409404227443408608e+01 1.179197941280928363e+00
6.755336053130702112e+01 -1.413541792366617500e+01 1.177933519621590319e+00
6.753935630625134934e+01 -1.406567725349123066e+01 1.176457339389378243e+00
6.659550080825127338e+01 -1.348014071304858774e+01 1.172464108027094110e+00
6.687240495383922223e+01 -1.345967895604321463e+01 1.171358386334112378e+00
6.663431093191965715e+01 -1.335916743593868716e+01 1.170325193112729423e+00
6.665994420851772873e+01 -1.531940795228945973e+01 1.073497290796254555e+00
6.663734825360366187e+01 -1.528051845180171675e+01 1.073340725578963539e+00
6.661901039110412626e+01 -1.520971282883807518e+01 1.072748011568843918e+00
6.682037194321495122e+01 -1.519359112824082203e+01 1.071010274317738764e+00
6.684022478626050656e+01 -1.506569943776444909e+01 1.069325844243544932e+00
6.710874214833860663e+01 -1.506309248349038832e+01 1.067324870634892786e+00
6.724311413891409472e+01 -1.502702361767638450e+01 1.065747811955752189e+00
6.748118401380912701e+01 -1.504859846483598851e+01 1.063464501085100267e+00
6.779425295456070444e+01 -1.505218475411457391e+01 1.060569579786840633e+00
6.791652285423548108e+01 -1.487167953600656922e+01 1.058315568156748654e+00
6.653351203030010197e+01 -1.440842834480598178e+01 1.065474730218672672e+00
6.669876054236129903e+01 -1.431303754936674366e+01 1.062605300118179441e+00
6.734637558620994469e+01 -1.437789374663179842e+01 1.058261785223382656e+00
6.688984051514120210e+01 -1.422113156785169252e+01 1.060376080887965644e+00
6.689334149859371337e+01 -1.415701895389713982e+01 1.059387454385809280e+00
6.687943273086457907e+01 -1.408867285819719228e+01 1.058936684938024175e+00
6.707775741324195451e+01 -1.409366714109144780e+01 1.057484092675827547e+00
6.747635641851037747e+01 -1.410136233318041832e+01 1.053584517051366465e+00
6.735997611270127550e+01 -1.401324826875372587e+01 1.053498278456921788e+00
6.651770586708921940e+01 -1.332050727797395417e+01 1.053010662504884509e+00
6.676072639899918215e+01 -1.329368873417143604e+01 1.051036212336120101e+00
6.661041057426031387e+01 -1.528887347138444142e+01 9.408217781376333466e-01
6.658054852092396914e+01 -1.521619512282905617e+01 9.409387815802030541e-01
6.656088827402686547e+01 -1.517847812448228417e+01 9.408679162872087831e-01
6.656799925710464549e+01 -1.511477563383230205e+01 9.399662732031722756e-01
6.655911070890932990e+01 -1.504672166899883479e+01 9.396322886439840705e-01
6.654957772273613159e+01 -1.497943914941002319e+01 9.392967150490441064e-01
6.655808667457647232e+01 -1.491560952336148382e+01 9.384245940803677133e-01
6.653843015471949229e+01 -1.484632692224767858e+01 9.388282877492121203e-01
6.653106277070597230e+01 -1.477956853881461541e+01 9.385504252302606654e-01
6.655131148891157977e+01 -1.475200258896700234e+01 9.375466326086581148e-01
6.653742282969754740e+01 -1.468366229544916735e+01 9.370956403076755592e-01
6.655397276435714105e+01 -1.462270892546173329e+01 9.364528370484151987e-01
6.653432632177290884e+01 -1.455343698096576333e+01 9.358567931643335669e-01
6.652554126554521474e+01 -1.448679652139794705e+01 9.355492269369416469e-01
6.651319876837621337e+01 -1.438820135692143332e+01 9.346293869966927348e-01
6.651527302365761329e+01 -1.432419187312788189e+01 9.346104217888741017e-01
6.676648714208981517e+01 -1.430955395606118685e+01 9.300199323901156001e-01
6.670216761996184118e+01 -1.423267874767363850e+01 9.302924667884120424e-01
6.672369402977861341e+01 -1.417200416254054929e+01 9.297669046304436469e-01
6.673294574394041945e+01 -1.410881971773334875e+01 9.289232613521203330e-01
6.686197289374446484e+01 -1.406823082715227535e+01 9.261513675993349182e-01
6.743819745314011982e+01 -1.414228182110915100e+01 9.183532153394332598e-01
6.757568067272900691e+01 -1.410097051776953592e+01 9.157601318136611157e-01
6.759696384214197451e+01 -1.403746443043427838e+01 9.151825642270610128e-01
6.675301452220504927e+01 -1.353268329575506712e+01 9.227869053089953200e-01
6.648887380460493546e+01 -1.323784612064911492e+01 9.239361715282758958e-01
6.647596287309112029e+01 -1.320455050926866924e+01 9.230914566502652630e-01
6.671749816708383207e+01 -1.317646857702636609e+01 9.190619760904480406e-01
6.650475212150602999e+01 -1.308298869762356631e+01 9.217180272085401249e-01
6.650631323598854294e+01 -1.526212034133024886e+01 8.229872713882311341e-01
6.649960210720631437e+01 -1.519459428407919077e+01 8.227109110159045446e-01
6.649156713814082309e+01 -1.516015561650927168e+01 8.229564354572298512e-01
6.649215975643484455e+01 -1.509487368466929524e+01 8.218816499793537567e-01
6.647966666168790084e+01 -1.502639835616069064e+01 8.224598388583220787e-01
6.647884513511418447e+01 -1.496123608983386788e+01 8.213553391657055780e-01
6.649105888560897881e+01 -1.489923147339301934e+01 8.205970114041842844e-01
6.669950346058951141e+01 -1.488253610022070461e+01 8.170088127479999685e-01
6.647767315406741773e+01 -1.466950951909504219e+01 8.194690609225090405e-01
6.646531187680409403e+01 -1.460246632955585611e+01 8.190741184793322027e-01
6.647020362927004555e+01 -1.453820960866463352e+01 8.191141470868639196e-01
6.646731937151056968e+01 -1.447393743576453318e+01 8.179785312882784654e-01
6.645416006048669999e+01 -1.440622383181339394e+01 8.185550729012982529e-01
6.646648001096284020e+01 -1.437720253199454312e+01 8.173487005541144601e-01
6.645921942491443701e+01 -1.431185670653391639e+01 8.170972563775804609e-01
6.645553651646470428e+01 -1.424691484646873185e+01 8.169331225296833088e-01
6.647347736519395767e+01 -1.418583085778692521e+01 8.163198623983830560e-01
6.647492638389188357e+01 -1.412260746439883619e+01 8.152996645513789220e-01
6.646471743903576623e+01 -1.405608340709470916e+01 8.149624072167338529e-01
6.648201468264713299e+01 -1.399577282144508139e+01 8.143477879632448069e-01
6.647768484574817194e+01 -1.396316655685122399e+01 8.137073911662864312e-01
6.646682793556774982e+01 -1.389741220314385295e+01 8.133685553021895442e-01
6.648335423572046921e+01 -1.383645129030308496e+01 8.127259258211828596e-01
6.647760859608496276e+01 -1.377239952366462283e+01 8.125306758673167540e-01
6.647686899775540326e+01 -1.370864372597395509e+01 8.114528236655983440e-01
6.647687285022843184e+01 -1.364552157955818323e+01 8.114027612589022054e-01
6.647472056223952563e+01 -1.358188668182805614e+01 8.102951885365392570e-01
6.646601316319222974e+01 -1.354820821916740670e+01 8.105389591506155789e-01
6.647178716573122870e+01 -1.348603157355919713e+01 8.096343748005075946e-01
6.647896557208662216e+01 -1.342373200114173670e+01 8.087594086101392854e-01
6.647397077010398903e+01 -1.336032476146567483e+01 8.085922725745008366e-01
6.647897092012229336e+01 -1.329749532074823115e+01 8.076596310274394286e-01
6.647616942753096225e+01 -1.323463157720185635e+01 8.065507138895834371e-01
6.647538906814757809e+01 -1.317085410065094564e+01 8.064725557066689809e-01
6.647897454415644347e+01 -1.313970427942327746e+01 8.060351661784359578e-01
6.647974636218397393e+01 -1.307724079695350028e+01 8.050136378681731486e-01
6.647614705447169570e+01 -1.301370932598292463e+01 8.048763134320808810e-01
6.651353917876731714e+01 -1.295597785933692236e+01 8.027578360815379455e-01
6.652722518415261277e+01 -1.289525860145806568e+01 8.020564377332659589e-01
6.656382654395616782e+01 -1.283686288775362527e+01 8.009097108156184586e-01
6.664140168143362075e+01 -1.281581299732015111e+01 7.993062578763956427e-01
6.678775508181017528e+01 -1.277020026005398101e+01 7.948426271833493040e-01
6.691974218174233613e+01 -1.272293904541058573e+01 7.920287759740610722e-01
6.710475653591333867e+01 -1.268115989688255141e+01 7.874997690430889374e-01
6.739439412579264399e+01 -1.265045040911480001e+01 7.805103162758031399e-01
6.773538464180683150e+01 -1.262249091647415966e+01 7.727231144546544694e-01
6.644604968315266547e+01 -1.530674652012200099e+01 7.093302571790820465e-01
6.644738844673574363e+01 -1.524209802341731113e+01 7.092830210763652055e-01
6.643490240397234459e+01 -1.517362617625115284e+01 7.098613081052216334e-01
6.642906198357624703e+01 -1.513972955422392452e+01 7.091648173303705116e-01
6.643397198834949791e+01 -1.507548081334867618e+01 7.092048550931551176e-01
6.643095860352883619e+01 -1.500977628240950068e+01 7.090423089405835100e-01
6.643742017013795476e+01 -1.494684226383894021e+01 7.081389148892676122e-01
6.642788136719529746e+01 -1.487955480939063690e+01 7.078031877742125832e-01
6.642268642274940760e+01 -1.481332135939805994e+01 7.075828470918392732e-01
6.643348602837647832e+01 -1.475143640847036508e+01 7.067948051155775735e-01
6.640739915889717793e+01 -1.471353889712295882e+01 7.075767913925596897e-01
6.641088672889569011e+01 -1.464940779198210308e+01 7.075871913234306199e-01
6.642822328241652485e+01 -1.458911765367538749e+01 7.059727056133102696e-01
6.641366455013108805e+01 -1.452152995262879109e+01 7.065196122543861978e-01
6.641435629612229263e+01 -1.445765782368899011e+01 7.054712044447749575e-01
6.641067607944968643e+01 -1.439271574553082544e+01 7.053069493395027756e-01
6.640916851692028899e+01 -1.432830128487084664e+01 7.052005034601070976e-01
6.639830525676467232e+01 -1.429410194735054951e+01 7.053866590531954195e-01
6.640985362790654278e+01 -1.423286101618473154e+01 7.046267351955570746e-01
6.640912999110656756e+01 -1.416911000432176948e+01 7.035487877039202642e-01
6.639749246254888249e+01 -1.410269125550085079e+01 7.041813938814414087e-01
6.641123206958930325e+01 -1.404199331228752179e+01 7.024797527032253797e-01
6.639242737399953853e+01 -1.397476286515579247e+01 7.029375867876238582e-01
6.639604115793314065e+01 -1.391206164720587779e+01 7.019750488467769722e-01
6.639168735843395552e+01 -1.387944045029705187e+01 7.023343019485355221e-01
6.639171724970931621e+01 -1.381633374632682099e+01 7.012844066989950553e-01
6.639248852100388376e+01 -1.375386018740765337e+01 7.012622458636286193e-01
6.638737757964958064e+01 -1.368903371520512025e+01 7.010684293092699360e-01
6.638957245615490876e+01 -1.362645187463750318e+01 7.000762430302095440e-01
6.638739805770954661e+01 -1.356279986382848435e+01 6.999682669418447745e-01
6.639535818815934931e+01 -1.353271977372620327e+01 6.986466034518976631e-01
6.639394582498124464e+01 -1.346971678659975247e+01 6.985667714496129888e-01
6.638895309513668508e+01 -1.340631005412420684e+01 6.983996312135787310e-01
6.638679022646309136e+01 -1.334266993242704480e+01 6.972920304288714455e-01
6.638754637450672647e+01 -1.328019354937442564e+01 6.972699564720110654e-01
6.638397433945621628e+01 -1.321667606635565662e+01 6.961328034040910051e-01
6.640482791287303144e+01 -1.315676509450635656e+01 6.956059514463954763e-01
6.639843327535956519e+01 -1.312504841809207434e+01 6.949343235813760788e-01
6.638908072819802442e+01 -1.306058289728646571e+01 6.946517730400907364e-01
6.637908229055958031e+01 -1.299688758923149834e+01 6.943675206064700012e-01
6.639494073415784214e+01 -1.293669326381644424e+01 6.937237036760199871e-01
6.640286728638898239e+01 -1.287503843645436419e+01 6.928769726612544755e-01
6.642808474713820033e+01 -1.281619806810237172e+01 6.914663317713451995e-01
6.643741362833830522e+01 -1.275441980477715376e+01 6.906493422792030490e-01
6.643894466306838353e+01 -1.272416210675497084e+01 6.901807602621741200e-01
6.645187892368008420e+01 -1.266280716489240277e+01 6.884518272454385190e-01
6.683110246527971299e+01 -1.242139335195216177e+01 6.759772839438066283e-01
6.692420562390758221e+01 -1.236748633630452865e+01 6.721774984995083635e-01
6.672372950475987352e+01 -1.528783375065145833e+01 5.732104365940151602e-01
6.676345421170137229e+01 -1.523204289790270138e+01 5.721744427121475685e-01
6.667548289555089980e+01 -1.514431845854373471e+01 5.747341194067814296e-01
6.642879864780158528e+01 -1.505099505915408642e+01 5.826308288819849190e-01
6.642578235391884789e+01 -1.498528806029681704e+01 5.824682357599778593e-01
6.642634105127635280e+01 -1.491998524883470623e+01 5.823928358990073662e-01
6.642050849948719815e+01 -1.485452403648811170e+01 5.821710148476910707e-01
6.642836948871256197e+01 -1.479146411598969379e+01 5.812971961870750937e-01
6.641959126853815576e+01 -1.472482445272993701e+01 5.809895003015165260e-01
6.642602098093014718e+01 -1.466187005783102748e+01 5.810857259916858419e-01
6.641439652107658276e+01 -1.462702365636905100e+01 5.812438482497692682e-01
6.641573354332430767e+01 -1.456238204387884494e+01 5.801970210644973314e-01
6.641716936111181724e+01 -1.449914284189712532e+01 5.801762264116850920e-01
6.642578740304963958e+01 -1.443672896898598168e+01 5.793305686493532836e-01
6.641415961689796177e+01 -1.437031348243784379e+01 5.799632113006312206e-01
6.641701780332749649e+01 -1.430696745134804537e+01 5.789725061555959229e-01
6.640538629013570926e+01 -1.427211756756694072e+01 5.791305898450354039e-01
6.639888836034828046e+01 -1.420742004147206217e+01 5.789071131163581185e-01
6.639954640133322528e+01 -1.414352971794451541e+01 5.788583187317071221e-01
6.639662178351937882e+01 -1.407923245390291811e+01 5.787221712493793024e-01
6.639806582237181942e+01 -1.401600608637290080e+01 5.777018710520914757e-01
6.639730971577969854e+01 -1.395223542640513870e+01 5.776234816151878393e-01
6.640450179424166777e+01 -1.388993744660379726e+01 5.767482561084862347e-01
6.639004697115989018e+01 -1.385532986799092470e+01 5.768470137187284852e-01
6.638289340442555897e+01 -1.379139928944385751e+01 5.766219773676908300e-01
6.638148994943881576e+01 -1.372839760582598245e+01 5.765420115068438101e-01
6.638213119061551026e+01 -1.366450053477647586e+01 5.764933208235235584e-01
6.638790581550291847e+01 -1.360232316582813361e+01 5.755885002539484763e-01
6.637933748155245439e+01 -1.353851297613435101e+01 5.753339859076375129e-01
6.639086159990307578e+01 -1.347726522838538443e+01 5.745742933039883482e-01
6.638869674552472588e+01 -1.344518382524077182e+01 5.739917246399979245e-01
6.639165158380455978e+01 -1.338325050017851403e+01 5.730277462286573753e-01
6.638010987288254228e+01 -1.331824249862093978e+01 5.736869088075541301e-01
6.637730402143947117e+01 -1.325537505661582571e+01 5.725777126811910644e-01
6.638023136841795235e+01 -1.319342505661400899e+01 5.726134542561112095e-01
6.637882991672724131e+01 -1.313043468486959320e+01 5.715340550332197456e-01
6.637883128143826639e+01 -1.309887669063385829e+01 5.710091995507262652e-01
6.636804538936928566e+01 -1.303451619115728910e+01 5.716965188168903200e-01
6.636740720680523964e+01 -1.297217338860169988e+01 5.706452678910955978e-01
6.637533314210668323e+01 -1.291051928848648878e+01 5.697985347708217629e-01
6.636750590340308520e+01 -1.284735036348232384e+01 5.695720978689817748e-01
6.636685881400235587e+01 -1.278500625839484428e+01 5.685209212205055707e-01
6.636977081638094944e+01 -1.272305074531845293e+01 5.685567601908525504e-01
6.637695109518075753e+01 -1.269231902451645411e+01 5.672072203319500350e-01
6.638563760783172540e+01 -1.263131271168304970e+01 5.663887567661483047e-01
6.639074022917915840e+01 -1.256990091380601449e+01 5.654828763104089440e-01
6.642311118485386601e+01 -1.251187065114871544e+01 5.642472668299558514e-01
6.647330626136562159e+01 -1.245447795049861028e+01 5.614232100175378104e-01
6.638591041372697532e+01 -1.238307635888225811e+01 5.642696845361767632e-01
6.671057705412303562e+01 -1.232287781584390629e+01 5.525779590557370335e-01
6.682378490739256449e+01 -1.227154237875310372e+01 5.482736619873025408e-01
6.696838193917926674e+01 -1.222182148965169723e+01 5.427028517915128969e-01
6.653325283404369372e+01 -1.529841976717947460e+01 4.730611891674139091e-01
6.650990685606811326e+01 -1.522731766660249875e+01 4.733511709774080867e-01
6.648576928074049874e+01 -1.515554936117956331e+01 4.746126733067345116e-01
6.648286831367008176e+01 -1.512282966944062679e+01 4.740020103860692613e-01
6.647985493155877634e+01 -1.505712514045481498e+01 4.738393450710099986e-01
6.650574487652687594e+01 -1.499750499189079633e+01 4.734284908764163635e-01
6.645260681453615348e+01 -1.485511375416733415e+01 4.748611735376233600e-01
6.644677011847083747e+01 -1.478965152741970002e+01 4.746393608870986824e-01
6.645319464996902070e+01 -1.475826150181712038e+01 4.742609743400898470e-01
6.644081417266599487e+01 -1.469120366809382183e+01 4.748656159191028125e-01
6.644291861102590246e+01 -1.462721064114684921e+01 4.738468094676483444e-01
6.645151599771563156e+01 -1.456478088960420436e+01 4.740007420334105825e-01
6.643697730374856292e+01 -1.449720979443597457e+01 4.735480562408841410e-01
6.643406595568714579e+01 -1.443291753431506130e+01 4.734119347260130617e-01
6.643613937675391412e+01 -1.436890609175731015e+01 4.733927991858752904e-01
6.642885441248134271e+01 -1.433510999336226988e+01 4.736662076318651771e-01
6.642951805024146950e+01 -1.427122191672977891e+01 4.736175177030063077e-01
6.643096685029978232e+01 -1.420799583635393404e+01 4.725972112104352973e-01
6.642150404937807195e+01 -1.414210521320840996e+01 4.732875628321934203e-01
6.641282724767853551e+01 -1.407687854703710073e+01 4.730063490600707743e-01
6.641426982996793527e+01 -1.401365094408301459e+01 4.719861147499309073e-01
6.641351517858417708e+01 -1.394988151856263769e+01 4.719077190071231387e-01
6.641350915915425901e+01 -1.391831265059277101e+01 4.723824202389366178e-01
6.641059898152892060e+01 -1.385402974455780090e+01 4.712466354484582398e-01
6.640124941362616084e+01 -1.378955588797402498e+01 4.719635014570131570e-01
6.641060938502548083e+01 -1.372778523851670052e+01 4.711460914714713510e-01
6.641344662737060389e+01 -1.366443144550390265e+01 4.701554984285585270e-01
6.640769186090410869e+01 -1.360037568836910893e+01 4.699602736876880016e-01
6.639334425412071994e+01 -1.353561601030148864e+01 4.705601277540528704e-01
6.639693304154577902e+01 -1.350446524568734041e+01 4.701224999114653746e-01
6.638618583432850073e+01 -1.344012591494044528e+01 4.698103081029529893e-01
6.639195485702202859e+01 -1.337794629519030920e+01 4.689056214025612013e-01
6.640206857378163363e+01 -1.331682263963678814e+01 4.681164318859263318e-01
6.638914104350790524e+01 -1.325195293729612622e+01 4.677463305961411244e-01
6.638848511611253400e+01 -1.318959672500381330e+01 4.676946573866321843e-01
6.638271011840737401e+01 -1.315709171128901289e+01 4.680241577050061608e-01
6.636913607530834724e+01 -1.309299294503912492e+01 4.676525907423526585e-01
6.636770775195533645e+01 -1.302998517306165027e+01 4.675727944487425569e-01
6.653164101908397754e+01 -1.292693809016446238e+01 4.595482912839405909e-01
6.666660616561847519e+01 -1.288087700272205360e+01 4.548202888863939197e-01
6.669389395627000283e+01 -1.282116009873517015e+01 4.524414947774453299e-01
6.661202608827429117e+01 -1.277941544817741537e+01 4.559053529705914265e-01
6.668811197237795341e+01 -1.272554461369609058e+01 4.517221077194629730e-01
6.664363217354436131e+01 -1.265762670979773574e+01 4.535924057206908167e-01
6.635526832710922918e+01 -1.249879826187338061e+01 4.624622530460307246e-01
6.636970382493618104e+01 -1.243872364049175161e+01 4.617889994540518295e-01
6.638481195946941682e+01 -1.240945275024127525e+01 4.606424661936617815e-01
6.642001517031654600e+01 -1.235119363164943174e+01 4.584668230480878348e-01
6.647954748215957466e+01 -1.229514180595347383e+01 4.558756720879373336e-01
6.658699235763785396e+01 -1.224286905968491013e+01 4.514259336968214908e-01
6.645447095125605586e+01 -1.532070253535950144e+01 3.366061843414477339e-01
6.645938717379820559e+01 -1.525645531706249791e+01 3.366461499218010855e-01
6.645561258927959614e+01 -1.519010372218164129e+01 3.364555704342248044e-01
6.646489394114161087e+01 -1.512692565874831274e+01 3.356113938059180901e-01
6.644456569331117635e+01 -1.508996176007329737e+01 3.365384232545864940e-01
6.665697106982949549e+01 -1.507660190527851540e+01 3.270923201658955115e-01
6.646168861030054131e+01 -1.496370644106294634e+01 3.358201416672623729e-01
6.648118338319476095e+01 -1.490392956615452746e+01 3.352628641661936637e-01
6.647381723845936108e+01 -1.483716973213446622e+01 3.349847675332834340e-01
6.644684846297953129e+01 -1.476563828884306417e+01 3.361868540449375331e-01
6.644458653545081006e+01 -1.470057755957278545e+01 3.360523047536141394e-01
6.642936105639206801e+01 -1.466531153608358551e+01 3.371225899435542628e-01
6.643504378792567877e+01 -1.460172174630849895e+01 3.361911555074890146e-01
6.642559571061011070e+01 -1.453583736055436404e+01 3.368815863720437953e-01
6.642115284038585798e+01 -1.447024698498381667e+01 3.366892446564269115e-01
6.643334688471968263e+01 -1.440823315505628877e+01 3.359308544643131444e-01
6.641238654530653207e+01 -1.434048451907598043e+01 3.363312417545344379e-01
6.641304872921296010e+01 -1.427659520897278611e+01 3.362824985503357622e-01
6.640295019881108374e+01 -1.424304467899544058e+01 3.364965578096412724e-01
6.640143351080538991e+01 -1.417862622881581736e+01 3.363900775619973471e-01
6.640285896790251741e+01 -1.411538449083150226e+01 3.363693039111638194e-01
6.639418009271022925e+01 -1.405015731648299138e+01 3.360881539206809210e-01
6.639777322004107418e+01 -1.398744021892489187e+01 3.361252658891719092e-01
6.639049584231246115e+01 -1.392208765180241059e+01 3.358735679265054674e-01
6.638614120453459577e+01 -1.388946449319933052e+01 3.362328294396765838e-01
6.638397447906650939e+01 -1.382581523941594170e+01 3.361247748629764276e-01
6.638834979188865759e+01 -1.370063720027408039e+01 3.351400396130065351e-01
6.637824910020603397e+01 -1.363552693538977678e+01 3.348291943148744565e-01
6.637824735996791503e+01 -1.357240254500900178e+01 3.347788487086545972e-01
6.637824270660370019e+01 -1.350927568378008381e+01 3.347286348767307684e-01
6.658637138028976210e+01 -1.316356890380800593e+01 3.226611062335086322e-01
6.646981853788005878e+01 -1.308322796646664976e+01 3.267022701908850468e-01
6.660070830041570389e+01 -1.303896664182536291e+01 3.209116245140245516e-01
6.637291913119304354e+01 -1.281968997533877364e+01 3.291399698151371567e-01
6.657337420464017441e+01 -1.275153440366090862e+01 3.195180387121903109e-01
6.653897728458747451e+01 -1.255937214402035096e+01 3.195502653718697017e-01
6.656124391339147905e+01 -1.249935644890559061e+01 3.180540412267915951e-01
6.635478958660834792e+01 -1.235208197726140256e+01 3.259605983065291257e-01
6.638565441707436321e+01 -1.232432764964104521e+01 3.241939966463808220e-01
6.642725105107534489e+01 -1.226622877725631788e+01 3.221651525103816915e-01
6.653049643243014089e+01 -1.221433855561683046e+01 3.166267169504940471e-01
6.649971827689202541e+01 -1.532719266195603858e+01 2.356930562912419314e-01
6.650898250085241159e+01 -1.526400046153911561e+01 2.358484594847294336e-01
6.648780420123858903e+01 -1.519342300724845707e+01 2.361959694265846066e-01
6.649565634840529071e+01 -1.513035097661515493e+01 2.363218329486674874e-01
6.650710744670311669e+01 -1.506769806373860732e+01 2.355353589955578864e-01
6.671080833078431738e+01 -1.508379348781984675e+01 2.253838875952871579e-01
6.650691695453640762e+01 -1.497018461046312510e+01 2.359067062848134722e-01
6.654447784939335975e+01 -1.491387825035106829e+01 2.338132209943704076e-01
6.653057351342205550e+01 -1.484552505136697320e+01 2.343619809530095299e-01
6.651743099949709404e+01 -1.477781819298442301e+01 2.349385380271863388e-01
6.652309391270659944e+01 -1.471421448529541109e+01 2.350067450890466203e-01
6.651941909311551626e+01 -1.468084199844724225e+01 2.343680249714280572e-01
6.651138225296028850e+01 -1.461483548023854695e+01 2.350880635000435204e-01
6.651627483828620768e+01 -1.455058071713484047e+01 2.351283220211383140e-01
6.651336640064154437e+01 -1.448629092590870293e+01 2.349921878944590814e-01
6.649087660713959735e+01 -1.441724467874922588e+01 2.353365295272704660e-01
6.650882389227737690e+01 -1.435616489963341635e+01 2.347233058591059462e-01
6.649936730641522331e+01 -1.429027579711276452e+01 2.354137044609205809e-01
6.649721572585335139e+01 -1.425819940081889037e+01 2.348309830206553039e-01
6.648916063203617455e+01 -1.419218490161753188e+01 2.355510719752620385e-01
6.648547357795560231e+01 -1.412724202617462410e+01 2.353870061094003319e-01
6.648331659489352319e+01 -1.406359603466401609e+01 2.352789880064568573e-01
6.648038928665721414e+01 -1.399929898969208253e+01 2.351429022002603508e-01
6.646810669912792946e+01 -1.393365241043264113e+01 2.357740959802531178e-01
6.645940551649486849e+01 -1.389997546937355111e+01 2.360178539931421238e-01
6.645071897238932479e+01 -1.383474554092946462e+01 2.357366037472627962e-01
6.644497187754544143e+01 -1.377069253984361552e+01 2.355413600993008227e-01
6.645573748526589952e+01 -1.370879750810662223e+01 2.347536320657594988e-01
6.644996206626068158e+01 -1.364472587429369810e+01 2.355578784904952538e-01
6.644344050196639273e+01 -1.358002080534548739e+01 2.353345755400716444e-01
6.644346003119670740e+01 -1.351691156439597563e+01 2.342847608737538279e-01
6.644063215708517589e+01 -1.348558623604172624e+01 2.347001297204660553e-01
6.642615390054486113e+01 -1.341940377113726512e+01 2.352735709958566623e-01
6.642550480784811384e+01 -1.335704835417632452e+01 2.352218277094249022e-01
6.642050502602000961e+01 -1.329363814035833613e+01 2.350545893235026496e-01
6.641614430267952685e+01 -1.322945692041169963e+01 2.348890037443507328e-01
6.642627783234451044e+01 -1.316834717886537121e+01 2.331004110547660879e-01
6.643278140171328516e+01 -1.310679990981160792e+01 2.332234692642273233e-01
6.657307198610217824e+01 -1.309548011785162203e+01 2.251913232832750689e-01
6.639547515753189089e+01 -1.294502291765850188e+01 2.336939581937809152e-01
6.639416592161221331e+01 -1.282032107672378274e+01 2.325912400994708529e-01
6.638773955937855931e+01 -1.275702748326246372e+01 2.323944318636705919e-01
6.637913784986989185e+01 -1.269320648941925178e+01 2.321399952406126843e-01
6.639064485520080439e+01 -1.266351463315933223e+01 2.319056003799178090e-01
6.639368769342412691e+01 -1.253987962722530369e+01 2.299190014987894104e-01
6.638593049254772893e+01 -1.241499292560157208e+01 2.296693536166364291e-01
6.639601591546369264e+01 -1.235386277816265910e+01 2.288807261931632420e-01
6.642688012629065497e+01 -1.232610917583580346e+01 2.271142415899944922e-01
6.650221459154811043e+01 -1.227160668638737029e+01 2.219037140106183692e-01
6.658533109295734675e+01 -1.221712726395827708e+01 2.178695100717489286e-01
6.646391792115208830e+01 -1.530041671445459173e+01 1.063904560907424912e-01
6.646012268138541401e+01 -1.523404924094223212e+01 1.071994669312601456e-01
6.646636854203433131e+01 -1.510514953642088898e+01 1.071921620406485198e-01
6.646910527031594995e+01 -1.504037390138758568e+01 1.071746267970237199e-01
6.646837466932042560e+01 -1.500817863491193194e+01 1.066215494945760289e-01
6.651168836499276438e+01 -1.495280094968271811e+01 1.046731325994361139e-01
6.791955764015281716e+01 -1.521855730702553799e+01 2.575482463269374023e-02
6.792845647843503798e+01 -1.515111553140606659e+01 2.583202061304656905e-02
6.791560505134816594e+01 -1.507839411001404528e+01 2.633204084752438501e-02
6.792232792271633457e+01 -1.501042565930617911e+01 2.635172549759889904e-02
6.657513551724498768e+01 -1.441593029157880856e+01 1.011585697826716812e-01
6.662498099318708000e+01 -1.436215054019091575e+01 9.838417947647792872e-02
6.660683360297353772e+01 -1.429415706303977984e+01 9.884391384787516444e-02
6.658584680913411091e+01 -1.425795764399448551e+01 9.976933670474774640e-02
6.653873424774275236e+01 -1.418383686179109660e+01 1.024759099427363651e-01
6.655450203862000080e+01 -1.412222866593898729e+01 1.018051854505935827e-01
6.652992741295855694e+01 -1.405405540596413694e+01 1.031175905427269557e-01
6.652045900848828808e+01 -1.398816253104013185e+01 1.038081356149124224e-01
6.652688574026682033e+01 -1.392521647094270598e+01 1.029050043364853062e-01
6.652830228917257216e+01 -1.386197342944981514e+01 1.028843645442142352e-01
6.649577553142263753e+01 -1.382389040411114145e+01 1.045189976799839604e-01
6.650232400476670591e+01 -1.376236582734197711e+01 1.036424130510937847e-01
6.648926258622594787e+01 -1.369606347980806760e+01 1.042453877026056075e-01
6.647338490842406600e+01 -1.363000691780814577e+01 1.047891940060522442e-01
6.647338523625998619e+01 -1.356688303169783794e+01 1.047390229431681696e-01
6.646686014461926106e+01 -1.350217622110172044e+01 1.045157304990445013e-01
6.645250984741340972e+01 -1.343741676210376390e+01 1.051156462415406834e-01
6.645750303730017094e+01 -1.340614306970368474e+01 1.047076961399369122e-01
6.647043300790218723e+01 -1.334477362470943440e+01 1.039779132963428721e-01
6.643955797494830051e+01 -1.327784973990157091e+01 1.051701725054906555e-01
6.643736907153639493e+01 -1.321419417868892054e+01 1.050622258198962156e-01
6.644530453060423270e+01 -1.315254065385873083e+01 1.042154205278120749e-01
6.673818602606650074e+01 -1.313242977945624368e+01 8.746990045218372423e-02
6.637069248796527177e+01 -1.292365825047277106e+01 1.067309690560371838e-01
6.644332178824502932e+01 -1.287079687882111223e+01 1.024862767016447851e-01
6.637651176780683215e+01 -1.273663116581064791e+01 1.057531231656463344e-01
6.657550080947245874e+01 -1.266722685427218842e+01 9.307630953385936934e-02
6.636309368087718497e+01 -1.251754241030299752e+01 1.048097727071523044e-01
6.653825661828422255e+01 -1.247529196846157618e+01 9.404880043181473859e-02
6.638124267063832917e+01 -1.239619523462441286e+01 1.022015535238628425e-01
6.642862065231965119e+01 -1.233904635976741204e+01 9.931821761230430479e-02
6.648599951141383713e+01 -1.228248156173406080e+01 9.566961382284355775e-02
6.656840418080757615e+01 -1.225894406402493786e+01 9.013259718383959118e-02
6.649812974778883756e+01 -1.530671682920182874e+01 -9.780188418050173027e-03
6.648184639583001854e+01 -1.517187700327616184e+01 -8.393005510768158928e-03
6.650788848001775477e+01 -1.511369747894468674e+01 -9.776866910162329560e-03
6.670937123914985989e+01 -1.509633105734060265e+01 -2.253675898345819384e-02
6.674705138374633862e+01 -1.507301032980679167e+01 -2.507831195642995503e-02
6.677360808901497080e+01 -1.501263853118133085e+01 -2.648676719748377373e-02
6.679515460870150889e+01 -1.495196974920703781e+01 -2.701261178989389222e-02
6.681672240327517898e+01 -1.489131612057074960e+01 -2.853816376737694505e-02
6.683456205081449752e+01 -1.482882182081156230e+01 -2.917773778530263762e-02
6.687713479697349328e+01 -1.477281635962336992e+01 -3.215337389726347084e-02
6.690662557065887484e+01 -1.471362192649547751e+01 -3.347569918813730894e-02
6.693405651301478088e+01 -1.468688130571843686e+01 -3.530435491925953961e-02
6.699390813992685878e+01 -1.463368385098601721e+01 -3.884428015026730741e-02
6.704287027496069129e+01 -1.457783896558612113e+01 -4.167308431970040417e-02
6.710772878010271825e+01 -1.452493944051906638e+01 -4.609556062872921522e-02
6.716106102023785240e+01 -1.447016668119471916e+01 -4.980822591280698042e-02
6.721066573297770219e+01 -1.441355252545397647e+01 -5.263503029430616209e-02
6.726461346593563917e+01 -1.435799041247470598e+01 -5.534643983171116943e-02
6.729769532079055239e+01 -1.433077968644625066e+01 -5.805571274006871008e-02
6.732781976399058976e+01 -1.427081467946893234e+01 -5.937590438444617646e-02
6.737512284396893847e+01 -1.421225403887493144e+01 -6.228670928064583556e-02
6.741820464258537982e+01 -1.415406283689435440e+01 -6.528624320891518451e-02
6.746269353408601432e+01 -1.409574848805818093e+01 -6.825616107233201113e-02
6.750782148136492822e+01 -1.403666313113998854e+01 -7.122430696649062476e-02
6.753870692863327463e+01 -1.400891253544934223e+01 -7.299121348773374152e-02
6.757731298378196527e+01 -1.394824599569324697e+01 -7.613249126943189005e-02
6.761090968485382291e+01 -1.388728442939915553e+01 -7.839086890767932303e-02
6.763796238740306421e+01 -1.382472457011832390e+01 -7.982296054319992784e-02
6.768308785341638156e+01 -1.376564211242076219e+01 -8.279051904695311492e-02
6.770937251885970909e+01 -1.370243439191351165e+01 -8.425045477806802907e-02
6.774938050062323214e+01 -1.364164782749885063e+01 -8.736170575335266975e-02
6.777374427033694815e+01 -1.361231873302800111e+01 -8.930145677283651828e-02
6.780283980877777594e+01 -1.354886566121935232e+01 -9.070186247864797657e-02
6.784642982021833291e+01 -1.348848675577545109e+01 -9.372522623056944724e-02
6.787912452707521993e+01 -1.342545548773463082e+01 -9.603780118476246130e-02
6.789606627450264398e+01 -1.336091207886256171e+01 -9.772979253122349164e-02
6.791582304191307173e+01 -1.329612433504349944e+01 -9.936238141566056115e-02
6.638516307775439884e+01 -1.301842881582607170e+01 -5.411554118702754934e-03
6.643635668515291570e+01 -1.280672305787304310e+01 -9.779547775970343082e-03
6.637174800908314865e+01 -1.273621595513844973e+01 -6.405137316212172749e-03
6.657434499514991444e+01 -1.269879128964170967e+01 -1.946933478018908481e-02
6.637333345065610501e+01 -1.258111181051205563e+01 -6.947125249007202186e-03
6.785157066007673166e+01 -1.268423233577927078e+01 -9.897589974791531908e-02
6.787350499127913395e+01 -1.261998598729657850e+01 -1.015499466365967773e-01
6.640667241109058239e+01 -1.331639370515826215e+01 -1.210179593393201358e-01
6.643051213188350346e+01 -1.325769098467429430e+01 -1.234584066137685010e-01
6.647942277369054409e+01 -1.313870952045421703e+01 -1.263365022800211346e-01
6.637670559952979943e+01 -1.284263352097110200e+01 -1.215699366315710073e-01
6.670152588911713565e+01 -1.260109227909924456e+01 -1.452775934639713995e-01
