6.682558785740960161e+01 -1.496714305498985986e+01 1.366727477376306954e+00
6.677669004602003611e+01 -1.489471669718897573e+01 1.365194297213657482e+00
6.676362114905991518e+01 -1.483025887972664947e+01 1.364674920177292083e+00
6.674023324255614398e+01 -1.479432961787398426e+01 1.364439583130050204e+00
6.673000058902124465e+01 -1.472972447379877536e+01 1.362985630971922824e+00
6.673702261914209544e+01 -1.466986214901491792e+01 1.362036911287690222e+00
6.673184622466072824e+01 -1.460711449525800099e+01 1.360739963939746167e+00
6.672091894031538573e+01 -1.454324254312086140e+01 1.360283807213454210e+00
6.672146225310672207e+01 -1.448159971438266602e+01 1.359145836427675169e+00
6.672341079336464986e+01 -1.441987334928364639e+01 1.358040360923422174e+00
6.671511370191012702e+01 -1.438808867425106364e+01 1.358247114660244836e+00
6.672494078923341476e+01 -1.432805954674095616e+01 1.357363735980002151e+00
6.672331682747278592e+01 -1.426581798259643818e+01 1.356162739882029289e+00
6.672244037613253909e+01 -1.420425200164707036e+01 1.354992541208932977e+00
6.672155974377102439e+01 -1.414268353398886724e+01 1.353822328822483767e+00
6.670713232034242424e+01 -1.407972050133962938e+01 1.353299607586068376e+00
6.671197203397471753e+01 -1.401925615051667862e+01 1.352288374250652181e+00
6.670650784763257946e+01 -1.398732499150200681e+01 1.351560755385700752e+00
6.670354754558366039e+01 -1.392658923209969402e+01 1.350356339690244267e+00
6.672547125051126216e+01 -1.386801402640579717e+01 1.349793213718424978e+00
6.675170865762706285e+01 -1.381062519639135289e+01 1.349356543195609159e+00
6.680725979232332179e+01 -1.375803300029404141e+01 1.348716866002275250e+00
6.687279024125047044e+01 -1.370632598729147489e+01 1.347334347435107382e+00
6.697748106474163876e+01 -1.365883829978052333e+01 1.346976351609902256e+00
6.711684824768789781e+01 -1.364663403982564560e+01 1.348113574804437498e+00
6.670029473637890760e+01 -1.505789111649918510e+01 1.269354885966769819e+00
6.669438749047171200e+01 -1.499447648274292533e+01 1.268027005645655958e+00
6.668704228362867070e+01 -1.493112194388804426e+01 1.267666166833240515e+00
6.667897272326129610e+01 -1.486711304823513480e+01 1.266275241168147270e+00
6.654489492438672471e+01 -1.477873543271345014e+01 1.265389467415851676e+00
6.772002022538353572e+01 -1.484730427090812377e+01 1.265022089476049327e+00
6.776473565023039214e+01 -1.479033445323723228e+01 1.264037244648537728e+00
6.663767193905954400e+01 -1.427475410293211056e+01 1.258217142125429788e+00
6.775101833790682804e+01 -1.430119952367085290e+01 1.256577602847834596e+00
6.774996521957120876e+01 -1.423677799640049102e+01 1.256350851898235588e+00
6.780321466856652535e+01 -1.418075583971368303e+01 1.255591175736047171e+00
6.659891472630394560e+01 -1.359974413311111086e+01 1.248691815943046013e+00
6.662807327884945607e+01 -1.354363955211664461e+01 1.247349731358251557e+00
6.656273043416685198e+01 -1.350504372571535683e+01 1.247053263566237469e+00
6.663463992192880880e+01 -1.345368772881226782e+01 1.245831899789955566e+00
6.665947806043394053e+01 -1.518282151148952863e+01 1.156652251625034378e+00
6.664707943012061264e+01 -1.511761203955109423e+01 1.156134345489895132e+00
6.662970377921789122e+01 -1.505197154423666994e+01 1.155488407851374522e+00
6.684090647236571670e+01 -1.503421828473943123e+01 1.154251108189884301e+00
6.774077549228159967e+01 -1.512493598250730820e+01 1.148652284120387002e+00
6.772963198419155617e+01 -1.505680915639366901e+01 1.148110959867413516e+00
6.773360636071653573e+01 -1.499284524959381493e+01 1.147012016749491936e+00
6.776331277221530058e+01 -1.493315448564056958e+01 1.145613721833740550e+00
6.656185636580255505e+01 -1.430060029533532706e+01 1.146818041441823866e+00
6.729566308187457935e+01 -1.433358046097661109e+01 1.141138675633990740e+00
6.728821639966001555e+01 -1.426880123784074783e+01 1.140750560673524427e+00
6.687120850987460585e+01 -1.413762421539208347e+01 1.142241039069688657e+00
6.688395950222573560e+01 -1.407888054224155461e+01 1.140452440239025034e+00
6.692015937656394442e+01 -1.402236007521074335e+01 1.140272095233963334e+00
6.772797878000793048e+01 -1.408420102433127852e+01 1.134919289030720924e+00
6.749743382859823271e+01 -1.401699173861902636e+01 1.135102246446845653e+00
6.654959273499321171e+01 -1.342125396116528080e+01 1.134122854923858670e+00
6.655299552168034438e+01 -1.336086125397532243e+01 1.133079713939446176e+00
6.680179315266468620e+01 -1.333108552310375217e+01 1.130530084395513057e+00
6.665697575957010201e+01 -1.529360499592596057e+01 1.032604707020618573e+00
6.662882569321912740e+01 -1.522500615337246366e+01 1.031643018403342049e+00
6.659998510799377414e+01 -1.515714164279927800e+01 1.031679112365676998e+00
6.679619480335119874e+01 -1.513668093632195166e+01 1.029028517771021445e+00
6.658380881893775438e+01 -1.502908836221996225e+01 1.030895654842338915e+00
6.681224887356822251e+01 -1.501469932826948472e+01 1.027135971677176851e+00
6.687196236884837219e+01 -1.499554858648389732e+01 1.026218384212227441e+00
6.716548621960156140e+01 -1.499251827732690145e+01 1.022241234481185312e+00
6.745171959752900648e+01 -1.498562150895244116e+01 1.018016083652064419e+00
6.773713221265981588e+01 -1.497663451512728550e+01 1.013732421006319662e+00
6.786420584370411291e+01 -1.493577281106809806e+01 1.012034773911052232e+00
6.655560797331456513e+01 -1.434854917492851101e+01 1.022504066378430165e+00
6.652614710111008378e+01 -1.428284538514117052e+01 1.022567224186420320e+00
6.656386371449340800e+01 -1.422768188109708376e+01 1.021447671792040879e+00
6.673436079446616986e+01 -1.422594032125138241e+01 1.018528232241793674e+00
6.687355335330774153e+01 -1.418655043303884966e+01 1.016151496029936041e+00
6.688271442336444750e+01 -1.412727679282990323e+01 1.015266716515784262e+00
6.687608296804528152e+01 -1.406458537180694535e+01 1.014937410681725050e+00
6.691869370507279768e+01 -1.400843468797995506e+01 1.013918351513245719e+00
6.758787727471951712e+01 -1.404667250321682204e+01 1.004777789483181083e+00
6.776114976718044147e+01 -1.400827346385442063e+01 1.001242591020858663e+00
6.650145098676216548e+01 -1.322354714843893220e+01 1.008220441329666928e+00
6.674230794285607260e+01 -1.319066991018209656e+01 1.004421202322413276e+00
6.652616793613222512e+01 -1.310675221894055831e+01 1.006642159098532829e+00
6.670389361131837802e+01 -1.539491737795294490e+01 9.185771294966538214e-01
6.664749001217434454e+01 -1.535084952238299039e+01 9.183927763461486871e-01
6.659847811160065589e+01 -1.527696715390873905e+01 9.188297197345769440e-01
6.659470945507428041e+01 -1.521412761160281235e+01 9.185641386851784995e-01
6.659384013796683632e+01 -1.515255102552163535e+01 9.183922858145943113e-01
6.656709040807592714e+01 -1.508386551976423462e+01 9.174631390762064687e-01
6.656762709278461898e+01 -1.502220738054564819e+01 9.173239413665249531e-01
6.656534148766576209e+01 -1.496070949268050754e+01 9.171197261139839574e-01
6.654767932524976004e+01 -1.492588407794288763e+01 9.170430027826442787e-01
6.655395442511749593e+01 -1.486534412309423203e+01 9.160630296652156890e-01
6.654735035553241573e+01 -1.480265941888488790e+01 9.157328459412179544e-01
6.653070400989854249e+01 -1.473768193904929369e+01 9.151174172577599686e-01
6.655350582597027653e+01 -1.468122590320875887e+01 9.136126562308404253e-01
6.653898713971668144e+01 -1.461682136423297074e+01 9.140600256278841318e-01
6.652805766722485714e+01 -1.455294615328210384e+01 9.136035764423579009e-01
6.653913665754123485e+01 -1.452510348307606591e+01 9.123505969622479617e-01
6.655112110940115144e+01 -1.446566415165816011e+01 9.115298666203530686e-01
6.653236519183604969e+01 -1.440149849255151082e+01 9.118798876358935601e-01
6.653007842711411968e+01 -1.434000889047645622e+01 9.106766541793248626e-01
6.652776657989079467e+01 -1.427850017939983118e+01 9.104730899329828153e-01
6.655909670019573809e+01 -1.422298535881776083e+01 9.091927619560572493e-01
6.667480906536727048e+01 -1.418135010467048573e+01 9.062071136164243645e-01
6.669517685176643340e+01 -1.415512695008988153e+01 9.052090455537050717e-01
6.674362021781058729e+01 -1.410152286346761130e+01 9.033775417983389566e-01
6.678847096487379531e+01 -1.404738894643573666e+01 9.024499432147925493e-01
6.733074765901180569e+01 -1.406989575662342062e+01 8.919523474075737868e-01
6.754131550947445817e+01 -1.403942477023183599e+01 8.874643632820686800e-01
6.763312515380678747e+01 -1.398842241251175622e+01 8.847283737811213467e-01
6.795194564901899525e+01 -1.374487547953254207e+01 8.748817268155477667e-01
6.675592550930319646e+01 -1.352250495261820973e+01 8.958787953730547038e-01
6.695919350273341308e+01 -1.348816932066396390e+01 8.911437478705577231e-01
6.651224705219067346e+01 -1.316132007620347011e+01 8.962705202983380914e-01
6.650283858879782883e+01 -1.310019887526811466e+01 8.959054388359397603e-01
6.674839870928688867e+01 -1.309720300309035501e+01 8.907757508825231429e-01
6.658358089586037920e+01 -1.301900006338957105e+01 8.923418713346603637e-01
6.651422320478043559e+01 -1.541142926771940758e+01 8.122616371028840154e-01
6.649252195823613931e+01 -1.534459004517072955e+01 8.124886589706448170e-01
6.648800713854315347e+01 -1.528107485051967984e+01 8.121922822512959161e-01
6.647466485330087949e+01 -1.524743752689102116e+01 8.122417046538511487e-01
6.645585805771102628e+01 -1.518185813565032305e+01 8.125623970384344696e-01
6.645642039746223872e+01 -1.512021705278474393e+01 8.114233868882695377e-01
6.668498456638357652e+01 -1.510728150932048308e+01 8.056925555746501377e-01
6.644678932150655726e+01 -1.499535924875470272e+01 8.108577201584270533e-01
6.645077520959102912e+01 -1.487331686805943853e+01 8.096733003738803003e-01
6.644532812097193641e+01 -1.484138956956106803e+01 8.089451708689030518e-01
6.644087595310213601e+01 -1.477929358779978131e+01 8.086777955224855319e-01
6.645361382020064411e+01 -1.472052617301834232e+01 8.078871934267612964e-01
6.644061567456512307e+01 -1.465748716565417453e+01 8.073961729483731808e-01
6.644760342324397584e+01 -1.459759743351443007e+01 8.074466405072253661e-01
6.644250323927704471e+01 -1.453626966074795313e+01 8.061780386199608461e-01
6.642632483898012197e+01 -1.450278654113573573e+01 8.061625909863762152e-01
6.642617318860833109e+01 -1.444187018090936903e+01 8.060217466135825015e-01
6.643608194817795720e+01 -1.438326200720828574e+01 8.051665980373673426e-01
6.644026354986284844e+01 -1.432354871080183933e+01 8.041527031653923352e-01
6.642224742520713221e+01 -1.426005295769218506e+01 8.045332583608764132e-01
6.642783432090180895e+01 -1.420025746966520153e+01 8.035519895953588954e-01
6.642269458612746291e+01 -1.413890524544137506e+01 8.032833806664942955e-01
6.642229347327182154e+01 -1.410883258454140865e+01 8.027124295970985424e-01
6.643144180571928814e+01 -1.404954745383770920e+01 8.018270079493852176e-01
6.642563528513926485e+01 -1.398894873809461714e+01 8.015566000001396185e-01
6.643055127764492340e+01 -1.392990561437832753e+01 8.005737684793671205e-01
6.643894740611604277e+01 -1.386994580620612894e+01 7.996580778440942616e-01
6.642599737491244127e+01 -1.380831932260936057e+01 7.991963559212333923e-01
6.642559001980180255e+01 -1.377824360098922796e+01 7.986256135304018455e-01
6.644545475398740564e+01 -1.372051368942161353e+01 7.970283280047493202e-01
6.644751861951225180e+01 -1.366161127317136170e+01 7.969803223508280521e-01
6.644312942129748478e+01 -1.360094540821903308e+01 7.957433127316505539e-01
6.644228218086797710e+01 -1.354077456049204997e+01 7.956016082730719141e-01
6.643788950544362137e+01 -1.348010684428695960e+01 7.943647778311145879e-01
6.644276402516806002e+01 -1.342104138926072920e+01 7.943821701092331766e-01
6.645166778069096836e+01 -1.339260308059871107e+01 7.930668185804572445e-01
6.644442440261414617e+01 -1.333207735543038908e+01 7.927645146535987619e-01
6.644931846748612259e+01 -1.327302858496720006e+01 7.917825946080474520e-01
6.643991270150607420e+01 -1.321190724793340188e+01 7.914173975019541674e-01
6.643982422078195782e+01 -1.315242503901203364e+01 7.903072964370012610e-01
6.643829919473471080e+01 -1.309300420195829417e+01 7.901642949896374724e-01
6.645598599090362768e+01 -1.303467878363015586e+01 7.885049913661090759e-01
6.645274477942265889e+01 -1.300476187260753314e+01 7.878696383871752751e-01
6.645046542888519525e+01 -1.294466444483741796e+01 7.876961616353687079e-01
6.646391917585336273e+01 -1.288658039391281562e+01 7.859394786611098027e-01
6.647095724147925466e+01 -1.282812478208458273e+01 7.850214489654669947e-01
6.650357491451335079e+01 -1.277110254616872176e+01 7.837476446461177915e-01
6.651843543583140672e+01 -1.271293892395418723e+01 7.820238511831054673e-01
6.656319429229135665e+01 -1.265740087075587184e+01 7.800708940211164011e-01
6.677422551323218158e+01 -1.264491682056159760e+01 7.749319251833766131e-01
6.693781209277997846e+01 -1.259782068378419950e+01 7.700040723075507465e-01
6.705363020190374357e+01 -1.254551447834304057e+01 7.658264906866436572e-01
6.736155575166738174e+01 -1.250688211931202964e+01 7.575401618015842331e-01
6.766010677790391981e+01 -1.246520948811456542e+01 7.489712372154854192e-01
6.648633569595381232e+01 -1.544261549409353407e+01 6.921161704464482423e-01
6.646819852030029097e+01 -1.537628515050609046e+01 6.924386589156457106e-01
6.646152833475588295e+01 -1.531217939206093348e+01 6.920791168049725828e-01
6.645493931037574953e+01 -1.524949798096104203e+01 6.917482873722233805e-01
6.644375316932908504e+01 -1.521645320737695073e+01 6.918608712093514690e-01
6.644785726542029636e+01 -1.515530310613992526e+01 6.918168482159584576e-01
6.644482769254433663e+01 -1.509313283024712149e+01 6.915818318688321531e-01
6.644320462639301184e+01 -1.503087760300249620e+01 6.913792413100008361e-01
6.643519378391061991e+01 -1.496827247118383575e+01 6.910161084979826729e-01
6.643358891928454568e+01 -1.490603400040408744e+01 6.898140549186205783e-01
6.643560993865344244e+01 -1.484571610366234040e+01 6.897359896764374554e-01
6.644160766231053117e+01 -1.481599818520601275e+01 6.893254628548526330e-01
6.643217770059128213e+01 -1.475346919767088671e+01 6.889298514430968190e-01
6.643560266308465145e+01 -1.469306917570670379e+01 6.888845594943793227e-01
6.643904852451608178e+01 -1.463268577410895155e+01 6.878396888814362065e-01
6.642745482836612325e+01 -1.456956124440868905e+01 6.873811527471321847e-01
6.642017284951887746e+01 -1.450762386854687236e+01 6.870490231354567934e-01
6.641900673325025650e+01 -1.447685950702037694e+01 6.874467369277732498e-01
6.642816882619737839e+01 -1.441757908028932711e+01 6.865609624774415831e-01
6.641374666995528742e+01 -1.435461309009042985e+01 6.860375248908716639e-01
6.641792756238122308e+01 -1.429489915410011136e+01 6.850236605412252100e-01
6.641419936677687019e+01 -1.423346780117740451e+01 6.847873498867063091e-01
6.641337539615074093e+01 -1.417330252719473371e+01 6.846449442265409857e-01
6.641041554009331094e+01 -1.411256203061664571e+01 6.834398555554830335e-01
6.641280950969216690e+01 -1.408230809281153739e+01 6.839335636526119311e-01
6.641117154100892606e+01 -1.396199201737396578e+01 6.826495235349072654e-01
6.641533732495510378e+01 -1.390227344601059301e+01 6.816360400213399284e-01
6.640796042458869408e+01 -1.378084676711195122e+01 6.801935808659013150e-01
6.641002563954624804e+01 -1.372194428336285021e+01 6.801454876017456463e-01
6.640820604326967214e+01 -1.369194705636146026e+01 6.795421795750278271e-01
6.640661341656515049e+01 -1.363110254143907163e+01 6.793697350665212076e-01
6.640579047884025954e+01 -1.357094881536245090e+01 6.782284249312409141e-01
6.640286967244473715e+01 -1.351161104300315330e+01 6.780522702481299735e-01
6.640204191098275999e+01 -1.345145553537411054e+01 6.769111077467566684e-01
6.640909694524003726e+01 -1.339300109760866064e+01 6.759921419250976005e-01
6.640608320533439723e+01 -1.333223349824913839e+01 6.757875422453146763e-01
6.640923458956376635e+01 -1.330266827005073438e+01 6.753127626159822761e-01
6.641130636606078497e+01 -1.324377975204174085e+01 6.742657654507976384e-01
6.640623931750084807e+01 -1.318386255439830990e+01 6.730272535469364881e-01
6.639616740734145139e+01 -1.312349401986326924e+01 6.726601407557826207e-01
6.641598938258792373e+01 -1.306574318674817015e+01 6.720634315119278224e-01
6.639736512731077767e+01 -1.300442588246361986e+01 6.714722929452490163e-01
6.640266931524401173e+01 -1.297545404528945845e+01 6.710609666356377456e-01
6.641252889525850378e+01 -1.291683619805880845e+01 6.702078392860583156e-01
6.640745020816537192e+01 -1.285691621079135416e+01 6.689698269249250151e-01
6.641589562504010757e+01 -1.279837897832685911e+01 6.680843647799505902e-01
6.642934390955005597e+01 -1.274029385403330217e+01 6.663278269507305618e-01
6.644135565018946465e+01 -1.268227010270812016e+01 6.655383291623258035e-01
6.644622721633923845e+01 -1.262321773924734813e+01 6.645574042454788222e-01
6.646292096352611622e+01 -1.259505336017740085e+01 6.634362149915422613e-01
6.669210775075536901e+01 -1.255436669593868793e+01 6.552100231132935715e-01
6.660567681620337055e+01 -1.242798154691804058e+01 6.567745192867040505e-01
6.671941589980811216e+01 -1.237650734567710664e+01 6.525625134327559529e-01
6.683666592760539515e+01 -1.232414201911044671e+01 6.474184765623149929e-01
6.693751890041157537e+01 -1.227051937591001085e+01 6.438560822652737992e-01
6.650637684821121809e+01 -1.544274597496624857e+01 5.905546800991569034e-01
6.648683316438047086e+01 -1.537650058162988032e+01 5.908448023568331209e-01
6.646015334418994769e+01 -1.530922636595615494e+01 5.909436516927810690e-01
6.647978307418691202e+01 -1.528232716174255934e+01 5.899138452612884276e-01
6.676351845575703692e+01 -1.522046135733531003e+01 5.795966620173680361e-01
6.673316080276539708e+01 -1.515123316310102730e+01 5.805711454082360667e-01
6.675448226629502813e+01 -1.509343533782200808e+01 5.790048433639902736e-01
6.648539173964331894e+01 -1.497530770765631303e+01 5.883106623182359218e-01
6.645369471732418276e+01 -1.490757873138681688e+01 5.892811429480783181e-01
6.644749813085716994e+01 -1.487497662592598147e+01 5.885222713512037185e-01
6.644736236295150889e+01 -1.481406688402089422e+01 5.883812209159011708e-01
6.644075199219442140e+01 -1.475137778013001721e+01 5.880508022674735269e-01
6.643779187867474434e+01 -1.469062771969484515e+01 5.878447332683266469e-01
6.643905516978686876e+01 -1.462963273095278538e+01 5.877362197341764460e-01
6.644108949495351624e+01 -1.456932846025540940e+01 5.866589316933401577e-01
6.644450757937596563e+01 -1.450892608795602001e+01 5.866137267807710609e-01
6.642550752942520376e+01 -1.447560251261453246e+01 5.865332045164211028e-01
6.642610261185592435e+01 -1.441535974988322799e+01 5.864231317368686636e-01
6.642597185751695577e+01 -1.435446000782179965e+01 5.852828278533970252e-01
6.641649901030896785e+01 -1.429190741421198041e+01 5.858872629780941255e-01
6.641354256092330388e+01 -1.423116742111931998e+01 5.846820281410125553e-01
6.641553740872556943e+01 -1.417084004893342275e+01 5.846045808938318267e-01
6.641140256581692825e+01 -1.407933361287370744e+01 5.837975569029265621e-01
6.641018347628133256e+01 -1.377979400097918194e+01 5.811815644953640669e-01
6.640902598314903571e+01 -1.374904417947930924e+01 5.805801371005409051e-01
6.640298854927368666e+01 -1.247056730949091374e+01 5.646289022893565823e-01
6.640644177017297523e+01 -1.241159307326190309e+01 5.636156735463420109e-01
6.641985418107773853e+01 -1.235348938325980050e+01 5.628593270789021830e-01
6.652678938630783989e+01 -1.227159485169570630e+01 5.569171359353852768e-01
6.667960894920803128e+01 -1.222155765863117161e+01 5.506750678260168286e-01
6.677115859289799005e+01 -1.216630881398517694e+01 5.468578805638595330e-01
6.688334375577923652e+01 -1.211208979700548838e+01 5.415577726475706566e-01
6.648383868701635890e+01 -1.547601059447271155e+01 4.585717480224709153e-01
6.647142583947474748e+01 -1.541078282075887707e+01 4.590528069928736521e-01
6.666942944545031935e+01 -1.539461507482855041e+01 4.505223006186385160e-01
6.647253849062168740e+01 -1.528748561261641825e+01 4.577740144689330659e-01
6.646011882973655815e+01 -1.522225683193173040e+01 4.582553657713828166e-01
6.645518945903015151e+01 -1.512865266140615006e+01 4.583869693430419057e-01
6.645356716831781796e+01 -1.506639941821049256e+01 4.581844939810068018e-01
6.645343757503452764e+01 -1.500549139145972610e+01 4.580431487247890177e-01
6.644824413246260519e+01 -1.494272288227009504e+01 4.577450353704126673e-01
6.645985478811576286e+01 -1.485321626009924501e+01 4.563524495036060946e-01
6.658890062207866833e+01 -1.296815543331297604e+01 4.343114406694149610e-01
6.657807523195327803e+01 -1.290711363877711904e+01 4.339139943361915996e-01
6.662502134720433844e+01 -1.285218626314384593e+01 4.310243601768006805e-01
6.667188076974768762e+01 -1.279583212012976823e+01 4.281061319189475300e-01
6.664326633787176490e+01 -1.273362882772579141e+01 4.282584196772394325e-01
6.665594435214535451e+01 -1.267485496063055095e+01 4.274712481656923746e-01
6.659641532105875683e+01 -1.264016457366042445e+01 4.293896300289732348e-01
6.639416144857688096e+01 -1.226782345589227496e+01 4.335870894384519225e-01
6.645925225105617073e+01 -1.224273457352729011e+01 4.296909644925640537e-01
6.654665392845814154e+01 -1.218914855660633201e+01 4.258043179815521606e-01
6.691643853874350611e+01 -1.215084427059116301e+01 4.080146550489083257e-01
6.681530233440143718e+01 -1.208546505914805635e+01 4.113597816128580220e-01
6.645936003312327500e+01 -1.546848380164979098e+01 3.657973278687466356e-01
6.665164046042698942e+01 -1.545120938385096387e+01 3.571077858024713780e-01
6.649126688384203021e+01 -1.535131356066392172e+01 3.643754893900669201e-01
6.648683542362803678e+01 -1.528922597987708265e+01 3.641077007704595081e-01
6.650456818266219727e+01 -1.523089543166097215e+01 3.634448092058544244e-01
6.651131874901676611e+01 -1.520185148248967266e+01 3.630645538606974698e-01
6.647523444595410069e+01 -1.513151476953711594e+01 3.638799424296502716e-01
6.650451343428781570e+01 -1.507683527395596634e+01 3.625639638035896839e-01
6.648136097557431867e+01 -1.501004804742384735e+01 3.637579718797383510e-01
6.648750442491972024e+01 -1.488859949484014500e+01 3.626367120618810835e-01
6.646329073981274860e+01 -1.479249142732497546e+01 3.632577437385993147e-01
6.646815083201654772e+01 -1.473202875652691368e+01 3.622452940634022234e-01
6.646725939454577770e+01 -1.467044249470653483e+01 3.620736772035697548e-01
6.645423333518341735e+01 -1.460738182440829647e+01 3.625822097176274461e-01
6.646124403568157391e+01 -1.454750928031701918e+01 3.616332187867864478e-01
6.645609241653261279e+01 -1.448614471141805637e+01 3.623636524583702112e-01
6.643775510408946161e+01 -1.445206783009238016e+01 3.622851920451043428e-01
6.644548129769759726e+01 -1.439284807254922427e+01 3.623662218173607785e-01
6.644394042415918022e+01 -1.433202873945516664e+01 3.611934990381123756e-01
6.643880416514181775e+01 -1.427067836538335932e+01 3.609247705088013403e-01
6.643148533580517778e+01 -1.420871640416724091e+01 3.615923990582833314e-01
6.643424994312488252e+01 -1.414908116859444931e+01 3.605460531731323748e-01
6.642194991471963306e+01 -1.408668569921981195e+01 3.610855322465258421e-01
6.642652305087122500e+01 -1.405704284727507769e+01 3.606429102773376361e-01
6.642071511613109180e+01 -1.399644285566648350e+01 3.603723846424278232e-01
6.641772400730769732e+01 -1.393568153823473921e+01 3.601670812721902148e-01
6.641832140443972321e+01 -1.387544891034479377e+01 3.590579302649375970e-01
6.642105071214797363e+01 -1.381579305751564135e+01 3.590115729345364493e-01
6.641166545092588080e+01 -1.375467608475875281e+01 3.586457041282005154e-01
6.641516239037470370e+01 -1.369571044979109509e+01 3.576305397268150221e-01
6.640521489407473155e+01 -1.333570163224388772e+01 3.546819694729753669e-01
6.663438582702167423e+01 -1.306277155522282918e+01 3.411270725924234748e-01
6.660428615559175114e+01 -1.299922334956433545e+01 3.412177020946237649e-01
6.666445826700217481e+01 -1.297509914747149651e+01 3.382201067230379277e-01
6.640697780346499712e+01 -1.289044297685009965e+01 3.494337832056807480e-01
6.640046257831174614e+01 -1.283058436695400673e+01 3.491625725782674383e-01
6.640174472780188353e+01 -1.277099863877077901e+01 3.490852078169375261e-01
6.640022761563200504e+01 -1.271159170215979017e+01 3.479430957047626727e-01
6.640746649232410448e+01 -1.256423741187713716e+01 3.453765491613930427e-01
6.668446256559624885e+01 -1.252743148846444221e+01 3.313743650006674146e-01
6.659670452300510135e+01 -1.246058955173691452e+01 3.350144788736804102e-01
6.641201215610530539e+01 -1.227006564798715260e+01 3.410168525900570957e-01
6.644357856935975803e+01 -1.224179729093194524e+01 3.392530510494563556e-01
6.653100249222725893e+01 -1.218822782467707810e+01 3.343668574175322483e-01
6.662125031907510220e+01 -1.213450341743030769e+01 3.295461765947323984e-01
6.648747464849608946e+01 -1.539338664815526769e+01 2.400126300805738300e-01
6.646143326746637570e+01 -1.532534200814922443e+01 2.411129682139858676e-01
6.657811576131661013e+01 -1.522780181281048861e+01 2.341008416324359409e-01
6.646204800812088820e+01 -1.517052821026802256e+01 2.402335678813116715e-01
6.645683714527311281e+01 -1.510774493306547228e+01 2.409347944371668104e-01
6.645530090564213310e+01 -1.504691916323259804e+01 2.407610298382734104e-01
6.656129646001460287e+01 -1.500730701987610516e+01 2.345749571513037202e-01
6.648272948310447816e+01 -1.486764480950639111e+01 2.390725797273034470e-01
6.646998498206350803e+01 -1.477376459035022194e+01 2.390116349762898551e-01
6.647699980285020160e+01 -1.471389319263047923e+01 2.380622886267753646e-01
6.647467451311128173e+01 -1.465236816327704616e+01 2.388578344711582702e-01
6.648309675132682628e+01 -1.459241648938614233e+01 2.379412013914369295e-01
6.647581264906051501e+01 -1.453047719807495142e+01 2.376089846164258779e-01
6.646278247231482794e+01 -1.446741538360666901e+01 2.381177533956095882e-01
6.647625749382692106e+01 -1.440931934988203622e+01 2.373582447265177864e-01
6.646364181498807966e+01 -1.437634517672990597e+01 2.374383513046044447e-01
6.645416960650122462e+01 -1.431379187493661931e+01 2.380427889181696566e-01
6.646191534380432131e+01 -1.425458880085576041e+01 2.371245659435300412e-01
6.645536761905999867e+01 -1.419331890545166175e+01 2.368233869751289467e-01
6.643875324792966808e+01 -1.412973776720510344e+01 2.372364825816184464e-01
6.644724096193080243e+01 -1.407120785463272838e+01 2.363492649764780129e-01
6.643893133068078782e+01 -1.403941572195031284e+01 2.365558435255006309e-01
6.642953141422825070e+01 -1.397828519064790598e+01 2.371892851280522629e-01
6.643369719817442842e+01 -1.391856661928453320e+01 2.361758016144849259e-01
6.642495378569009290e+01 -1.385667972788224844e+01 2.368111562860418795e-01
6.642488716060924503e+01 -1.379720181683969216e+01 2.357002363338380757e-01
6.642329787003865249e+01 -1.373635645763539337e+01 2.355276786705045033e-01
6.643036042835100830e+01 -1.367790366752541331e+01 2.346083304176957984e-01
6.642186707266805001e+01 -1.352712911566337084e+01 2.335932927340148568e-01
6.662318901907876523e+01 -1.304144777762631868e+01 2.174024049625146171e-01
6.652135102118857901e+01 -1.258397988566959391e+01 2.184345798039502018e-01
6.641850999725170368e+01 -1.224984161718350251e+01 2.197416255519047956e-01
6.647536455523871268e+01 -1.219439626169589275e+01 2.150825031183574154e-01
6.656889159785478682e+01 -1.217060925213339573e+01 2.098967731921775881e-01
6.677301423398199631e+01 -1.212355228331587753e+01 1.979466641473438537e-01
6.646352954170380656e+01 -1.538899067163475465e+01 1.323027768191321618e-01
6.646818125323056847e+01 -1.526618458232003839e+01 1.321190275188847130e-01
6.645293852562629411e+01 -1.520111406783908237e+01 1.325353056584525069e-01
6.644585300781906767e+01 -1.510691734506744055e+01 1.326038669490864352e-01
6.645285516152914340e+01 -1.504703161311986293e+01 1.326537458870931108e-01
6.645043288215819643e+01 -1.492461931147121490e+01 1.323080139874297512e-01
6.649758625116484723e+01 -1.487253233683602360e+01 1.294712612765924753e-01
6.790438504415521948e+01 -1.509143338541773716e+01 4.546052724432048109e-02
6.790306934026204999e+01 -1.505783181749398203e+01 4.580157696789788346e-02
6.790270783131865073e+01 -1.499266632578662950e+01 4.557603507713803292e-02
6.790875165715263506e+01 -1.492786819999941628e+01 4.451174866048757117e-02
6.656573701015653910e+01 -1.448816856130043718e+01 1.239360828497554357e-01
6.657556248223760065e+01 -1.442813412260322536e+01 1.230522535858282751e-01
6.653790730100003259e+01 -1.439152239849966008e+01 1.254615486151779979e-01
6.654490913382082340e+01 -1.433164827865474500e+01 1.245127894186256468e-01
6.652971246050422849e+01 -1.426798971475541755e+01 1.249585438230574885e-01
6.652673312257405769e+01 -1.420723387587789333e+01 1.247530323483416748e-01
6.651866415085792994e+01 -1.414459781147979456e+01 1.253901546241535936e-01
6.652358631217555285e+01 -1.408555639851483576e+01 1.244072665895612495e-01
6.650455217823341059e+01 -1.405220944838719532e+01 1.253264134082509029e-01
6.649581500364627118e+01 -1.399032561440283651e+01 1.259617381315651929e-01
6.648568995532521342e+01 -1.392853874005193759e+01 1.255650968381903931e-01
6.647478904921257481e+01 -1.386605936610393286e+01 1.261373776854088913e-01
6.647970092433490663e+01 -1.380701509821759743e+01 1.251547824297624123e-01
6.647529217806739155e+01 -1.374633254650073511e+01 1.249172042878022859e-01
6.647304092252298346e+01 -1.368624247512810221e+01 1.247428191237283102e-01
6.646112966789684151e+01 -1.365391624405001281e+01 1.258534218709310704e-01
6.646105686819359448e+01 -1.359443661785313751e+01 1.247427967396423920e-01
6.645238581392359833e+01 -1.353397384140682824e+01 1.254073011193106435e-01
6.645794730768021452e+01 -1.347417085758167943e+01 1.244270038526871236e-01
6.645427430602397578e+01 -1.341415841435835965e+01 1.242202227213736743e-01
6.644918976374515296e+01 -1.335422509873317765e+01 1.239812028924883736e-01
6.644401569753316039e+01 -1.329286246179469089e+01 1.237134727473599982e-01
6.644509500049444739e+01 -1.326413293259681225e+01 1.232043275679628458e-01
6.643568640474157405e+01 -1.320300904273126008e+01 1.228389546673148702e-01
6.642559012569756760e+01 -1.314262204208075602e+01 1.234713018337376678e-01
6.665937825975203168e+01 -1.304799443487628352e+01 1.083472188695452365e-01
6.641654856057948564e+01 -1.263773142369422153e+01 1.178567594502505367e-01
6.641207124751920787e+01 -1.231249154598055462e+01 1.147015713870814801e-01
6.643116952523629948e+01 -1.225410398781584398e+01 1.120765703566126703e-01
6.651645749794509754e+01 -1.219995795560120833e+01 1.061274884178972089e-01
6.661142043844756699e+01 -1.217611027575007121e+01 9.997501384590312679e-02
6.675360539557982520e+01 -1.212458914638756369e+01 9.044743427372914368e-02
6.690466958800453767e+01 -1.547118117502570556e+01 -9.586685856875831746e-03
6.662644907482315659e+01 -1.534484812148549970e+01 8.349432967649894621e-03
6.647969833154749608e+01 -1.524913341401986600e+01 1.802506443841322969e-02
6.646874558068888916e+01 -1.518523010449685806e+01 1.956706684891429404e-02
6.646140294253011405e+01 -1.512187274336520204e+01 1.920567201261991208e-02
6.646522348924089840e+01 -1.509154296446693166e+01 1.973133055921216794e-02
6.647581485671274493e+01 -1.503218656054427527e+01 1.887739091464890606e-02
6.703688004266913936e+01 -1.508906430523494357e+01 -1.854248396385638209e-02
6.723176883739466803e+01 -1.506602834196857721e+01 -3.127705706788130868e-02
6.731251644205693196e+01 -1.501853498134409648e+01 -3.621830241462209443e-02
6.733809713491214666e+01 -1.496052359743309879e+01 -3.868569306530078578e-02
6.735548698432823755e+01 -1.493161031315309195e+01 -3.980654948992912168e-02
6.737813637428698144e+01 -1.487231451147906824e+01 -4.136779291949932436e-02
6.745307720060995393e+01 -1.482229564119668019e+01 -4.649584980891452446e-02
6.747138801131904984e+01 -1.476179839346546707e+01 -4.718372530956260746e-02
6.754417218127488809e+01 -1.471119036584918938e+01 -5.237441637707385134e-02
6.753737960907378124e+01 -1.464564329340027804e+01 -5.176114956899491304e-02
6.761591132949129701e+01 -1.459616040596945652e+01 -5.779238405559050662e-02
6.760601961068650212e+01 -1.456159223405937198e+01 -5.667551363487310923e-02
6.768305734751707803e+01 -1.451076553994611729e+01 -6.276752574437893806e-02
6.768557383306827546e+01 -1.444685531277328394e+01 -6.289898824877693251e-02
6.772316875802785319e+01 -1.438887625425854822e+01 -6.507416193660309212e-02
6.776004137943913008e+01 -1.433024340442633004e+01 -6.827918314902725605e-02
6.779906886760376494e+01 -1.427220452100561232e+01 -7.142104790461489827e-02
6.781512475397960316e+01 -1.420968990119928321e+01 -7.219938726642083360e-02
6.786253306054210555e+01 -1.418485721567814117e+01 -7.551972995123867882e-02
6.788576956985100708e+01 -1.412340451623911441e+01 -7.810571190281923037e-02
6.792045640990608035e+01 -1.406416360697096302e+01 -8.037367355950486569e-02
6.795439388447326223e+01 -1.400425057967054343e+01 -8.267208586983842977e-02
6.797762846309271367e+01 -1.394279999377445378e+01 -8.525747952028517318e-02
6.659887197172335505e+01 -1.263272684925810907e+01 -3.890543904410792564e-03
6.786506189214784968e+01 -1.258192784937459940e+01 -9.030034322700464244e-02
6.642671119803415536e+01 -1.343307640251048340e+01 -1.031984659120532832e-01
6.646088643327892953e+01 -1.337743416081915449e+01 -1.064112570826758475e-01
6.648289715637227459e+01 -1.332029663220417781e+01 -1.079447373797863818e-01
6.649992873763608259e+01 -1.326272616641495361e+01 -1.096064257087745464e-01
6.652337195194405695e+01 -1.320552746402591104e+01 -1.121065044856757176e-01
6.656219261377735563e+01 -1.317972539149889499e+01 -1.146508843912688036e-01
6.657424305924737951e+01 -1.312172275981475700e+01 -1.164404573236730300e-01
6.661048524274949045e+01 -1.306525046697868753e+01 -1.196179496267941733e-01
6.662394381345472993e+01 -1.300716819760651077e+01 -1.213747802349600668e-01
6.664661129361550707e+01 -1.294927967794608215e+01 -1.229052879723753211e-01
6.651524549858099533e+01 -1.287692869935341378e+01 -1.144191279919073434e-01
6.651064751142919818e+01 -1.254884814731958720e+01 -1.176330823225417710e-01
6.680531974867624001e+01 -1.245099831868036766e+01 -1.403469886223991381e-01
6.682768064752605142e+01 -1.242253670659287046e+01 -1.423367825855834656e-01
6.685602686897679803e+01 -1.236437073900569672e+01 -1.457347477169033123e-01
6.688218923685556661e+01 -1.230559459623816387e+01 -1.481961224400711874e-01
6.692029317950628808e+01 -1.218739217602836789e+01 -1.524735234323604249e-01
6.693073724037512306e+01 -1.212661890609252779e+01 -1.543508300572615788e-01
