6.710443223730727880e+01 -1.459896064148355066e+01 1.450402408847468516e+00
6.708928841764711137e+01 -1.456648709280277743e+01 1.449358761916605287e+00
6.706397945398222760e+01 -1.450352515058902547e+01 1.448444564236063936e+00
6.703942385897786949e+01 -1.444127661902087745e+01 1.446564065372989649e+00
6.702335182992908358e+01 -1.438020091127465605e+01 1.445934702044704423e+00
6.700940000518703243e+01 -1.431837072390556642e+01 1.444346887549501135e+00
6.701821652260704809e+01 -1.426163111978809539e+01 1.443469723315706776e+00
6.703764028640306094e+01 -1.420531450094924431e+01 1.442885412388684507e+00
6.703669563593834368e+01 -1.417530496906517001e+01 1.442271115353772615e+00
6.708096580629185723e+01 -1.412189908821854090e+01 1.441409904707294354e+00
6.712165638546434820e+01 -1.406785694178184087e+01 1.441440810227469616e+00
6.695763737042281605e+01 -1.495599455195113769e+01 1.360423623624039458e+00
6.678736907985123139e+01 -1.486839105896206803e+01 1.359139838185607463e+00
6.676582826152943539e+01 -1.483536021635628011e+01 1.358914083423650165e+00
6.673274034246568931e+01 -1.477190012029207900e+01 1.357781266952028831e+00
6.673232119111055738e+01 -1.471327021275368452e+01 1.356618896037327104e+00
6.673262764233462008e+01 -1.465533374742252448e+01 1.355489611585069865e+00
6.672084044269861636e+01 -1.459556693702042729e+01 1.355000656277446813e+00
6.671686266551640188e+01 -1.453631819062641561e+01 1.353730810344330848e+00
6.671523725214693457e+01 -1.450704052302765845e+01 1.353112448568078996e+00
6.670913519434478189e+01 -1.444854499947117610e+01 1.352801008537341199e+00
6.671507982068916931e+01 -1.439044984326602794e+01 1.351820039941378226e+00
6.670899938581251831e+01 -1.433197105602986454e+01 1.350509057929639045e+00
6.670929360809694231e+01 -1.427403082034269488e+01 1.349379637683761679e+00
6.669680670436812875e+01 -1.421499360471261397e+01 1.348886448261223059e+00
6.671201468112489863e+01 -1.415880468069761200e+01 1.347190979811877298e+00
6.671108443519364073e+01 -1.413020189439048835e+01 1.347605181210513869e+00
6.670567925056543856e+01 -1.407098597454776723e+01 1.346298012797272348e+00
6.670245707541307922e+01 -1.401385630818814221e+01 1.345090386307061570e+00
6.669278344426916760e+01 -1.395473616936433103e+01 1.344671247418056215e+00
6.669092402804635356e+01 -1.389613735566314823e+01 1.343471440571837983e+00
6.669051920179209958e+01 -1.383892602289512652e+01 1.342337909879700586e+00
6.670286716476320521e+01 -1.378279643344141192e+01 1.341567716336941274e+00
6.668706296399342648e+01 -1.375247251482648814e+01 1.340548754798603248e+00
6.669726610067274919e+01 -1.369568617195404414e+01 1.339708239924060296e+00
6.671598671012387172e+01 -1.364009585173346117e+01 1.339119716632859891e+00
6.673687382939223767e+01 -1.358518171743400416e+01 1.337602026427526347e+00
6.682365519292483214e+01 -1.353492091345722237e+01 1.336942826754655478e+00
6.691257943266809605e+01 -1.348532027676538370e+01 1.336354110634349723e+00
6.707877491818108240e+01 -1.344151843082895681e+01 1.335951056261560632e+00
6.670022118067829808e+01 -1.506460751099429984e+01 1.253596514805577655e+00
6.669978376413584442e+01 -1.500596011786522510e+01 1.253433643090184013e+00
6.670861443390802492e+01 -1.494921952473624138e+01 1.252556291525424914e+00
6.668331629233269098e+01 -1.488625868885814008e+01 1.251642080413579272e+00
6.688331839431289438e+01 -1.486080339859286958e+01 1.249502307400941037e+00
6.773750714454874355e+01 -1.491053010188998584e+01 1.246372823682908137e+00
6.774057269765883404e+01 -1.484967952237254707e+01 1.245260525777455829e+00
6.775784080880951876e+01 -1.479129355904798082e+01 1.244577532067967951e+00
6.780350235753610377e+01 -1.473643136860179581e+01 1.243724747020739319e+00
6.662872291152979187e+01 -1.429766454869223580e+01 1.242624501831800510e+00
6.663470632085430623e+01 -1.424099550796947966e+01 1.241672645045641898e+00
6.778192433865910971e+01 -1.427226445823018786e+01 1.237037800007212418e+00
6.778282810144253290e+01 -1.421075278770355865e+01 1.235854995186503436e+00
6.727429805162738319e+01 -1.411789859220408694e+01 1.236401262751980479e+00
6.697496771845352725e+01 -1.402224976040799831e+01 1.236500712995911577e+00
6.663281222049856467e+01 -1.349494948114122295e+01 1.229983460844967791e+00
6.662105081203729640e+01 -1.343661619054724987e+01 1.228523583448839718e+00
6.685679145068013440e+01 -1.339955194207179545e+01 1.227116585120739067e+00
6.669347450142824130e+01 -1.335742047844015801e+01 1.226911748036929595e+00
6.668378229598735629e+01 -1.513966779329487622e+01 1.135563921574377133e+00
6.667645080613358743e+01 -1.510910276049484580e+01 1.135767647680932413e+00
6.664902006478516228e+01 -1.504548893982753732e+01 1.134783340388430428e+00
6.686542846651616401e+01 -1.502459116786256743e+01 1.132172264832270958e+00
6.760380717392931160e+01 -1.503032847089582091e+01 1.124072059142900759e+00
6.766939147398758791e+01 -1.497921592100050425e+01 1.122826469818254846e+00
6.779684037993307300e+01 -1.493860269505630178e+01 1.120444601594001055e+00
6.783282162589082986e+01 -1.491331936379459044e+01 1.119912736383896101e+00
6.659817100757720709e+01 -1.428439341460628675e+01 1.124479963188982801e+00
6.660132888669119211e+01 -1.422780217978120554e+01 1.123453833636456789e+00
6.739079968360064754e+01 -1.421160994863980065e+01 1.114295087372350057e+00
6.690180485201000238e+01 -1.409167998756366735e+01 1.118836167710015150e+00
6.693215255063107350e+01 -1.406656639723926716e+01 1.117156261997435340e+00
6.691324000731442823e+01 -1.400556209173733535e+01 1.116452319858988407e+00
6.730466025847189826e+01 -1.399222870169955435e+01 1.111681746459168396e+00
6.779177858229095932e+01 -1.398563694384969835e+01 1.106608973139459051e+00
6.659840688763515004e+01 -1.334083054061202844e+01 1.109973052215244893e+00
6.657103121113375721e+01 -1.328146948278908646e+01 1.109074820258808991e+00
6.681243713738210488e+01 -1.324287158872537340e+01 1.105788867590957736e+00
6.767003690100474955e+01 -1.324733784481922072e+01 1.095865036039413765e+00
6.673181837732147414e+01 -1.531931073509378827e+01 1.029318885378304405e+00
6.670439650636751594e+01 -1.525570143347735552e+01 1.028334786446951421e+00
6.667976898402906727e+01 -1.519199241262739264e+01 1.028424232723126552e+00
6.667795098810644561e+01 -1.513340547607769615e+01 1.027224942619292980e+00
6.665618505212350442e+01 -1.507104347816737544e+01 1.027417704553596600e+00
6.652156929767470217e+01 -1.501747403183414775e+01 1.028758855170891273e+00
6.694169579226642952e+01 -1.497464596074828336e+01 1.021175078426219462e+00
6.719575889244994471e+01 -1.495777925945103703e+01 1.016651608356649250e+00
6.750454692247635080e+01 -1.494875580705523532e+01 1.010748300406604017e+00
6.781186361652009964e+01 -1.493833543818965026e+01 1.005778799841072102e+00
6.795233380238340715e+01 -1.492955505772989966e+01 1.003370541045195408e+00
6.661685797796013730e+01 -1.433895887281405734e+01 1.017992618925931181e+00
6.660578346610955691e+01 -1.427988107802501361e+01 1.017536463750934317e+00
6.659684697740240722e+01 -1.422145749322428898e+01 1.017150515725138149e+00
6.754322277876248393e+01 -1.428698517299026882e+01 1.001797565836976878e+00
6.687017035939072684e+01 -1.414119382346184572e+01 1.010899801687024757e+00
6.694286173461195233e+01 -1.409133168479520748e+01 1.008869367379075177e+00
6.694195856527649369e+01 -1.406274820809855264e+01 1.008284164632796909e+00
6.695996310374592042e+01 -1.400646827689721263e+01 1.007662678408106860e+00
6.776326674923268456e+01 -1.404086710731461807e+01 9.938653687180306617e-01
6.759802328544731154e+01 -1.396087540700251317e+01 9.958678411660097929e-01
6.658242193146641341e+01 -1.321960402178662086e+01 1.002108415574492373e+00
6.657210630237221949e+01 -1.316265638868151555e+01 1.000714689492216092e+00
6.682131895609369110e+01 -1.312318100477859062e+01 9.956200601588774957e-01
6.784844342670018591e+01 -1.313547260072016698e+01 9.783914515723086680e-01
6.671869861119688494e+01 -1.537683349850692771e+01 9.250388275097141122e-01
6.666846861906323340e+01 -1.530810477545959358e+01 9.253436737549656232e-01
6.663177800220560698e+01 -1.524258936281845500e+01 9.250740799335003262e-01
6.661001545264687707e+01 -1.518022796257782048e+01 9.252668855253244340e-01
6.660247915533523155e+01 -1.512034989334832069e+01 9.248893985814993224e-01
6.658642673069493867e+01 -1.505927576872974427e+01 9.242600453300069407e-01
6.657554207191230944e+01 -1.502809447266622733e+01 9.243563151108915577e-01
6.658081747440256493e+01 -1.497073429198675854e+01 9.233714159601891236e-01
6.657614138528236936e+01 -1.491220192861658944e+01 9.230971818887817593e-01
6.656221952185507007e+01 -1.485178016010680402e+01 9.225379170785936722e-01
6.656466735396071499e+01 -1.479449715549360178e+01 9.214787969938434964e-01
6.654575144143854004e+01 -1.473347772579549009e+01 9.217744752454470891e-01
6.655337042582604568e+01 -1.470608814740703352e+01 9.214410218505941774e-01
6.654870984798597533e+01 -1.464757063719341801e+01 9.201670736509506288e-01
6.655253421426553473e+01 -1.459022726788203350e+01 9.201443237718069934e-01
6.654146851382344607e+01 -1.453115129711278009e+01 9.196882636512033748e-01
6.653039939504321865e+01 -1.447207337943180683e+01 9.192321925772082292e-01
6.653638412596674812e+01 -1.441540296248476238e+01 9.182801959124969882e-01
6.652888986367574375e+01 -1.435696074344715356e+01 9.169319439890777357e-01
6.653222324068592286e+01 -1.432825756634004044e+01 9.164578961134912660e-01
6.653535467168617856e+01 -1.427164498426256500e+01 9.164311483636509159e-01
6.653850979527896925e+01 -1.421505111585236136e+01 9.154048634538682894e-01
6.651109951780831864e+01 -1.415425471535250068e+01 9.154773989598730122e-01
6.652206543798408234e+01 -1.409818022515321090e+01 9.136704351394864254e-01
6.656071976832141956e+01 -1.404634738939686756e+01 9.126893774064541720e-01
6.662775588802935545e+01 -1.399663421510257066e+01 9.105101554735539615e-01
6.678023007241650078e+01 -1.398543929607345859e+01 9.063759856838962126e-01
6.740891147021183372e+01 -1.399879389085552006e+01 8.924844587196024692e-01
6.760368458478612297e+01 -1.396003354654697226e+01 8.869430454407671860e-01
6.776648263325387234e+01 -1.391711253595280695e+01 8.824634872482202130e-01
6.763947577840846748e+01 -1.357149599911613791e+01 8.802809235738614513e-01
6.700957335506964796e+01 -1.345720552205416176e+01 8.931589426149268984e-01
6.793999359721090059e+01 -1.347562122071840740e+01 8.724544357052669286e-01
6.649498767548487876e+01 -1.310232677494520992e+01 8.994084468789166342e-01
6.652009314313698951e+01 -1.304729402084026191e+01 8.980020655853241385e-01
6.671893813911439963e+01 -1.300273735041071177e+01 8.924573093431175108e-01
6.652632679914883340e+01 -1.293409114355241663e+01 8.959492751251432185e-01
6.668531676255582852e+01 -1.543298027775003334e+01 8.101828917020157395e-01
6.654559650404766558e+01 -1.537593868591046942e+01 8.143207009138955232e-01
6.652452146478395889e+01 -1.531284527208582347e+01 8.145174529795435880e-01
6.651915497362080032e+01 -1.525363994274951729e+01 8.132107323906432317e-01
6.651803751194165670e+01 -1.519572641938596114e+01 8.130439137659786208e-01
6.651405025229458090e+01 -1.513646066448100669e+01 8.127735756473498663e-01
6.652929769287408135e+01 -1.508168264332399033e+01 8.121067088656785948e-01
6.647982043411899156e+01 -1.501506498011672264e+01 8.124732138680522686e-01
6.650094408388767420e+01 -1.498946385113542767e+01 8.115363730045611623e-01
6.649412652459990625e+01 -1.493027398392517746e+01 8.111918343913483431e-01
6.649516328642633312e+01 -1.487303018224664442e+01 8.100955401805032263e-01
6.649617293893604142e+01 -1.481576572114011725e+01 8.099987126045380403e-01
6.649716069871678314e+01 -1.475709131536355656e+01 8.088730920904072530e-01
6.649393036108462240e+01 -1.469994326311770649e+01 8.086648931078024294e-01
6.649992255555252996e+01 -1.464327470120117880e+01 8.077129555793159943e-01
6.649257946927613716e+01 -1.461270386328069648e+01 8.079163746208435359e-01
6.648720295748807985e+01 -1.455489908862684700e+01 8.076378183882868544e-01
6.649105029536423217e+01 -1.449757242520054845e+01 8.066155326604745879e-01
6.648425929173092186e+01 -1.443980490426767105e+01 8.062999104917747406e-01
6.648455142050414679e+01 -1.438186134774647940e+01 8.051702202706108036e-01
6.649199008261419408e+01 -1.432657910128347822e+01 8.042844952346672738e-01
6.648091212535342720e+01 -1.426749801379366112e+01 8.038281830953941665e-01
6.647859578819266346e+01 -1.423895041632017566e+01 8.032056851769130423e-01
6.648598544664307042e+01 -1.418223756460815110e+01 8.022906934093549935e-01
6.647421866313709415e+01 -1.412388987095510906e+01 8.018303661739605293e-01
6.647378940106413836e+01 -1.406665647440154920e+01 8.016960492271401062e-01
6.647976190224106574e+01 -1.400998228652299993e+01 8.007439465546446478e-01
6.647368022704104362e+01 -1.395290452932254510e+01 8.004612268719357715e-01
6.647400163588292799e+01 -1.389638460399731024e+01 7.993606113708349170e-01
6.647732620148464378e+01 -1.386767960287041035e+01 7.988864684408555350e-01
6.647482072902398897e+01 -1.381123751215159601e+01 7.977116633985621430e-01
6.647082810522168472e+01 -1.375338470893247056e+01 7.974698514293101503e-01
6.647966090226206859e+01 -1.369806026888438666e+01 7.966212013752019816e-01
6.647500787748144546e+01 -1.364096013867726498e+01 7.953759762972463232e-01
6.648451937179443405e+01 -1.358490185987439247e+01 7.945312372342405727e-01
6.647720011353035829e+01 -1.355575208101071283e+01 7.947635335880736118e-01
6.648532353784672466e+01 -1.349975105796764119e+01 7.928821709895182979e-01
6.647781448550068717e+01 -1.344270747540952193e+01 7.925621556942261670e-01
6.649445475168585062e+01 -1.338790451093374934e+01 7.909328963787496392e-01
6.649117690837317696e+01 -1.333074404358620413e+01 7.907241843032464246e-01
6.647728297899352867e+01 -1.327315742028795320e+01 7.902224225344465225e-01
6.648681072942675030e+01 -1.321711734591088749e+01 7.883782331861588499e-01
6.648303858823912549e+01 -1.318858464275350961e+01 7.887178972393480425e-01
6.648265150461689643e+01 -1.313279383109207998e+01 7.876132475090018570e-01
6.649214947869123193e+01 -1.307673450624852762e+01 7.867685393984710229e-01
6.648109733887027062e+01 -1.301908828378039296e+01 7.853414809674135189e-01
6.647853766085746940e+01 -1.296262074882312376e+01 7.851659720148507215e-01
6.649584987531099500e+01 -1.290708409374026466e+01 7.835408015296637663e-01
6.649613744214116196e+01 -1.285055953405425377e+01 7.824400741792580938e-01
6.650373139431144409e+01 -1.282316714417381576e+01 7.821066635611646500e-01
6.652600593061286816e+01 -1.276821231310351124e+01 7.806262232585603478e-01
6.652629079848692584e+01 -1.271168781313697949e+01 7.795255432151608765e-01
6.654851770929278132e+01 -1.265530369389796128e+01 7.780158989666525748e-01
6.659207937474590722e+01 -1.260124584025035333e+01 7.751231269105214317e-01
6.667244203202588437e+01 -1.254764613749209090e+01 7.722262235058219293e-01
6.672682317908279970e+01 -1.252191332689747405e+01 7.701792198722928751e-01
6.710412856164724360e+01 -1.247709784197519589e+01 7.584121584142924366e-01
6.727731018120766748e+01 -1.242470630112095975e+01 7.520262788135916310e-01
6.658036670122733369e+01 -1.541126407911715646e+01 7.168923214441764724e-01
6.653816603584876077e+01 -1.537377386292646086e+01 7.180259007973766039e-01
6.652136842103598724e+01 -1.531199018615876284e+01 7.183631299471360254e-01
6.650960160377300667e+01 -1.525222966025884475e+01 7.178743711763770907e-01
6.649992719403196872e+01 -1.519169333791889898e+01 7.174265369090533362e-01
6.650449685376077014e+01 -1.513504903505028487e+01 7.174371279938701607e-01
6.650267334518183304e+01 -1.507645683017935134e+01 7.162375867471941771e-01
6.649533709235376477e+01 -1.504588988378031900e+01 7.164411468388471871e-01
6.649280106655105271e+01 -1.498801236022987915e+01 7.162370680843208604e-01
6.649807371271313627e+01 -1.493064954538979272e+01 7.152520433621973872e-01
6.648702024040368030e+01 -1.487157734440104839e+01 7.147961488210494707e-01
6.648871063036004614e+01 -1.481357967437114098e+01 7.147031804038672664e-01
6.648548164059197063e+01 -1.475643159111455915e+01 7.144950173394307713e-01
6.648385757670055796e+01 -1.472715389365606597e+01 7.138766319096759849e-01
6.647702980076817880e+01 -1.466795953955666221e+01 7.135317894454745735e-01
6.647878605030047083e+01 -1.461140729461961207e+01 7.124685286931818906e-01
6.648691422935171147e+01 -1.455539231401098732e+01 7.115867905745436595e-01
6.647153785561754091e+01 -1.449498271722846710e+01 7.119894316324240080e-01
6.647897990415177105e+01 -1.443970106843515566e+01 7.111037502540008548e-01
6.648282316490774235e+01 -1.438237314764802299e+01 7.100814490474842700e-01
6.647055599814650861e+01 -1.435265268023493945e+01 7.101695015902681485e-01
6.646371260604333031e+01 -1.429345395753434289e+01 7.098245094607620320e-01
6.646900845012169157e+01 -1.423751423824198881e+01 7.088684439648448299e-01
6.646361898920503108e+01 -1.417970368602544085e+01 7.085897234641063136e-01
6.646253478143802340e+01 -1.412322553692503035e+01 7.074520716729970626e-01
6.645358873486830475e+01 -1.406479677568427000e+01 7.070658243215252048e-01
6.645814812559196127e+01 -1.400816116090898333e+01 7.060765993552540198e-01
6.645083636117223591e+01 -1.397901458516686013e+01 7.063089817128540560e-01
6.645539236708566477e+01 -1.392237837387287946e+01 7.053196535173913428e-01
6.645571173736746573e+01 -1.386585781986723021e+01 7.042190302769382182e-01
6.645317849842197688e+01 -1.380939576042229966e+01 7.040436277725402592e-01
6.645845875662953972e+01 -1.375345302061979424e+01 7.030874394788606541e-01
6.645163991030673856e+01 -1.369567736245620360e+01 7.027714424937289150e-01
6.644340657698054997e+01 -1.363793896146655982e+01 7.024182008574398894e-01
6.644463259069401317e+01 -1.361000652379838805e+01 7.019030237667552852e-01
6.644708189047881319e+01 -1.355414036124147259e+01 7.008726304531787132e-01
6.644169505069963577e+01 -1.349634157964986336e+01 6.995941448627782666e-01
6.645193082760673065e+01 -1.344097812042950402e+01 6.987825725690981482e-01
6.644655913962205318e+01 -1.338458943741058960e+01 6.985327598976933672e-01
6.645109682879461843e+01 -1.332794891608390131e+01 6.975433889156034128e-01
6.644075544308967096e+01 -1.327098059599304669e+01 6.971489866713609374e-01
6.644765216138260655e+01 -1.324291134977601025e+01 6.957828889139776596e-01
6.644509791158202461e+01 -1.318644504347082780e+01 6.956073122149445398e-01
6.644115624895290750e+01 -1.313003530222357185e+01 6.943951760773462434e-01
6.644217888935975225e+01 -1.307420531978919165e+01 6.933276049832552967e-01
6.644103163271819312e+01 -1.301769855318850588e+01 6.931891869316126886e-01
6.644487644559741568e+01 -1.296179151412681385e+01 6.921959313855821083e-01
6.643830039631777140e+01 -1.293335335261193286e+01 6.914618104772387586e-01
6.644141280427643892e+01 -1.287675032848809487e+01 6.904353245003449491e-01
6.643746032197873319e+01 -1.282033948263167389e+01 6.892231124365437722e-01
6.643630563209276829e+01 -1.276383220909150751e+01 6.890846621162187713e-01
6.645078620065547170e+01 -1.270837147386507127e+01 6.873851956466081603e-01
6.646244051962560206e+01 -1.265298653790511807e+01 6.856113981502328647e-01
6.646486277893308170e+01 -1.259711828326684468e+01 6.845810667416059037e-01
6.648377999546791273e+01 -1.256944018248666239e+01 6.835454512454277598e-01
6.648546984985483732e+01 -1.251287594278623949e+01 6.824818894059376806e-01
6.672391024400312176e+01 -1.246450808774725161e+01 6.739233473116943429e-01
6.650942548327883230e+01 -1.240135773957383591e+01 6.799380842312201523e-01
6.679250640479506274e+01 -1.226673271309473456e+01 6.678852846041799518e-01
6.692951948085578806e+01 -1.221172121035696989e+01 6.614783657546280393e-01
6.652280796379081096e+01 -1.543319333856698883e+01 5.937122279282577297e-01
6.648129070128712215e+01 -1.539496850334041156e+01 5.948497114090354199e-01
6.647803923459873943e+01 -1.533639933231828323e+01 5.946125878071187865e-01
6.670184864770938304e+01 -1.532112764573685659e+01 5.853062878120869339e-01
6.656903542908894167e+01 -1.523740642645830157e+01 5.901058513289354490e-01
6.678313802575381430e+01 -1.516018631228270763e+01 5.803233170702479793e-01
6.674069791945630925e+01 -1.509335784902194888e+01 5.818750371366381291e-01
6.677678294919290636e+01 -1.507093731988153351e+01 5.804013520155825168e-01
6.668527256876971876e+01 -1.499612002792896170e+01 5.834818063688412826e-01
6.645648110134982289e+01 -1.489848629527473634e+01 5.914376798017783043e-01
6.645179749454112539e+01 -1.483994938529593810e+01 5.911630945723760355e-01
6.644497379411497207e+01 -1.478075628740637448e+01 5.908183271585503160e-01
6.644952915685104244e+01 -1.472410623798579188e+01 5.908287180570169772e-01
6.644201594109765097e+01 -1.466564587539284581e+01 5.904799041542146965e-01
6.644038980996010935e+01 -1.463636620231388719e+01 5.898614245458939642e-01
6.643501395856809211e+01 -1.457856073926014595e+01 5.895828132669791444e-01
6.643673902650535013e+01 -1.452198658098724060e+01 5.895188249558476201e-01
6.643493799807464484e+01 -1.446481546618383973e+01 5.883481251033089166e-01
6.644870773867040725e+01 -1.440864239237091660e+01 5.876147464984852187e-01
6.643412489191652526e+01 -1.435037363678246614e+01 5.870803652197723599e-01
6.642942156474477144e+01 -1.429182975505259101e+01 5.868054688354760184e-01
6.642352698789851217e+01 -1.426264586356803576e+01 5.870749889655557663e-01
6.642881944393873539e+01 -1.420670554545500508e+01 5.861189393837895611e-01
6.642556869524752017e+01 -1.414954986176693019e+01 5.859104574251067232e-01
6.642798934667365529e+01 -1.409225803267411337e+01 5.848508479058950327e-01
6.642473386530811297e+01 -1.403510178347807624e+01 5.846422267998521161e-01
6.643216098998149732e+01 -1.397981642692570858e+01 5.837563080056368259e-01
6.641327958994958180e+01 -1.392022829735788392e+01 5.830810488346657161e-01
6.641450899170121147e+01 -1.389229645851038875e+01 5.825658558298301148e-01
6.641197572245575032e+01 -1.383583305097441851e+01 5.823904264578897427e-01
6.641012316197091536e+01 -1.377863508757501876e+01 5.822187698055188987e-01
6.640761223583994877e+01 -1.372219042356605812e+01 5.810438269271392953e-01
6.641074832653778515e+01 -1.366559024079393936e+01 5.800173218269891739e-01
6.639968942947314190e+01 -1.360792829530894821e+01 5.795898997001333042e-01
6.639450891696242252e+01 -1.357943473536676215e+01 5.798923423202214655e-01
6.639340429652241937e+01 -1.352294895367313465e+01 5.787544671247056849e-01
6.640008615481863785e+01 -1.346696587646705545e+01 5.778353533774148731e-01
6.639826697698077851e+01 -1.341119414626251150e+01 5.776929925063678528e-01
6.640280466776728474e+01 -1.335455362608681718e+01 5.767035619526065249e-01
6.639886774265438873e+01 -1.329814445380050181e+01 5.754913862473540753e-01
6.639134846882186025e+01 -1.324109638090025420e+01 5.751712458160874730e-01
6.639470914794057421e+01 -1.321381890249076285e+01 5.747263186562964199e-01
6.638859825350094468e+01 -1.315673169213027727e+01 5.744431017997738698e-01
6.639244507786820293e+01 -1.310082393595994787e+01 5.734497079822103993e-01
6.639560780866459311e+01 -1.304565013913435223e+01 5.724524382158856506e-01
6.640512740485743848e+01 -1.298960755003562184e+01 5.706082179101893415e-01
6.638980675872778647e+01 -1.293205441297981295e+01 5.700691054824478243e-01
6.639102123339064576e+01 -1.290411886407128073e+01 5.695537942051628333e-01
6.637571639622362341e+01 -1.284797513488629050e+01 5.700434187934011465e-01
6.638240569761764220e+01 -1.279200843693523915e+01 5.681248192781066519e-01
6.637559781623660626e+01 -1.273565210108589696e+01 5.678377946547397137e-01
6.637519445766152160e+01 -1.267985761037416204e+01 5.667329907337759209e-01
6.637547249370118152e+01 -1.262332922003717073e+01 5.656321100685797187e-01
6.638144657245948110e+01 -1.256807725852212343e+01 5.647092586391266877e-01
6.638406675140325319e+01 -1.254010397535990506e+01 5.642311833978198576e-01
6.639995365757083334e+01 -1.248460347169083562e+01 5.625687519069439979e-01
6.640309881969439232e+01 -1.242942871840377528e+01 5.615715840536034120e-01
6.641046076005278564e+01 -1.237272898953678180e+01 5.596570451897823206e-01
6.643981449022878394e+01 -1.231760359676459515e+01 5.573631322670922206e-01
6.648619433709214377e+01 -1.226347146994898374e+01 5.545449195979582635e-01
6.655092226591123961e+01 -1.220743806395013920e+01 5.511812235022660600e-01
6.666696435827219602e+01 -1.218229983979022890e+01 5.457976454733575178e-01
6.678909284357121123e+01 -1.212695526766507115e+01 5.399855633621536422e-01
6.691548994992299981e+01 -1.207152299788778116e+01 5.332858810044885933e-01
6.657334219726052993e+01 -1.550301481071000431e+01 5.023868249143884634e-01
6.655083515145321371e+01 -1.543994452031337872e+01 5.035460655853052359e-01
6.676474582413680992e+01 -1.542353660969481233e+01 4.929512944398000140e-01
6.667407223650722869e+01 -1.537586479244616910e+01 4.975877311168743766e-01
6.676336656097645061e+01 -1.533486914040682692e+01 4.931739421760286124e-01
6.655933809790127498e+01 -1.523728962755020611e+01 5.017949621231606594e-01
6.652616536741314235e+01 -1.517236596398879911e+01 5.026318164355954021e-01
6.654426271987777852e+01 -1.511752950914153359e+01 5.010397166532041258e-01
6.653387306365685561e+01 -1.505770657975051918e+01 5.015873653174938163e-01
6.653629924334398993e+01 -1.500040549130145351e+01 5.015277305603668134e-01
6.653823038855550465e+01 -1.497174468693785343e+01 5.010167496239635865e-01
6.661679669862228081e+01 -1.492745756901079623e+01 4.972513425133352483e-01
6.649076155939314958e+01 -1.479059430417926535e+01 5.011892910981050608e-01
6.649748412183548396e+01 -1.473462109979545964e+01 5.002705166894583222e-01
6.648566568323241199e+01 -1.467482968217741757e+01 5.007806609445690782e-01
6.650019763863552669e+01 -1.461937319428614934e+01 4.990809392570513259e-01
6.649216979839223995e+01 -1.458953700411029608e+01 4.992805373961759496e-01
6.648248668720438559e+01 -1.453039985850203131e+01 4.998608169641506338e-01
6.648423751013842775e+01 -1.447384638606388840e+01 4.987975643866567887e-01
6.648664262159843474e+01 -1.441653835687447227e+01 4.987375825564672738e-01
6.647415563261854743e+01 -1.435749710099974585e+01 4.982441040304516067e-01
6.647945216577895167e+01 -1.430155804024754751e+01 4.972880699273897198e-01
6.646927674614364889e+01 -1.427106246479432983e+01 4.974171020199670279e-01
6.646958057807327691e+01 -1.421452571184307345e+01 4.973160468968650383e-01
6.647132120982081460e+01 -1.415796909715384189e+01 4.962526960509391349e-01
6.647233078935377648e+01 -1.410071646984470561e+01 4.951559719773038770e-01
6.645415813517774950e+01 -1.404180696206478096e+01 4.955133881213379388e-01
6.646226799910206751e+01 -1.398578767257444255e+01 4.946315476444010928e-01
6.645545796741566846e+01 -1.392801384073262483e+01 4.943155265703197410e-01
6.644600272618222903e+01 -1.389821048171203444e+01 4.944775639426332026e-01
6.646196966432097497e+01 -1.384413988961204822e+01 4.928442125828280673e-01
6.645515420442237087e+01 -1.378636482911814554e+01 4.925282592552168159e-01
6.645687991230906277e+01 -1.372980450666985952e+01 4.914646709934986646e-01
6.645078939701454601e+01 -1.367272357850957043e+01 4.911817698171830893e-01
6.645392344753831537e+01 -1.361612276590604154e+01 4.901553165493522934e-01
6.643878731053888487e+01 -1.358645307318322537e+01 4.911681763199321482e-01
6.643909514015611251e+01 -1.352992940678622702e+01 4.900674784645503435e-01
6.644154171229878614e+01 -1.347406195700873965e+01 4.890370460187662971e-01
6.644466970935620509e+01 -1.341746195569703559e+01 4.880105636962921434e-01
6.644494572728235937e+01 -1.336091841245511525e+01 4.879092201959720487e-01
6.643319257898824048e+01 -1.330398863445679503e+01 4.874777315761223973e-01
6.644486174060304506e+01 -1.324860336888872325e+01 4.857037334628840908e-01
6.643471014736608993e+01 -1.321952885134131606e+01 4.858617024394381589e-01
6.643855966746153285e+01 -1.316362103314952492e+01 4.848683804582113455e-01
6.643244880009396525e+01 -1.310653516857809819e+01 4.845853096125738446e-01
6.643629496245125665e+01 -1.305062809965666837e+01 4.835920304130401082e-01
6.641888119425954073e+01 -1.299384875586266475e+01 4.830117565064518947e-01
6.643619133985298220e+01 -1.293831012400834979e+01 4.813865514143703672e-01
6.641095517381376112e+01 -1.288100559343000562e+01 4.815868280683723857e-01
6.644830877187510509e+01 -1.285427550822039322e+01 4.800637693738064593e-01
6.674683072642754667e+01 -1.275647905310529850e+01 4.641428872285344731e-01
6.666126480143518052e+01 -1.269570607788785388e+01 4.676595619428293160e-01
6.673103836560687796e+01 -1.264169548969569945e+01 4.634698560247704213e-01
6.675684905744054731e+01 -1.258595427972903380e+01 4.610685313097570015e-01
6.638389741764420648e+01 -1.248675044936673295e+01 4.761326686340252579e-01
6.641539460240375092e+01 -1.243228049753693298e+01 4.739087759707225622e-01
6.642277642561703033e+01 -1.237699143159960613e+01 4.730231087449284777e-01
6.644360783156790262e+01 -1.232066406002992487e+01 4.704768682638594823e-01
6.645807832207420063e+01 -1.226520556916159954e+01 4.687777088543430004e-01
6.650514094171640522e+01 -1.221034085980103967e+01 4.659634822266870424e-01
6.685553551135298278e+01 -1.215923306769380297e+01 4.483489596869886240e-01
6.676385313360103169e+01 -1.212864958828622441e+01 4.522934755791984118e-01
6.687253796567638631e+01 -1.207295603857861188e+01 4.461140036973072487e-01
6.657409416017654280e+01 -1.554040884190734317e+01 3.840757943916843775e-01
6.653804366520091662e+01 -1.547412398604567052e+01 3.858093405072706705e-01
6.647426097178872340e+01 -1.540357008156247787e+01 3.887163461573751588e-01
6.668461982017963408e+01 -1.538654587436771060e+01 3.780142737477102388e-01
6.647851910936250874e+01 -1.520102699133187407e+01 3.868534728235900610e-01
6.648622674823418777e+01 -1.508636491321350093e+01 3.858088488270613459e-01
6.649220271203996901e+01 -1.502967949150922777e+01 3.858565671664132557e-01
6.649175978606913873e+01 -1.497102683236090037e+01 3.856933251648343441e-01
6.648759828629698632e+01 -1.488386894502962576e+01 3.848708308989717830e-01
6.654624104120595973e+01 -1.483582614025134916e+01 3.814978509160509290e-01
6.657856122435164536e+01 -1.478347106720152127e+01 3.793355667879617643e-01
6.646500027169126668e+01 -1.470704563412849097e+01 3.847948271011136789e-01
6.646317827831015279e+01 -1.464985709287839200e+01 3.846237035407248372e-01
6.646775595386073121e+01 -1.459322443889377752e+01 3.836345540652099650e-01
6.645617491438858337e+01 -1.456277063736339983e+01 3.837266690111215128e-01
6.645790001262582791e+01 -1.450619782718153417e+01 3.836627075675322907e-01
6.646529509606051533e+01 -1.444948620181961374e+01 3.827477671968468886e-01
6.645137061495276498e+01 -1.439046414684072595e+01 3.832166721441426782e-01
6.646092947975559184e+01 -1.433442741960386613e+01 3.813725555129524603e-01
6.644201091925297931e+01 -1.427480635534561415e+01 3.826963766544978496e-01
6.643969389139621740e+01 -1.424625809818097899e+01 3.820739069148326728e-01
6.644922160651793774e+01 -1.419020080685029939e+01 3.812290300206746529e-01
6.644382944987307837e+01 -1.413239031665521139e+01 3.809502376835997017e-01
6.644629502622470341e+01 -1.407652783429959342e+01 3.799199389889694745e-01
6.643308392037044996e+01 -1.401819545232292086e+01 3.804217350334183623e-01
6.643763989598389230e+01 -1.396155789293790050e+01 3.794323799704131250e-01
6.644151177802646657e+01 -1.390565429289761568e+01 3.784391489586468316e-01
6.642850468220034088e+01 -1.387523328920978472e+01 3.784938581992580708e-01
6.642455764533350759e+01 -1.381880914547895323e+01 3.782812424365578075e-01
6.642411684582390308e+01 -1.376157263883602866e+01 3.781467317314655130e-01
6.642939437477535591e+01 -1.370562861066196092e+01 3.771905638772498071e-01
6.642688141169824689e+01 -1.364918331912357630e+01 3.760155536878466709e-01
6.642219854995877881e+01 -1.359206124226789036e+01 3.757697561125632468e-01
6.642106688402991210e+01 -1.353555749963032895e+01 3.756312821436688099e-01
6.642297291419407657e+01 -1.350688984525658753e+01 3.751199655230413876e-01
6.642186493924378965e+01 -1.345040481513530395e+01 3.739820139658760478e-01
6.641225592493151453e+01 -1.339413112971357478e+01 3.736209344282971356e-01
6.640615114133028385e+01 -1.333704580194136291e+01 3.733379195048452948e-01
6.641424068348155174e+01 -1.328102292413092655e+01 3.724559362261288253e-01
6.642094284471822618e+01 -1.322505796062044858e+01 3.705373608047178857e-01
6.641056892632623487e+01 -1.316806775590248790e+01 3.711423142268112096e-01
6.641178747810927518e+01 -1.314013346435478802e+01 3.706270184282305369e-01
6.640784239875600292e+01 -1.308372177734680619e+01 3.694148117655694508e-01
6.641100447077032243e+01 -1.302854867007209450e+01 3.684175374739316888e-01
6.643396502123071912e+01 -1.297285511827529980e+01 3.669407542459288685e-01
6.667631922074191664e+01 -1.293232764118712730e+01 3.526368468350665752e-01
6.657790484109636964e+01 -1.286900689958048716e+01 3.577599013194728839e-01
6.642846327480837942e+01 -1.280414298639770898e+01 3.644852369843467610e-01
6.641123995625275711e+01 -1.277525675444528019e+01 3.644573983955394780e-01
6.641366353796622946e+01 -1.271938712415821016e+01 3.634268973225243116e-01
6.640826676200626366e+01 -1.266299293691820971e+01 3.631768949777802735e-01
6.640644959905398537e+01 -1.260723635731661041e+01 3.620351160851997818e-01
6.639608039773160897e+01 -1.255026124578409785e+01 3.616404850354105749e-01
6.641978696926267389e+01 -1.249528463822582225e+01 3.591976425667511297e-01
6.672172165206713146e+01 -1.247831230005062153e+01 3.429525336119169099e-01
6.638682359414124790e+01 -1.235445348681620992e+01 3.585543476568382459e-01
6.640411758275384102e+01 -1.229891656597376226e+01 3.569292149876511777e-01
6.642141159843848186e+01 -1.224338099092036991e+01 3.553042283293490478e-01
6.645147314023600416e+01 -1.218754169710878088e+01 3.520148597780343724e-01
6.653539572685699000e+01 -1.213317836648859505e+01 3.471979728336387350e-01
6.663371051273296075e+01 -1.210637415503883396e+01 3.413060994033491058e-01
6.676585641460071940e+01 -1.205225427388803539e+01 3.327852504799876376e-01
6.658937091749936599e+01 -1.548914168503194588e+01 2.794209727668851562e-01
6.660675144930030456e+01 -1.543361226448169177e+01 2.777958249230645382e-01
6.653866083408230736e+01 -1.536172736469287692e+01 2.815618360380884866e-01
6.651546151661960948e+01 -1.529938717543224946e+01 2.827169046486074366e-01
6.650740304682958026e+01 -1.526812738392017543e+01 2.828874517211722450e-01
6.651696333892908797e+01 -1.521207879647916172e+01 2.820430292191344890e-01
6.652511051896135541e+01 -1.515606878099042198e+01 2.811615439949927131e-01
6.648409520242935855e+01 -1.509060720470926498e+01 2.837787562989924073e-01
6.651072952758711665e+01 -1.503697884048461120e+01 2.814387794902779572e-01
6.649678397640914795e+01 -1.497653836176053055e+01 2.818788731250180257e-01
6.649944210317087823e+01 -1.494857231725996982e+01 2.814010116509340076e-01
6.649899578593397109e+01 -1.488991905698898144e+01 2.812379047068490623e-01
6.650786110742197366e+01 -1.483460063040344323e+01 2.803893574514197962e-01
6.728736520368273943e+01 -1.490291123265263629e+01 2.355994235418022997e-01
6.651554363124628821e+01 -1.471993170227492698e+01 2.793443977706665526e-01
6.651372301602924608e+01 -1.466274447810513593e+01 2.791733369959882305e-01
6.651258311280075475e+01 -1.460482270037389796e+01 2.790059297975366892e-01
6.650596565859652287e+01 -1.457494665217619279e+01 2.792424919548865958e-01
6.651268141466256623e+01 -1.451897090205999419e+01 2.783237225069994381e-01
6.650657450460012399e+01 -1.446046942178238126e+01 2.780119762870608691e-01
6.651255785735958170e+01 -1.440379768775502711e+01 2.770599168366391085e-01
6.650145486125612138e+01 -1.434469791875966216e+01 2.776030463674686866e-01
6.650103240071756261e+01 -1.428746706448552395e+01 2.774689031749028034e-01
6.649781148737125136e+01 -1.423033332629502290e+01 2.762610532852192158e-01
6.648619656896191543e+01 -1.419985767229925777e+01 2.773524284076266389e-01
6.648652475388011851e+01 -1.414333894461537966e+01 2.762517810782240124e-01
6.649463734706053231e+01 -1.408732094349660358e+01 2.753699201618232673e-01
6.648211102063127953e+01 -1.402825525841336685e+01 2.758757426912316069e-01
6.647817009460284510e+01 -1.397183299727081085e+01 2.756633288616019417e-01
6.647776182616632923e+01 -1.391461837410399838e+01 2.745295220618453325e-01
6.646454529532778110e+01 -1.385628476577722523e+01 2.750312667094216845e-01
6.645508867593025570e+01 -1.382648008967632691e+01 2.751932412960246266e-01
6.646109729385212006e+01 -1.377123342681716700e+01 2.742702352503748608e-01
6.645427841561537718e+01 -1.371345641941154625e+01 2.739542709693721934e-01
6.644818586014680761e+01 -1.365637486141985057e+01 2.736714216253759435e-01
6.646127625776922798e+01 -1.360095219053013160e+01 2.719344903241081024e-01
6.644804749879804717e+01 -1.354261481242284759e+01 2.724360693922287524e-01
6.644053637597797035e+01 -1.348556925194228029e+01 2.721160790617135339e-01
6.644317277250257803e+01 -1.345759695395027222e+01 2.716379851325970707e-01
6.643779905079968273e+01 -1.340120764570391643e+01 2.713879860068258987e-01
6.643028388115939720e+01 -1.334416217595355647e+01 2.710680070651486639e-01
6.643981226330262757e+01 -1.328812006623654973e+01 2.692236762312888443e-01
6.642802862088154825e+01 -1.323116903229153785e+01 2.697915510171269293e-01
6.641768247058834618e+01 -1.317419879745068734e+01 2.693970423296535577e-01
6.642812969238192977e+01 -1.314674722460963885e+01 2.681383559291469210e-01
6.642133470437143217e+01 -1.309039397359389056e+01 2.678512631238629815e-01
6.640815825282356855e+01 -1.303349962529675210e+01 2.673826135134769189e-01
6.666682761733190432e+01 -1.299327808550953023e+01 2.515210259515171520e-01
6.641084967115077120e+01 -1.292108259125704528e+01 2.662505919718480829e-01
6.646964851803164720e+01 -1.281227127686129741e+01 2.606916190462718053e-01
6.641154700052581461e+01 -1.272503277952642975e+01 2.624250455173825491e-01
6.638985522069302192e+01 -1.266834403513183460e+01 2.627327698818759938e-01
6.640998217598846054e+01 -1.261272981763317347e+01 2.611818231043956384e-01
6.643936697785730416e+01 -1.255762095388962152e+01 2.578881132686754452e-01
6.639138518129738031e+01 -1.249943440107516146e+01 2.604628713832094489e-01
6.639453031312095277e+01 -1.244425829969706321e+01 2.594656766623265609e-01
6.665533691559197393e+01 -1.242408815672644096e+01 2.430550102866934070e-01
6.643858763093859920e+01 -1.236158852086212434e+01 2.550251655023278996e-01
6.639559244861520426e+01 -1.230399912114552130e+01 2.567450078580590933e-01
6.641646809040953769e+01 -1.224910043777288315e+01 2.542280468087163570e-01
6.644508944757892266e+01 -1.219328040918057710e+01 2.519008707510340672e-01
6.652548315443172555e+01 -1.213831614208021925e+01 2.459770006829249400e-01
6.662947547833552164e+01 -1.211137901360304525e+01 2.392343476360621057e-01
6.700684403425820790e+01 -1.205825298220369568e+01 2.163009907966566558e-01
6.694116633428616581e+01 -1.199982874164491342e+01 2.183968548585373259e-01
6.650836171712522571e+01 -1.527667254503345085e+01 1.760219322174766399e-01
6.650986150248856177e+01 -1.518936353855093735e+01 1.753479894769800485e-01
6.651370214533496039e+01 -1.513202384944085033e+01 1.753253342167825357e-01
6.651540134347186495e+01 -1.507402800112874708e+01 1.752325799973362130e-01
6.652495552150504921e+01 -1.501797752879747883e+01 1.743880747055707170e-01
6.672674325883400570e+01 -1.499553894475793925e+01 1.613490485280494324e-01
6.649992804245077593e+01 -1.489844422181838013e+01 1.753716449442028757e-01
6.649689494361231823e+01 -1.486920635367299326e+01 1.747162122710482768e-01
6.668365627390956263e+01 -1.484214913794010648e+01 1.631847862751256706e-01
6.663270152518123268e+01 -1.477552693482006241e+01 1.655130308525932792e-01
6.656679914627126493e+01 -1.470713156986444936e+01 1.694064646666825213e-01
6.656493360935664327e+01 -1.464851500125944206e+01 1.692059739240798777e-01
6.656666280533029578e+01 -1.459194478962350061e+01 1.691424122567656285e-01
6.657547441917034803e+01 -1.453519653922102428e+01 1.682645455615756624e-01
6.656530445159137344e+01 -1.450470353590696249e+01 1.683937750619105556e-01
6.657484169588964562e+01 -1.444865007407627289e+01 1.675491110542143280e-01
6.656091930910005772e+01 -1.438963134050690584e+01 1.680182561909611128e-01
6.656049823318141989e+01 -1.433240180791704077e+01 1.678839374974201437e-01
6.656361112596296437e+01 -1.427437852959718612e+01 1.668284731710639734e-01
6.655895142999672487e+01 -1.421726671719335044e+01 1.665831437149508654e-01
6.653574726373075521e+01 -1.415633205536742878e+01 1.677663108040914342e-01
6.654552460288815041e+01 -1.412961614760294182e+01 1.665036893235324333e-01
6.653017619327249577e+01 -1.407063156226914558e+01 1.669353364791785754e-01
6.652475422835478014e+01 -1.401280047236553727e+01 1.676560580839895342e-01
6.652858259070799818e+01 -1.395547018845742038e+01 1.666337250442371243e-01
6.652250088843592835e+01 -1.389839108546791024e+01 1.663508593506431987e-01
6.651427438694412331e+01 -1.384065657484872602e+01 1.659978183361510151e-01
6.651759895093186969e+01 -1.381195157257083217e+01 1.655237349778427847e-01
6.651292223355869737e+01 -1.375483272869644047e+01 1.652780470598296247e-01
6.650042863745017030e+01 -1.369719397096291225e+01 1.658129225585631694e-01
6.651352173080078956e+01 -1.364177123805173508e+01 1.640760630936317632e-01
6.650102336526211388e+01 -1.358413056211523617e+01 1.646110108641486436e-01
6.649777733686843817e+01 -1.352698997391459557e+01 1.634028252902406386e-01
6.650869786290054719e+01 -1.347089186349663414e+01 1.625952526139775589e-01
6.649499783663698338e+01 -1.344120165049568527e+01 1.626457852688781847e-01
6.648108021789269628e+01 -1.338359631583214693e+01 1.631434415166780338e-01
6.649133899346843180e+01 -1.332825090828592884e+01 1.613324793852143335e-01
6.648805911320962991e+01 -1.327108981340895966e+01 1.611236999986873641e-01
6.648336405040957686e+01 -1.321396531256181639e+01 1.608778828548333983e-01
6.649717201192184746e+01 -1.315923895749335415e+01 1.591743230296203127e-01
6.646690571195675545e+01 -1.309991058994932445e+01 1.602004134144392467e-01
6.644328471049935558e+01 -1.307046640898470002e+01 1.609902568866685701e-01
6.674673677336073752e+01 -1.303413094068974054e+01 1.414036602871657777e-01
6.639232282380157812e+01 -1.289859796793479774e+01 1.622558525587398659e-01
6.645651230550403454e+01 -1.284617761009973869e+01 1.569466531772947260e-01
6.641349266507228322e+01 -1.278716918781726442e+01 1.586377001346211957e-01
6.643031600663512393e+01 -1.276026152327467322e+01 1.575609571749992943e-01
6.642068190757545665e+01 -1.270398233593384063e+01 1.571995688207384889e-01
6.642310276003283320e+01 -1.264811141727521004e+01 1.561690881871872216e-01
6.641273625766658029e+01 -1.259113624602322190e+01 1.557744098303919245e-01
6.661454773808483765e+01 -1.254382958682406723e+01 1.422516116938105091e-01
6.637216602876489446e+01 -1.247767852849589154e+01 1.564640521855039657e-01
6.639942385670651959e+01 -1.242332295133781983e+01 1.541285870583182227e-01
6.643283588320832678e+01 -1.234020303456366818e+01 1.503943122221231832e-01
6.646221603361901487e+01 -1.228509764267931992e+01 1.471009012716981701e-01
6.649510448863304646e+01 -1.222918186350334402e+01 1.438856895574469608e-01
6.655707885926987899e+01 -1.217467357223429758e+01 1.394775707216763250e-01
6.666371642480430637e+01 -1.211978318558752576e+01 1.312576659176318827e-01
6.717521064682782139e+01 -1.206979619488569000e+01 9.697615097017620034e-02
6.718691483518918517e+01 -1.557095970800916085e+01 1.489613835154468546e-02
6.722204223641732312e+01 -1.551711104062807500e+01 1.277938167701675454e-02
6.724792730390667828e+01 -1.546137625735516963e+01 1.037792994299890914e-02
6.667614840864915493e+01 -1.529316118003375102e+01 5.077344954657436737e-02
6.644978384247504266e+01 -1.487484128897953894e+01 6.450320698316769352e-02
6.748304500437353681e+01 -1.498823684263372868e+01 -6.614743889221230688e-03
6.757605571461401439e+01 -1.497296235709161216e+01 -1.342517038611967806e-02
6.762252332218105266e+01 -1.491884683947476020e+01 -1.724343168781627966e-02
6.764764569465295097e+01 -1.486240424607533228e+01 -1.867826451585652414e-02
6.768842141783774480e+01 -1.480701759436453457e+01 -2.267410154193649774e-02
6.770072186740731013e+01 -1.474805262092195868e+01 -2.350158772740296165e-02
6.774074086459691557e+01 -1.469195330812366684e+01 -2.653109568217471015e-02
6.774122163716222644e+01 -1.466191301258599466e+01 -2.710778595454277351e-02
6.779688547779457508e+01 -1.460826237677478012e+01 -3.067018030421686525e-02
6.781702245348580504e+01 -1.454983612273980853e+01 -3.327781524920592204e-02
6.785205018498074026e+01 -1.449314312870286514e+01 -3.545210855987979137e-02
6.788355116132566991e+01 -1.443585386768630840e+01 -3.873311793727363117e-02
6.790293072516759310e+01 -1.437671429632567310e+01 -4.037457434715219229e-02
6.793158046883533530e+01 -1.431948484579915082e+01 -4.273024063110941739e-02
6.794337830402685086e+01 -1.428915291250034159e+01 -4.400941831725990738e-02
6.797842846308037679e+01 -1.423248270165955809e+01 -4.718290624506038533e-02
6.801698692673726043e+01 -1.417500210352714163e+01 -5.027819493668705952e-02
6.802358265915398761e+01 -1.411476560733910546e+01 -5.128313492953573416e-02
6.652879868737014135e+01 -1.314709518322078630e+01 4.372059274153028419e-02
6.634044512978083219e+01 -1.282627941262520643e+01 5.338741236962785131e-02
6.634717866379040174e+01 -1.277174140056921559e+01 5.149821142940247398e-02
6.637371277702003169e+01 -1.271668627000462592e+01 4.912950345557720588e-02
6.637633496583789849e+01 -1.268871226858277801e+01 4.865134951440897026e-02
6.634258482260575818e+01 -1.263161331319822978e+01 4.962791691811574424e-02
6.636629070505478012e+01 -1.257663604709980021e+01 4.718504305660120579e-02
6.655534187936618196e+01 -1.252824309855320450e+01 3.329852682681133658e-02
6.633567685355171761e+01 -1.246435781937731946e+01 4.716423424581850377e-02
6.634515246406495237e+01 -1.240829427523126860e+01 4.631949473749874535e-02
6.639946382979553618e+01 -1.227029439220472185e+01 3.906854297700435019e-02
6.647776093887608795e+01 -1.221609927757435976e+01 3.310332759822998128e-02
6.644562272572325412e+01 -1.447647335552554893e+01 -4.648695100811761627e-02
6.645515652461132561e+01 -1.442041660099408418e+01 -4.733177198009030917e-02
6.647489077874948293e+01 -1.439487410111940591e+01 -4.930494757140002626e-02
6.651218945541921812e+01 -1.434311501683879086e+01 -5.232227069150097165e-02
6.652527175116178171e+01 -1.428767665624492977e+01 -5.305972075007803213e-02
6.654619458631830753e+01 -1.423277557393544512e+01 -5.557723868121566824e-02
6.660980561643329168e+01 -1.418392865344198839e+01 -6.083318635328827106e-02
6.659445854822590150e+01 -1.412494403249349340e+01 -6.040126499278830607e-02
6.660753814178443122e+01 -1.406950572931712706e+01 -6.113854860101652910e-02
6.663218844820882225e+01 -1.404311574003051888e+01 -6.299645989583613215e-02
6.665524807661667239e+01 -1.398887428878225947e+01 -6.544357998242955610e-02
6.668254160655817486e+01 -1.393451588842112798e+01 -6.777920586955499260e-02
6.670628328513492988e+01 -1.387953984569474031e+01 -7.022227903172506558e-02
6.671938393131591738e+01 -1.382412301093620677e+01 -7.195893918613327500e-02
6.674312363031856421e+01 -1.376914903456049011e+01 -7.440190678089964038e-02
6.675831743208951252e+01 -1.371295975693317182e+01 -7.609749773226170966e-02
6.677301147585936292e+01 -1.368539566560190579e+01 -7.724461210433219982e-02
6.678038770012915393e+01 -1.362868580866934742e+01 -7.815931360177441611e-02
6.682330906173076812e+01 -1.357537344428643777e+01 -8.205622619355290581e-02
6.682785975417606039e+01 -1.351874139210056214e+01 -8.304514088569092678e-02
6.686223455008013161e+01 -1.346421440911098522e+01 -8.619432392935033604e-02
6.687031657609738033e+01 -1.340679136939865757e+01 -8.810440235555550004e-02
6.689282351561024598e+01 -1.337974998114079739e+01 -9.003213416379307610e-02
6.691300335727974868e+01 -1.332416258583137392e+01 -9.258232650995834589e-02
6.693527838825744425e+01 -1.326780337288060529e+01 -9.509126319871130661e-02
6.695255868105822117e+01 -1.321084584020135644e+01 -9.674528821852779181e-02
6.697838493491858003e+01 -1.315510630725776942e+01 -9.914675529000649412e-02
6.699924349931879419e+01 -1.309878641783161868e+01 -1.016928310625131449e-01
6.702078618113401376e+01 -1.304173391254780690e+01 -1.042347657320306098e-01
6.703406249813430406e+01 -1.301421321772302164e+01 -1.054188553600530209e-01
6.705560251129340088e+01 -1.295716212024972513e+01 -1.079607158550219825e-01
6.640538156217095889e+01 -1.286114961897845532e+01 -5.925013118245270327e-02
6.637229388554928278e+01 -1.280329996505137480e+01 -5.726999691980472207e-02
6.636833795299951078e+01 -1.274688582304120743e+01 -5.848218723286824350e-02
6.636225570530459095e+01 -1.269122427806563280e+01 -5.873612831208419038e-02
6.635705891784101595e+01 -1.266272703907314323e+01 -5.843383988261363626e-02
6.635382658203123185e+01 -1.260700706040731767e+01 -5.961301396254969909e-02
6.635551364979002642e+01 -1.255043883845523922e+01 -6.067672824100323048e-02
6.637495378225850118e+01 -1.249555729192975129e+01 -6.223153052778096495e-02
6.723111817944734980e+01 -1.246922084093235128e+01 -1.288261387349651788e-01
6.725832844081993755e+01 -1.241204305419240228e+01 -1.322183789191211378e-01
6.728763458058276115e+01 -1.235409410835126387e+01 -1.355693320530095836e-01
6.730371467526683205e+01 -1.232509239535702505e+01 -1.377073905134191811e-01
6.731952094298222278e+01 -1.226675387824302099e+01 -1.394270788784022219e-01
6.732185573200312945e+01 -1.220804371978935521e+01 -1.405148677829328729e-01
6.733200950053340250e+01 -1.214985680120831368e+01 -1.423832182014455050e-01
6.734993605699963837e+01 -1.209076784414059347e+01 -1.450610388440340959e-01
