6.703346968694660291e+01 -1.464191065852745233e+01 1.437836509394850859e+00
6.698464114928283664e+01 -1.460813583101821500e+01 1.436708506538710406e+00
6.695270972429442224e+01 -1.454865756280169364e+01 1.435522688969516292e+00
6.691229918428219037e+01 -1.448915221207444581e+01 1.434091309138465720e+00
6.686055108265809110e+01 -1.442816109022035498e+01 1.433301400347369192e+00
6.684135888069585008e+01 -1.437159595826779324e+01 1.431545068846576729e+00
6.682849087760185114e+01 -1.431431224687483983e+01 1.430956936088242148e+00
6.682907342749751933e+01 -1.425923418043924862e+01 1.429803773010512868e+00
6.683582452244732508e+01 -1.412190978164644939e+01 1.427081979788399124e+00
6.682650949613142188e+01 -1.406536972448069100e+01 1.425611887599448124e+00
6.684263025155986782e+01 -1.401176756142050372e+01 1.424939368857678135e+00
6.685380287261814658e+01 -1.395743710523708891e+01 1.424108431514882422e+00
6.688414960015990118e+01 -1.393251400000764839e+01 1.423455529004342468e+00
6.693562430745200231e+01 -1.388047529010603043e+01 1.422837420294433608e+00
6.700479256479977153e+01 -1.382923150307438753e+01 1.421747005452587587e+00
6.703362823540327042e+01 -1.377567498580318350e+01 1.421443183756708306e+00
6.671316869829304608e+01 -1.485757645992235076e+01 1.338102836353882941e+00
6.670882402120835764e+01 -1.480177093840526226e+01 1.336791285660374085e+00
6.670447665680497096e+01 -1.474596404774093372e+01 1.335479687493656531e+00
6.669868392003874646e+01 -1.469013198550258537e+01 1.335126482085232658e+00
6.667522986886021386e+01 -1.463210338988686132e+01 1.334216298144747403e+00
6.669209881334883505e+01 -1.457923737628323835e+01 1.332579762579098492e+00
6.669130412777009553e+01 -1.455131507424873405e+01 1.332964154643796251e+00
6.653985942689405420e+01 -1.448067500368692961e+01 1.332090085142692670e+00
6.668682932166440480e+01 -1.444113896721261625e+01 1.330493947517416897e+00
6.666124567649629284e+01 -1.438381566905033182e+01 1.329537402591778550e+00
6.668058932502762559e+01 -1.419358226088719022e+01 1.326055202866919025e+00
6.771072986194421617e+01 -1.417234652563255004e+01 1.322353053060516315e+00
6.765756255643334782e+01 -1.410992789919575685e+01 1.321492268984580942e+00
6.668218356895468446e+01 -1.397539315432494789e+01 1.321467011442648776e+00
6.667848429515520081e+01 -1.392027609191391058e+01 1.321190201116677621e+00
6.666216662814586869e+01 -1.389232539175275427e+01 1.320125061495654339e+00
6.666979796257423629e+01 -1.383726268189423259e+01 1.319176299709059030e+00
6.665337766771963857e+01 -1.378210329129431422e+01 1.318531131184871974e+00
6.665606245450595679e+01 -1.372773961835020273e+01 1.317454397633473162e+00
6.664673151289586883e+01 -1.367262271292512921e+01 1.316014452311251137e+00
6.664941225282261428e+01 -1.361825900881090412e+01 1.314937689531039178e+00
6.664785310528837670e+01 -1.356388074909967045e+01 1.313738144530990359e+00
6.665343100759643846e+01 -1.353671242146283760e+01 1.313322589223608006e+00
6.666953491221357808e+01 -1.348310810253885528e+01 1.312650070521172552e+00
6.675780548993296293e+01 -1.343266674671861338e+01 1.311128568500118607e+00
6.685809309917638643e+01 -1.338298402473798099e+01 1.309970519074563411e+00
6.701143935985626854e+01 -1.333424120465254248e+01 1.308364743693946508e+00
6.669266819513447331e+01 -1.498719092219825910e+01 1.227192612452716380e+00
6.668338144910950405e+01 -1.493065782880920267e+01 1.225722686103517312e+00
6.668118198990531198e+01 -1.490273343744693513e+01 1.226066268441541762e+00
6.663792714214740442e+01 -1.484177287905440323e+01 1.225522049506829525e+00
6.691645813084903693e+01 -1.482130394881244939e+01 1.222128418694199414e+00
6.774297673954664845e+01 -1.480639773449804153e+01 1.213674672467842219e+00
6.776124675432413369e+01 -1.474924657122697980e+01 1.212988308398399218e+00
6.780924696583728917e+01 -1.469651304941996628e+01 1.211253701288660389e+00
6.661316488861214680e+01 -1.420997263999377225e+01 1.214384146539003950e+00
6.760027681916103859e+01 -1.415365618950423077e+01 1.203690178112831299e+00
6.720614295350168277e+01 -1.406557940848023947e+01 1.206439699723128589e+00
6.693864288449589139e+01 -1.398872857675021208e+01 1.207083368011334423e+00
6.716982303404166998e+01 -1.395029055209761459e+01 1.203942378497349530e+00
6.705013462216962239e+01 -1.388615360557053258e+01 1.204124670319614898e+00
6.661656281188848538e+01 -1.336716718136919901e+01 1.198587290571885733e+00
6.657821601968831260e+01 -1.331121304584463516e+01 1.197291972411187011e+00
6.685537546185511815e+01 -1.326656487819544950e+01 1.194348424043306656e+00
6.758041530857616408e+01 -1.323455750283019405e+01 1.186606566185838929e+00
6.669666671352521803e+01 -1.514601000479002479e+01 1.126617125891476334e+00
6.668665000459219527e+01 -1.508874023521398655e+01 1.126110991396486849e+00
6.669220092038663950e+01 -1.503439197174447450e+01 1.125116153003272723e+00
6.666522839571192094e+01 -1.497564612924807292e+01 1.124088707458898995e+00
6.691405682520849041e+01 -1.495363178921463820e+01 1.120804424612243277e+00
6.753916279590474403e+01 -1.495019891416027846e+01 1.110776437540020645e+00
6.774418610347613878e+01 -1.491806267308899514e+01 1.107012203083531654e+00
6.784734631779001290e+01 -1.487267453828041752e+01 1.105026151428190717e+00
6.746979067936285901e+01 -1.419470787927238575e+01 1.098725460630262107e+00
6.693482305016661371e+01 -1.409244987360408174e+01 1.105108967644531148e+00
6.691841393208545696e+01 -1.403586931651157421e+01 1.104433704808984729e+00
6.694018741766929281e+01 -1.398228655495066342e+01 1.103925011578422266e+00
6.693228050785215544e+01 -1.392575198181813079e+01 1.102495927682676014e+00
6.737858840095017854e+01 -1.390252752759058907e+01 1.094888263210224588e+00
6.658306810895462036e+01 -1.324964622057472141e+01 1.095060637950275639e+00
6.658290765642216513e+01 -1.319527067543211807e+01 1.093901977068201026e+00
6.680503321954375906e+01 -1.317620255088502113e+01 1.089910788437672640e+00
6.772196098870273318e+01 -1.314727409495519694e+01 1.075772926271862717e+00
6.671030273325766302e+01 -1.523466957553269374e+01 1.028831562966372459e+00
6.665644113833738515e+01 -1.517152466506125030e+01 1.028934845247339025e+00
6.662243027174505983e+01 -1.513849183920513397e+01 1.029251164491789661e+00
6.662021206498241099e+01 -1.508340764378611354e+01 1.028016179935550500e+00
6.660312907573845109e+01 -1.502611698784382277e+01 1.027305465108105276e+00
6.680459580554247623e+01 -1.499751147521997829e+01 1.023513017425709437e+00
6.688150196213737786e+01 -1.489694985774683289e+01 1.019595408254823310e+00
6.710710496069242481e+01 -1.489707756268116512e+01 1.015110058276137206e+00
6.654193137041902162e+01 -1.425317612278115931e+01 1.017117375706001692e+00
6.655243148901168126e+01 -1.420100287659219163e+01 1.015311848028685793e+00
6.653104382943840278e+01 -1.414366226173149599e+01 1.015477066641290227e+00
6.782229204657730293e+01 -1.422687358586426676e+01 9.895185291162162944e-01
6.681033509945093840e+01 -1.408541789955357970e+01 1.008302210564812951e+00
6.686823067886254535e+01 -1.403558160960063184e+01 1.005914968841333579e+00
6.687374899986906485e+01 -1.397980172202090543e+01 1.004889852091946700e+00
6.688989619488587834e+01 -1.392622185761548437e+01 1.003218029462247696e+00
6.744168402569266618e+01 -1.390847991851753918e+01 9.917706259615398645e-01
6.650914535381244264e+01 -1.314402222896432271e+01 9.966219808155276638e-01
6.650553211773460305e+01 -1.311753632529154423e+01 9.959555209844702661e-01
6.675236656824995407e+01 -1.306926863046637166e+01 9.900577713393050594e-01
6.650732017401965379e+01 -1.300950237780735108e+01 9.937147036529057065e-01
6.672851546095718334e+01 -1.532215783576553569e+01 9.191457132617953940e-01
6.666332613935810514e+01 -1.525610462641740206e+01 9.198604536734900083e-01
6.661508703200124160e+01 -1.519438411164304625e+01 9.211570647363573894e-01
6.659871338938835095e+01 -1.513638123171157090e+01 9.204516167101886026e-01
6.658450737057854951e+01 -1.510628040292744245e+01 9.204018512621742198e-01
6.657590038154108925e+01 -1.505044210343019273e+01 9.199669354275710198e-01
6.657367747236426681e+01 -1.499535585128283444e+01 9.187317705491963027e-01
6.656648065363374656e+01 -1.493951968329851354e+01 9.183376736299162513e-01
6.655080246353418261e+01 -1.488222842307472327e+01 9.176675636389726165e-01
6.655563865979759441e+01 -1.482858964654994161e+01 9.166673039318624649e-01
6.654984594681286580e+01 -1.477275488945230464e+01 9.163139531994688447e-01
6.653987131368420194e+01 -1.474409249902215358e+01 9.164171993093948032e-01
6.653478278929269152e+01 -1.468897279602277450e+01 9.160995134998113354e-01
6.654387861366504353e+01 -1.463536543083096753e+01 9.142224523281826665e-01
6.652462949886033527e+01 -1.457875432390663484e+01 9.144645820377992340e-01
6.652663056983183765e+01 -1.452510442885476394e+01 9.133824076079599674e-01
6.652580167181183413e+01 -1.447001613593833191e+01 9.121879799000602862e-01
6.651299461129764268e+01 -1.444134264776116794e+01 9.122093307731325984e-01
6.651640382168068300e+01 -1.438769554125821770e+01 9.111680490956293177e-01
6.652263602649587426e+01 -1.433405811077984104e+01 9.102085962501835770e-01
6.651612119903492726e+01 -1.427892941100127544e+01 9.098497751071555895e-01
6.650395158847912569e+01 -1.422378466286874854e+01 9.093272880477007991e-01
6.653496562152282934e+01 -1.417240790771632142e+01 9.071309467451241781e-01
6.650086163967068842e+01 -1.411502837476235328e+01 9.069277772041730579e-01
6.655101566019516213e+01 -1.409161131297947911e+01 9.058785492965975017e-01
6.653106819637771707e+01 -1.403572584638961729e+01 9.051157398978052493e-01
6.655286437756564055e+01 -1.398358593887531143e+01 9.036375937437035599e-01
6.661428783340124937e+01 -1.393447236387700983e+01 9.013677044247070391e-01
6.687531453597482312e+01 -1.389910854656159422e+01 8.931507256533912642e-01
6.753621550657602768e+01 -1.389050570302254783e+01 8.750444541859119241e-01
6.766136051054118639e+01 -1.384170246152766026e+01 8.706205459189528817e-01
6.693768378101231065e+01 -1.340575534153554571e+01 8.824778559749633100e-01
6.792002032350333707e+01 -1.339158295148655853e+01 8.555331708144260361e-01
6.792412403558620326e+01 -1.333438974260677590e+01 8.544380279517507226e-01
6.645756271112301761e+01 -1.308947576772669485e+01 8.899067681485757220e-01
6.647085323473525875e+01 -1.303587922133483623e+01 8.881529416584170722e-01
6.647139292306773939e+01 -1.298221869849536603e+01 8.870299462534405599e-01
6.674023089914243201e+01 -1.293338732218952813e+01 8.787544864923741983e-01
6.651634363245554482e+01 -1.287509134183102866e+01 8.840548891129462739e-01
6.701513242263361292e+01 -1.277230188486315754e+01 8.672724713360995263e-01
6.754389932400798102e+01 -1.274835766193784892e+01 8.520286322069576812e-01
6.669863119073249891e+01 -1.531966051667060214e+01 8.281712734719759439e-01
6.655419200388050172e+01 -1.524185564209249577e+01 8.313495397591117442e-01
6.652222449498219703e+01 -1.518234167239102561e+01 8.321625592124115567e-01
6.651440614813763830e+01 -1.515442225756769901e+01 8.313431226100069793e-01
6.650153123299762115e+01 -1.509712112089817992e+01 8.317543691608095813e-01
6.650142873843189761e+01 -1.504275412460545169e+01 8.305957292701363626e-01
6.648787498775894278e+01 -1.498618484751571955e+01 8.300022592534751498e-01
6.648915080605499384e+01 -1.493180033863031930e+01 8.298837889520715994e-01
6.648406835143694593e+01 -1.487668136000726626e+01 8.295659971723187143e-01
6.648466241448180369e+01 -1.482159866978956941e+01 8.284124764482312386e-01
6.647186342477398568e+01 -1.479292793943693773e+01 8.284340013197986075e-01
6.648022749746138516e+01 -1.474001187786680411e+01 8.275510940171710850e-01
6.648011221387517367e+01 -1.468564141163829362e+01 8.263923064918069494e-01
6.648564497833682196e+01 -1.463128559282137964e+01 8.253971379639489792e-01
6.647136843558902797e+01 -1.457542304360181973e+01 8.247981322010987659e-01
6.647121861608917470e+01 -1.452103021450327702e+01 8.246386794553407507e-01
6.646259168781072901e+01 -1.446661234009229524e+01 8.242337657177845056e-01
6.646747510211636722e+01 -1.444015500924304263e+01 8.238126951799957798e-01
6.646240428921481680e+01 -1.438505282026564913e+01 8.224954399568675800e-01
6.647358059299699562e+01 -1.433214230399823386e+01 8.216943187131999782e-01
6.645646690638699283e+01 -1.427626794617043693e+01 8.210133845110981765e-01
6.646128223934867663e+01 -1.422262293938529254e+01 8.200129223032061043e-01
6.646539091126058452e+01 -1.416969152448654867e+01 8.190073003334483737e-01
6.645540216046487103e+01 -1.414102295637123596e+01 8.191103628741798204e-01
6.645314919454533253e+01 -1.408735637313869304e+01 8.179053066173094244e-01
6.645015751470658927e+01 -1.403295102457069277e+01 8.176638922299016565e-01
6.645496408346330952e+01 -1.397930527512919774e+01 8.166633973738994801e-01
6.644066623585264608e+01 -1.392486448459793991e+01 8.160946204341992249e-01
6.645256350333218620e+01 -1.387126122822127527e+01 8.142994776555037006e-01
6.645037457987854168e+01 -1.384478093951230981e+01 8.136738452018932310e-01
6.645941429757439778e+01 -1.379114834222539976e+01 8.127962047792112177e-01
6.646068581329899416e+01 -1.373820646583556027e+01 8.117087419237372092e-01
6.646760177090428101e+01 -1.368385121611352062e+01 8.107544672961254362e-01
6.646392112570576671e+01 -1.363017831807099611e+01 8.095085304192466413e-01
6.647295612518749408e+01 -1.357654500867283787e+01 8.086309163603687677e-01
6.646785859754780290e+01 -1.352286588269071110e+01 8.073439981083773143e-01
6.646848996714507507e+01 -1.349639524672618407e+01 8.068002941333529687e-01
6.647469589357095288e+01 -1.344275288654432465e+01 8.058409256337182303e-01
6.647026979940622482e+01 -1.338833982222397090e+01 8.055585837073813149e-01
6.646657905076850170e+01 -1.333466482214288007e+01 8.043126062352223826e-01
6.647775749995088290e+01 -1.328177640813435012e+01 8.025124524772626611e-01
6.646908613310007752e+01 -1.322734739828967498e+01 8.021072613720047206e-01
6.648096651105558408e+01 -1.317374602615060653e+01 8.003124408594519679e-01
6.647732412776404942e+01 -1.314723915203516569e+01 8.006452636346809149e-01
6.647221311770528018e+01 -1.309355857128544010e+01 7.993583390983832748e-01
6.648126307625790332e+01 -1.303994813984767198e+01 7.974816650528330220e-01
6.648036078092637524e+01 -1.298626044917103783e+01 7.973170298909439957e-01
6.647241666414601013e+01 -1.293256943997537078e+01 7.959482043484400471e-01
6.646871242961431392e+01 -1.287889298262662940e+01 7.947023397243792031e-01
6.647490080124261169e+01 -1.282525183011632386e+01 7.937431406017969593e-01
6.647905372217807951e+01 -1.279807720844958219e+01 7.932867241602818975e-01
6.647534543991810096e+01 -1.274440071930571428e+01 7.920408600905090024e-01
6.648297310441682839e+01 -1.269078536298527915e+01 7.901233723840348500e-01
6.650826826990618201e+01 -1.263652002914991890e+01 7.887028608899644411e-01
6.651162418949876098e+01 -1.258287047312687790e+01 7.876619416375996163e-01
6.653341413719292063e+01 -1.252932931973489517e+01 7.851548874761136165e-01
6.663245477420049667e+01 -1.250119997811734152e+01 7.814172291095238254e-01
6.684399679837353858e+01 -1.244430585796116517e+01 7.733168124337311822e-01
6.700456404269368704e+01 -1.238716669107108892e+01 7.667399099933507323e-01
6.716513167753713276e+01 -1.232860492245087691e+01 7.601329860093822832e-01
6.648985922916324398e+01 -1.531561468793714376e+01 7.159848863773541350e-01
6.647913925396028390e+01 -1.525905651835945065e+01 7.154733511235852328e-01
6.647124230668991629e+01 -1.520250398095485700e+01 7.150435011736715474e-01
6.645695881057721977e+01 -1.514662804468508561e+01 7.154442862960699312e-01
6.645261753886005351e+01 -1.509081918291277624e+01 7.141324666183141989e-01
6.644759238107324961e+01 -1.506288644623809603e+01 7.143940797102337203e-01
6.645172374290778805e+01 -1.500852924106465558e+01 7.133580057827586529e-01
6.644664397387100507e+01 -1.495341163033881671e+01 7.130403210424166582e-01
6.644509343108012445e+01 -1.489901674558267786e+01 7.128399686663942081e-01
6.644003742750682306e+01 -1.484391871787223671e+01 7.115228152282777607e-01
6.643212590157035891e+01 -1.478879068971550659e+01 7.111232094415661509e-01
6.643701404294034774e+01 -1.476233272136030905e+01 7.107021441188421385e-01
6.643333636107904283e+01 -1.470721583144000810e+01 7.104251918488638795e-01
6.643321839191156641e+01 -1.465284399731428344e+01 7.092662972840888536e-01
6.643307127031809500e+01 -1.459845118899581706e+01 7.091068640242063070e-01
6.642871205328005146e+01 -1.454406613662520087e+01 7.078252352670911796e-01
6.643067995048491525e+01 -1.449039254260120835e+01 7.077422880231594160e-01
6.643700469029381850e+01 -1.446396035215586018e+01 7.063627954982636403e-01
6.642625467241066417e+01 -1.440882050562587047e+01 7.058812217462617777e-01
6.642750963799267083e+01 -1.435442841811293846e+01 7.057625209567428559e-01
6.641605095107709644e+01 -1.430000012502103779e+01 7.052757457390190776e-01
6.641662773581204249e+01 -1.424634192202110228e+01 7.041525092584601797e-01
6.642144038319246135e+01 -1.419269554733874017e+01 7.031519400111573281e-01
6.641209178199893870e+01 -1.413755574129816495e+01 7.027111245390349481e-01
6.641202371298010121e+01 -1.411036671824513000e+01 7.021316453153964021e-01
6.641400660970603553e+01 -1.405671196333016226e+01 7.010492562917820525e-01
6.641952207294499999e+01 -1.400378332721531649e+01 7.000844875483214214e-01
6.641582172581126997e+01 -1.395008953333543289e+01 6.998378121289898779e-01
6.641497353264847447e+01 -1.389642503880564206e+01 6.986735953818938860e-01
6.641056159138867088e+01 -1.384201410956900702e+01 6.983912339303472994e-01
6.639625635057029740e+01 -1.378756989066212135e+01 6.978223483277068429e-01
6.640398450272637376e+01 -1.376114112627163877e+01 6.964837433400822286e-01
6.640595729253821844e+01 -1.370748426681805299e+01 6.954014328535919054e-01
6.640719427234917305e+01 -1.365452002755818128e+01 6.953133047777240172e-01
6.640562842934939169e+01 -1.360013632742820100e+01 6.941133608488450069e-01
6.641254326605749725e+01 -1.354720973595589939e+01 6.931895117758124503e-01
6.640105361413841933e+01 -1.349277311181509553e+01 6.927024338958245320e-01
6.640090016255295780e+01 -1.343982359552823347e+01 6.915739627864800898e-01
6.640791468795013941e+01 -1.341267835156696719e+01 6.901998051698553516e-01
6.640349017253201680e+01 -1.335969396752645721e+01 6.899478487177709285e-01
6.639128983474765278e+01 -1.330596820799262225e+01 6.894554960893364282e-01
6.640882297896513364e+01 -1.325238219537639850e+01 6.878242682104859229e-01
6.639379087543085234e+01 -1.319864736802886362e+01 6.872499629568129542e-01
6.640142802392077215e+01 -1.314502804621234056e+01 6.853321318747911395e-01
6.640770673584219708e+01 -1.311857541994473486e+01 6.849522758011932222e-01
6.639267060575495805e+01 -1.306483786406774250e+01 6.843779151271416339e-01
6.639744750481739288e+01 -1.301118917931087182e+01 6.833776264814598322e-01
6.640578947714851665e+01 -1.295828963451017479e+01 6.814956376071363842e-01
6.638650672629074734e+01 -1.290453612334383315e+01 6.807983882281249954e-01
6.639481684828950847e+01 -1.285161558357031986e+01 6.799158411728185580e-01
6.641092631513075162e+01 -1.279802867890785123e+01 6.782439632014094499e-01
6.639101759222589294e+01 -1.277074584651620981e+01 6.780903972029712623e-01
6.639296002415716202e+01 -1.271708807066551472e+01 6.770082555785799094e-01
6.641118986689674841e+01 -1.266422446195906382e+01 6.754132248216806467e-01
6.639189634211392388e+01 -1.261046816843803597e+01 6.747159606569052004e-01
6.640941458013979570e+01 -1.255688877274200266e+01 6.730852718551243452e-01
6.643261603390027403e+01 -1.250335110774511271e+01 6.706191636885359131e-01
6.644020780033834228e+01 -1.244971472465673301e+01 6.697011183553664981e-01
6.644933457978967795e+01 -1.242329540604548477e+01 6.684040437351005393e-01
6.666941868059018361e+01 -1.236647640861514219e+01 6.585510075251317375e-01
6.650473168040963401e+01 -1.226116719925725640e+01 6.625649027758736542e-01
6.672481857561476204e+01 -1.220150368469770363e+01 6.526520158938577953e-01
6.677847117491145923e+01 -1.214598986662936220e+01 6.490233832430578609e-01
6.688393920385824742e+01 -1.211580057104880126e+01 6.434268568518239917e-01
6.656825431558442574e+01 -1.544287874452083820e+01 6.298973120144154558e-01
6.653700086805642400e+01 -1.538265326044137637e+01 6.307156910375920633e-01
6.652134082581480357e+01 -1.532536955306493454e+01 6.300460303136966589e-01
6.649784776476400339e+01 -1.526587656654441005e+01 6.311042286123130785e-01
6.648924617501415923e+01 -1.521003831110736471e+01 6.306692326170565410e-01
6.648558598632493499e+01 -1.515492694910120619e+01 6.303925487377027848e-01
6.647917846794805996e+01 -1.512701169322406969e+01 6.296139927946409198e-01
6.648967013011724703e+01 -1.507338829825223492e+01 6.287772856409062916e-01
6.649945447655079533e+01 -1.502047647023359644e+01 6.279352378488822772e-01
6.648586955835641277e+01 -1.496388553137003008e+01 6.283410962881866846e-01
6.647866872002268224e+01 -1.490804663985635514e+01 6.279467056837195749e-01
6.647996966071690395e+01 -1.485368037413418740e+01 6.268288377894489782e-01
6.647985774552290650e+01 -1.479931060900187489e+01 6.256700439404442315e-01
6.648333368742798655e+01 -1.477285116741976978e+01 6.252081739732074928e-01
6.647965802239956190e+01 -1.471773496633058542e+01 6.249312949859540112e-01
6.647951291937638985e+01 -1.466334284809326682e+01 6.247718754425941601e-01
6.646947426843205164e+01 -1.460749146890525907e+01 6.242955226421893489e-01
6.647642009479383773e+01 -1.455457051424758674e+01 6.233718011243499779e-01
6.647629807789806478e+01 -1.450019864832673555e+01 6.222129071138630119e-01
6.646978661709189851e+01 -1.444507064839434207e+01 6.218541392133964951e-01
6.646689956960618417e+01 -1.441787602621336184e+01 6.211929145654125906e-01
6.646391798435641363e+01 -1.436347412930111744e+01 6.209515091944162180e-01
6.647653629297792577e+01 -1.431058808413653338e+01 6.191919717329945616e-01
6.645727463213997055e+01 -1.425540083067409824e+01 6.194642122025983966e-01
6.644934224116434507e+01 -1.420026657100697420e+01 6.190644634813069480e-01
6.645556638228596569e+01 -1.414662503183684628e+01 6.181049277824369748e-01
6.645472694100304523e+01 -1.409296262708054570e+01 6.169408312369867309e-01
6.646384283549940619e+01 -1.406651776931978404e+01 6.166425813758321661e-01
6.644883811545167873e+01 -1.401136055804307823e+01 6.160379729077086752e-01
6.644372559176579784e+01 -1.395766259545198018e+01 6.157503773029956440e-01
6.645135651015193901e+01 -1.390402518093286055e+01 6.148318419501602738e-01
6.643917143731948727e+01 -1.384887424785019583e+01 6.143090126630682546e-01
6.644612350437273562e+01 -1.379597003752795281e+01 6.123859674287088772e-01
6.644958394528840984e+01 -1.376950845109710464e+01 6.119240774606433675e-01
6.643312646591419934e+01 -1.371432128837852105e+01 6.122778740160452760e-01
6.643580679153616586e+01 -1.366138288085372388e+01 6.112312781033910625e-01
6.643424094853638451e+01 -1.360699918072374359e+01 6.100313341745121631e-01
6.643691790576613698e+01 -1.355406007210275021e+01 6.089847445854986718e-01
6.642684177848369131e+01 -1.349962762643818337e+01 6.085386264169307946e-01
6.644367500191067677e+01 -1.344675661040081138e+01 6.069021069965292448e-01
6.641880583417074035e+01 -1.341872801617418887e+01 6.075895520837545360e-01
6.642433224051531226e+01 -1.336581818112310671e+01 6.056256399459096773e-01
6.642343736651659469e+01 -1.331213122708787466e+01 6.054608192074858453e-01
6.641974258421312527e+01 -1.325845484934454532e+01 6.042146951698774693e-01
6.642452623238507670e+01 -1.320480621966293100e+01 6.032143063233790237e-01
6.642577752890615272e+01 -1.315186148631309848e+01 6.021268498308799400e-01
6.642136980803007873e+01 -1.309746661008072088e+01 6.008452105124928444e-01
6.641348417236021362e+01 -1.307094448177212875e+01 6.010551382591212688e-01
6.643881753270562740e+01 -1.301812414558209063e+01 5.986652534085429300e-01
6.643511465147071249e+01 -1.296444770174845296e+01 5.974192496119145046e-01
6.642148664846990869e+01 -1.291071428153751910e+01 5.968858692437342128e-01
6.642626084615108084e+01 -1.285706557350052215e+01 5.958856802445813283e-01
6.640200039158621337e+01 -1.280398808973260216e+01 5.960597297862975097e-01
6.640615196443719981e+01 -1.277681345830083437e+01 5.956032738187436726e-01
6.639961328742454327e+01 -1.272312521562398580e+01 5.942753811089023230e-01
6.640936135594670020e+01 -1.267023046352534443e+01 5.924344463774630087e-01
6.639501301231533148e+01 -1.261577646606692760e+01 5.918654104866950538e-01
6.641041243027667917e+01 -1.256290515017902365e+01 5.901883754855254960e-01
6.640383853453944596e+01 -1.250919521143315905e+01 5.898599309183417683e-01
6.641428581986581037e+01 -1.245558882629101838e+01 5.880244570661717907e-01
6.641348749335122648e+01 -1.242911118668538961e+01 5.874397991884143799e-01
6.642251922314555657e+01 -1.237550128010300199e+01 5.855634394618368654e-01
6.642162381781599834e+01 -1.232183371081225154e+01 5.843995107485786544e-01
6.647386117504362346e+01 -1.226773560949845177e+01 5.807598444292410012e-01
6.675561866611779749e+01 -1.220628529659761696e+01 5.665877225087607716e-01
6.670210423012228773e+01 -1.209796693564241821e+01 5.667472748313138187e-01
6.683307765156881430e+01 -1.206648773367455441e+01 5.598593210630934403e-01
6.697388081412387351e+01 -1.200645702528511904e+01 5.516498728063854440e-01
6.653259832223426429e+01 -1.544149980875459605e+01 5.187670117506505418e-01
6.650562884959217058e+01 -1.540989694449907077e+01 5.203178055799104751e-01
6.646589602635268079e+01 -1.534821975374559067e+01 5.208603007888149561e-01
6.671284424505299171e+01 -1.533278236804830641e+01 5.086549949786949298e-01
6.668300026037078965e+01 -1.527256237651706883e+01 5.095144813873171419e-01
6.671968957741280803e+01 -1.522262780997488463e+01 5.075117358060623474e-01
6.655320139446732242e+01 -1.514251034360431447e+01 5.150069926661173803e-01
6.649006233346756289e+01 -1.507855628251909152e+01 5.178270309524966031e-01
6.648577029836293661e+01 -1.504992955650345721e+01 5.170944141605848809e-01
6.649414178543338494e+01 -1.499701422657462224e+01 5.162115595462311024e-01
6.648906133532311458e+01 -1.494189728389982719e+01 5.158939286027385274e-01
6.650452017373645219e+01 -1.488902240507261610e+01 5.142160470047862919e-01
6.673662576076326047e+01 -1.486426974802837364e+01 5.023852822270908902e-01
6.643331063548487236e+01 -1.471696665032160389e+01 5.165069001133051341e-01
6.643893119728821262e+01 -1.468981805741083058e+01 5.150917146782658662e-01
6.643454619621640234e+01 -1.463541273194367065e+01 5.148095409024023850e-01
6.642874632242349264e+01 -1.458100321823524403e+01 5.144863678890801983e-01
6.643992802375585427e+01 -1.452809274477800550e+01 5.136852260509614521e-01
6.642137907794116813e+01 -1.447219396842258021e+01 5.139627269982011137e-01
6.642619912737954735e+01 -1.441854967249865638e+01 5.129622979927072057e-01
6.642472225020077303e+01 -1.439135718183060497e+01 5.123418922600466718e-01
6.641255535335132265e+01 -1.433621110986106473e+01 5.118192180005275427e-01
6.641310365788353920e+01 -1.428253261423453502e+01 5.116953574491429624e-01
6.640802545351171204e+01 -1.422742699813153777e+01 5.103779339968724793e-01
6.640998189745546654e+01 -1.417375129105393228e+01 5.102949661978239959e-01
6.640631609682303349e+01 -1.412007851167691364e+01 5.090489280115527704e-01
6.641253754177571977e+01 -1.406643695297673524e+01 5.080893132606052465e-01
6.639616025342986916e+01 -1.403844160543089714e+01 5.090226433514487558e-01
6.639672828281007355e+01 -1.398478131015742143e+01 5.078994058016484958e-01
6.640224106046775887e+01 -1.393185130614535971e+01 5.069345300187770853e-01
6.639503190707215197e+01 -1.387745097273067252e+01 5.055709443201232833e-01
6.639912779170100521e+01 -1.382451608914617580e+01 5.045651151494725539e-01
6.640816550141421715e+01 -1.377088145341095426e+01 5.036874330229343943e-01
6.639315361360857537e+01 -1.371714948052335714e+01 5.031132405386906647e-01
6.638100746621921644e+01 -1.368916524668379253e+01 5.041693833589983020e-01
6.638936633154926881e+01 -1.363626382014555105e+01 5.022869530861279186e-01
6.638779846824174058e+01 -1.358187942868439713e+01 5.010870550069282947e-01
6.638832252875492657e+01 -1.352819534881844632e+01 5.009630858319378266e-01
6.638816974765529721e+01 -1.347524651284770592e+01 4.998345889130775266e-01
6.637455926595163191e+01 -1.342151592881668876e+01 4.993011826960468413e-01
6.637589124088775350e+01 -1.339432963072232319e+01 4.987625973333199569e-01
6.637714591986357959e+01 -1.334138425260157668e+01 4.976749873974428695e-01
6.636918344749503262e+01 -1.328767235608354902e+01 4.973055224047266965e-01
6.637682194754430043e+01 -1.323405304653210202e+01 4.953876117163393822e-01
6.637380421997838198e+01 -1.318107143877543663e+01 4.951766276229564445e-01
6.637505349966657775e+01 -1.312812601659448397e+01 4.940890978477325834e-01
6.636781538925012569e+01 -1.307371939057920507e+01 4.927252511906707877e-01
6.637267991489930807e+01 -1.304726055590204581e+01 4.923044927940374293e-01
6.636897569616758119e+01 -1.299358275393621831e+01 4.910584214840368888e-01
6.636594988720761989e+01 -1.294059973672218611e+01 4.908472913794923453e-01
6.637004792608692583e+01 -1.288768560577938338e+01 4.888424612734177943e-01
6.636419237532271609e+01 -1.283469285871555243e+01 4.885495429714303839e-01
6.642847806890937079e+01 -1.278136023597668647e+01 4.842729781365341379e-01
6.645451062488366745e+01 -1.272783096347748177e+01 4.818886101398917043e-01
6.661170916084677174e+01 -1.270147876512850971e+01 4.728649075750704922e-01
6.654565427145195144e+01 -1.264747372629230604e+01 4.748133574985744509e-01
6.656034949039546689e+01 -1.259388734880598193e+01 4.731010149718071212e-01
6.668556927297680659e+01 -1.253946256058767794e+01 4.655596579918577227e-01
6.647354697401917178e+01 -1.248609605899192587e+01 4.753103875294157898e-01
6.633803715749643004e+01 -1.243456167662786882e+01 4.813078145080668113e-01
6.634221249581088387e+01 -1.240740662821150053e+01 4.798518898427385215e-01
6.635053758920564349e+01 -1.235450761928123597e+01 4.779701952472245052e-01
6.635953613464567979e+01 -1.230087536209389221e+01 4.770930906938878335e-01
6.637566189631718316e+01 -1.224731269227397767e+01 4.744222798153807652e-01
6.641160580993830820e+01 -1.219241565808818528e+01 4.712953459381140631e-01
6.648793299718390415e+01 -1.213702412394673047e+01 4.663236046321909134e-01
6.645304434303859864e+01 -1.208461594039190423e+01 4.662053928450837770e-01
6.677390332418997332e+01 -1.204703201322083927e+01 4.496672158768219019e-01
6.656519310089242936e+01 -1.545369268750933855e+01 4.189031120688568866e-01
6.651269345890329987e+01 -1.539051276268831714e+01 4.210460537462722419e-01
6.668243403997206542e+01 -1.533398454781997344e+01 4.117402483673292535e-01
6.650886428664438199e+01 -1.525240542229503760e+01 4.200003989278726646e-01
6.651216722553962768e+01 -1.514294592292913677e+01 4.187695937462820872e-01
6.655665099876117097e+01 -1.509519689999886971e+01 4.160379390918635956e-01
6.659896155694259789e+01 -1.501811307124483896e+01 4.126200138449221955e-01
6.649120059061957022e+01 -1.494894599005982982e+01 4.180425014108885007e-01
6.647820794929928923e+01 -1.483870034266226057e+01 4.173251117915940389e-01
6.648445229729932748e+01 -1.478506300756926350e+01 4.163656572832844516e-01
6.645378858427227442e+01 -1.469976303245876181e+01 4.176694070624371591e-01
6.645222928786409966e+01 -1.464536605667910685e+01 4.174689940509710429e-01
6.644787141006028719e+01 -1.459098236369070634e+01 4.161873732410259485e-01
6.644772093239970445e+01 -1.453658750715890235e+01 4.160278587512485915e-01
6.643908906930754199e+01 -1.448073890425474275e+01 4.155924783095451547e-01
6.644461734795463315e+01 -1.442781104509142232e+01 4.146276225275027372e-01
6.644163509395646372e+01 -1.437340846911308567e+01 4.143861833998202515e-01
6.643589252237015330e+01 -1.434618384523578882e+01 4.146425659694433774e-01
6.643434823780813758e+01 -1.429180436144801725e+01 4.134426236247593645e-01
6.643916290202142250e+01 -1.423815867559677706e+01 4.124421276601812902e-01
6.641350911516666145e+01 -1.418221392272563541e+01 4.135142680679906313e-01
6.642188280926282573e+01 -1.412931395946998947e+01 4.116319431716674027e-01
6.642030263722782024e+01 -1.407491210054710784e+01 4.114314152129548985e-01
6.641599533890871498e+01 -1.404771054933032914e+01 4.107292155134988354e-01
6.640449405759824231e+01 -1.399325578842672435e+01 4.112415135233508101e-01
6.641144883124503906e+01 -1.394035160513468696e+01 4.093181899438564919e-01
6.640562472402076821e+01 -1.388593515881967200e+01 4.089948803195950777e-01
6.640474536507397829e+01 -1.383224900376607103e+01 4.088299324622627351e-01
6.640177139325034261e+01 -1.377786116672000460e+01 4.075890677937142881e-01
6.639876983889708129e+01 -1.372488238537822980e+01 4.073780183254421816e-01
6.638665352153233812e+01 -1.369691845518030959e+01 4.074347651764121947e-01
6.639925160210009381e+01 -1.364403090267292562e+01 4.056752024990967209e-01
6.639556693208605509e+01 -1.359035527735096949e+01 4.044291506356372246e-01
6.638193133683445524e+01 -1.353660510053952848e+01 4.048951735903424387e-01
6.639028546815040954e+01 -1.348370430650712493e+01 4.030129763672155585e-01
6.638444452591480172e+01 -1.342928435971123058e+01 4.026894600963489834e-01
6.639633189075476594e+01 -1.337711036229501538e+01 4.009249764762641277e-01
6.638915493644242360e+01 -1.334987533343119459e+01 4.011400181350789351e-01
6.638119247466153183e+01 -1.329616208854599968e+01 4.007705251550294223e-01
6.637608216147623352e+01 -1.324247949512814415e+01 3.994833401359427771e-01
6.637945094403988833e+01 -1.318882532633804772e+01 3.984420431970563392e-01
6.637077779101835517e+01 -1.313582429817706831e+01 3.980671247572873384e-01
6.638547983475943681e+01 -1.308222989431318872e+01 3.963540971422887527e-01
6.637476716040400504e+01 -1.305569806068495176e+01 3.964820774787435331e-01
6.639090850049038295e+01 -1.300212945551099430e+01 3.938106421474486529e-01
6.635743361176234600e+01 -1.294828413200883510e+01 3.947025302998573570e-01
6.639975496881704942e+01 -1.289554499881756477e+01 3.918048713375333891e-01
6.664402749964850159e+01 -1.284461452726215036e+01 3.767711213338134080e-01
6.661976612102289153e+01 -1.279011038814759615e+01 3.769149662777007137e-01
6.638436001750309856e+01 -1.273590327637749908e+01 3.889737952888993044e-01
6.636583365345086349e+01 -1.270860296193828987e+01 3.898604578916445851e-01
6.635575994979372183e+01 -1.265561589932884168e+01 3.884453625090585893e-01
6.634565507861515243e+01 -1.260260717494556104e+01 3.880295955824379917e-01
6.634900496714699614e+01 -1.254895285444480280e+01 3.869884600734340152e-01
6.635803740440246656e+01 -1.249533958682711798e+01 3.851118118767342668e-01
6.640886061754548564e+01 -1.244123123950242515e+01 3.814308018751488838e-01
6.666236765662692676e+01 -1.238396584486216945e+01 3.655297894831172067e-01
6.633541245808574160e+01 -1.230988635853359803e+01 3.825264894518023429e-01
6.636641054124490324e+01 -1.225568365123473669e+01 3.792712971353774387e-01
6.638182538812641553e+01 -1.220140317675700103e+01 3.765648059940079895e-01
6.639367806739497269e+01 -1.214780494910229081e+01 3.747704960562381338e-01
6.647639444323863245e+01 -1.209174357269183986e+01 3.689684577991515502e-01
6.656126144017878232e+01 -1.203500049991463783e+01 3.622136741365784562e-01
6.668586852137971732e+01 -1.200278407288464066e+01 3.551261057591097448e-01
6.652490758144570293e+01 -1.542487221151817600e+01 3.190632898220060465e-01
6.652054725189152862e+01 -1.536904582720888257e+01 3.187509404655542999e-01
6.661396031376285976e+01 -1.535657058509640471e+01 3.131796606552436080e-01
6.647704806933245436e+01 -1.522503186045512535e+01 3.204360660943365025e-01
6.650808397080200507e+01 -1.517507855733964561e+01 3.182696977142289718e-01
6.647042964363987494e+01 -1.511409348282796294e+01 3.198879160401677524e-01
6.648021465882182213e+01 -1.506118233387542027e+01 3.190459020048297401e-01
6.649426335157842516e+01 -1.500830262930100112e+01 3.173270263844834016e-01
6.669449805334824077e+01 -1.495410587610330388e+01 3.049500367661241995e-01
6.661009939826911364e+01 -1.488718648718889526e+01 3.090941376800921958e-01
6.644211194803783371e+01 -1.481128577819371728e+01 3.186370894516723506e-01
6.645471256270676008e+01 -1.475838087564008738e+01 3.178768551516537588e-01
6.670462695185285895e+01 -1.473450702159661851e+01 3.015762271105241199e-01
6.645594948558530746e+01 -1.467682562116006295e+01 3.161793883470522815e-01
6.646713387597381484e+01 -1.462391651810009030e+01 3.153782344159402617e-01
6.647125468048290031e+01 -1.457098654695389506e+01 3.143726387706520242e-01
6.646262416895008585e+01 -1.451513795631481152e+01 3.139371787225831989e-01
6.646247031230961966e+01 -1.446074374705397503e+01 3.137776985437797928e-01
6.646164030745492823e+01 -1.440708276652016906e+01 3.126135492707216024e-01
6.644873737879268560e+01 -1.435119929461233212e+01 3.130547430524802666e-01
6.644655451278740088e+01 -1.432472107739683231e+01 3.124290921822358014e-01
6.644144917803475892e+01 -1.426959517968229285e+01 3.121110246189762183e-01
6.643207344298556905e+01 -1.421443508953012014e+01 3.126696841682691241e-01
6.642696630799963486e+01 -1.416073851936639194e+01 3.123820363902359842e-01
6.643816502394849977e+01 -1.410784757259927069e+01 3.105815856213615112e-01
6.642669489957178541e+01 -1.405341582183666560e+01 3.100945831625813165e-01
6.643291365546832594e+01 -1.399977289273921954e+01 3.091349805046271770e-01
6.642504194204124701e+01 -1.397182422899952847e+01 3.093145427778321022e-01
6.641639348518755526e+01 -1.391739944776213811e+01 3.089092736504037706e-01
6.641978181994376484e+01 -1.386374745811596298e+01 3.078678770256541020e-01
6.641893093946227111e+01 -1.381008159443893035e+01 3.067036128053495236e-01
6.639396586833640868e+01 -1.375484705908307959e+01 3.078111038956651280e-01
6.640868703329655887e+01 -1.370268147494462774e+01 3.061283799314018506e-01
6.641073329141488557e+01 -1.367621368260427950e+01 3.056254685078967359e-01
6.639924700788803591e+01 -1.362177775955967007e+01 3.051383843042682065e-01
6.640404011713843602e+01 -1.356812785986627468e+01 3.041377676230909710e-01
6.639467153625375317e+01 -1.351441251776333097e+01 3.037273360410260858e-01
6.639095300254935239e+01 -1.346071521113748837e+01 3.034805335814547700e-01
6.638867647194683741e+01 -1.340704237436445290e+01 3.022753744703312595e-01
6.638993181967107660e+01 -1.335409767530980041e+01 3.011877982911400631e-01
6.639479904843894076e+01 -1.332763886516279683e+01 3.007668806817758167e-01
6.638471283004238899e+01 -1.327320297034252405e+01 3.003206343643924914e-01
6.638172424257734860e+01 -1.322024368389574001e+01 2.991102765196524960e-01
6.638509302861587003e+01 -1.316658951760569707e+01 2.980688604483617832e-01
6.638421854821353918e+01 -1.311292144298961482e+01 2.969046964682082734e-01
6.637342097346585490e+01 -1.305919573246019105e+01 2.964532012118943349e-01
6.638600283499540922e+01 -1.300631074450652669e+01 2.946939349912056638e-01
6.661605576509401772e+01 -1.293099116537984372e+01 2.787315802782761587e-01
6.646140132889604502e+01 -1.287434606526116809e+01 2.870688790930967516e-01
6.637511944475264158e+01 -1.271287673132068363e+01 2.891546670008308118e-01
6.638477382750224365e+01 -1.263279005639883934e+01 2.867342800031791317e-01
6.635764642370074284e+01 -1.257967776614675692e+01 2.878256219679103944e-01
6.655307109852239478e+01 -1.252496047816756075e+01 2.743022041635639896e-01
6.633816237731761589e+01 -1.247296694351507895e+01 2.859998930960999663e-01
6.635355775118861743e+01 -1.242009424246477600e+01 2.843230689266932343e-01
6.657805461806140102e+01 -1.236341494320647705e+01 2.685966290527048717e-01
6.635379028517584743e+01 -1.228628708043559037e+01 2.814924972312463636e-01
6.637842697522822277e+01 -1.223277652945063565e+01 2.780680694561848965e-01
6.639452290687511038e+01 -1.217919355598907671e+01 2.763966545470153413e-01
6.644607780660270180e+01 -1.212440063812835334e+01 2.717220475765099730e-01
6.650189945132234470e+01 -1.206821792456270614e+01 2.661409623478292463e-01
6.662502800311645501e+01 -1.201025704985887721e+01 2.574643058174447274e-01
6.696659804215937584e+01 -1.197076388408234671e+01 2.344799526931637956e-01
6.646256322865137633e+01 -1.526656101190641657e+01 2.138316579447202548e-01
6.645722602227991160e+01 -1.510123817070408414e+01 2.131648978622922019e-01
6.645709237251786305e+01 -1.504684816552037852e+01 2.130054988740492927e-01
6.645181963294214711e+01 -1.491015496969856358e+01 2.119488458459963809e-01
6.666903731896893248e+01 -1.482888901309186025e+01 1.964855103904620259e-01
6.658590193441517613e+01 -1.470900896750391951e+01 2.005413113292154881e-01
6.652270978332055051e+01 -1.464644893704853956e+01 2.043904633576804075e-01
6.646307757905675828e+01 -1.458606263540260528e+01 2.073878999071581131e-01
6.645521662549219855e+01 -1.455811809988471417e+01 2.075676240858648214e-01
6.645153222090900158e+01 -1.450299846190490349e+01 2.072905373434302811e-01
6.644855266307976649e+01 -1.444859590545661376e+01 2.070491772678253461e-01
6.644984103309055001e+01 -1.439565618743062281e+01 2.059615952406128603e-01
6.644473704294750860e+01 -1.434053029698105419e+01 2.056436863357963274e-01
6.644811105214336067e+01 -1.428686015104203122e+01 2.056015865488091121e-01
6.644232754886874659e+01 -1.423246679072335041e+01 2.042788957409741313e-01
6.644081881076994023e+01 -1.420525465344964644e+01 2.046579598146639478e-01
6.643500412591137660e+01 -1.415084097722424161e+01 2.043347445825320907e-01
6.642918541086193329e+01 -1.409642592583664999e+01 2.040112636525466261e-01
6.642266205870836870e+01 -1.404272380429936362e+01 2.036827873884908824e-01
6.642252119360632889e+01 -1.398834639569923866e+01 2.025238237261489660e-01
6.642235409753399722e+01 -1.393537805506848315e+01 2.023945956577175576e-01
6.642228198078687740e+01 -1.390818900022032345e+01 2.018151169883668494e-01
6.641221595868107386e+01 -1.385375865784434701e+01 2.013689798488771387e-01
6.641701713873783319e+01 -1.380011151597548391e+01 2.003685371661949599e-01
6.640624311808544178e+01 -1.374639340735371995e+01 1.999171727514674757e-01
6.641103959572805593e+01 -1.369274420875652076e+01 1.989165497466496291e-01
6.640591428128425378e+01 -1.363904277497961459e+01 1.986288660734477629e-01
6.639874472902988600e+01 -1.361180982487422853e+01 1.988440479740714029e-01
6.640141764911901134e+01 -1.355886933609094314e+01 1.977974309520126317e-01
6.641613050549787545e+01 -1.350527367448035854e+01 1.960840958959696456e-01
6.639612991461027036e+01 -1.345078627987175679e+01 1.963506628998693548e-01
6.640165497634524172e+01 -1.339787643755570379e+01 1.943865921035816680e-01
6.638589091511408924e+01 -1.334340154908074538e+01 1.947759196636255075e-01
6.638997061594261595e+01 -1.329046518744852179e+01 1.937701838551971756e-01
6.638635671459122989e+01 -1.326397860720970101e+01 1.931035711350497230e-01
6.639326075446152231e+01 -1.321105192886701829e+01 1.921798228171216483e-01
6.637893060087569097e+01 -1.315660144665461573e+01 1.916107948341893019e-01
6.638370954315863059e+01 -1.310295075774461182e+01 1.906103447979594634e-01
6.638213043260191171e+01 -1.304999561797893826e+01 1.894409472189274579e-01
6.637913443960404436e+01 -1.299703425027366421e+01 1.882305682647826828e-01
6.634562973491392768e+01 -1.294316727726274685e+01 1.901217052667916185e-01
6.665173306620336291e+01 -1.292053910781473824e+01 1.684697296684952716e-01
6.635246450916098127e+01 -1.286307028404546848e+01 1.876192168613002309e-01
6.635281775000909477e+01 -1.275645257090622486e+01 1.853675215217279737e-01
6.635264069676536280e+01 -1.270350084243028732e+01 1.842392102187367930e-01
6.633614305547177992e+01 -1.264973124533792692e+01 1.846231343665649671e-01
6.636290960888858592e+01 -1.259694002731295726e+01 1.812750912980618523e-01
6.635713269505633605e+01 -1.256970772090775057e+01 1.815311459501925961e-01
6.635624494709706767e+01 -1.251746820665597681e+01 1.803975283198862023e-01
6.642058257652487896e+01 -1.246275486799704524e+01 1.740924769296462449e-01
6.647002141571982747e+01 -1.240866331513882947e+01 1.693711054779502012e-01
6.631318510719995629e+01 -1.235839008097643621e+01 1.787814384913943844e-01
6.637749287136527698e+01 -1.230366048127730672e+01 1.734759861648963453e-01
6.633326247136881193e+01 -1.222469817350874877e+01 1.745258472194419763e-01
6.635291787098485372e+01 -1.217043293119406222e+01 1.719422911869996629e-01
6.638249903646499206e+01 -1.211622803855704511e+01 1.686463205898660611e-01
6.645248904474119911e+01 -1.206011890392900732e+01 1.624755349486709521e-01
6.681881367722134257e+01 -1.199289735569029069e+01 1.356162783065011368e-01
6.646798109264992149e+01 -1.507697900705560556e+01 1.078924245839520957e-01
6.651037161514162221e+01 -1.502852696603078186e+01 1.040847455246187714e-01
6.658379102930564386e+01 -1.492869694265192848e+01 9.808047673357900287e-02
6.644318297911615900e+01 -1.477346123816943546e+01 1.067285215983018176e-01
6.788852274016568344e+01 -1.489789764002370909e+01 4.086776230383115660e-05
6.795076897211251321e+01 -1.484671774838859548e+01 -5.251654666824201456e-03
6.653473422601220477e+01 -1.378140181055027469e+01 8.829935991723436572e-02
6.652184114057064335e+01 -1.372696445708893442e+01 8.777145047464185446e-02
6.652663961750872090e+01 -1.367331729068991564e+01 8.677116700469045263e-02
6.650167117087784163e+01 -1.361808340510508586e+01 8.787857327357584403e-02
6.651426921984565865e+01 -1.356519854183187590e+01 8.611942396813976330e-02
6.649929334818943971e+01 -1.353720323477545406e+01 8.709351233886297727e-02
6.648921654157092576e+01 -1.348277145841195690e+01 8.664738840094243777e-02
6.648337828144173045e+01 -1.342835287701322500e+01 8.632409830189091693e-02
6.647541849812932924e+01 -1.337464235089246500e+01 8.595462121618147044e-02
6.646889936272155808e+01 -1.332095763572670499e+01 8.462665680781022992e-02
6.646800381649956080e+01 -1.326727000012532720e+01 8.446192144510455968e-02
6.645579943272436196e+01 -1.321354421004639157e+01 8.396950980475592630e-02
6.644861977529333785e+01 -1.318630915665241332e+01 8.418471067630162175e-02
6.644774799105994134e+01 -1.313264110156637976e+01 8.302062574822555163e-02
6.643268203268551986e+01 -1.307888324329776886e+01 8.344560147730950561e-02
6.642756631673773882e+01 -1.302520060331965546e+01 8.215861575128036165e-02
6.641815039859383774e+01 -1.297146077552803689e+01 8.274745886766599057e-02
6.662001764349290056e+01 -1.292180394862246295e+01 6.651500514543484677e-02
6.653842138716285604e+01 -1.289344654795706546e+01 7.156010936675905043e-02
6.637077678191123198e+01 -1.278373703464869138e+01 8.139805596295368595e-02
6.636135211015003676e+01 -1.272999511583355847e+01 8.198683844389575981e-02
6.637890378784254608e+01 -1.267786404702301972e+01 7.938706531001704647e-02
6.637023800352245928e+01 -1.262344975408051262e+01 7.798248874421997989e-02
6.637147041659939362e+01 -1.257050352065285281e+01 7.689516569427001791e-02
6.631748569680166838e+01 -1.254442056901467595e+01 8.078531318410830941e-02
6.651705230018760062e+01 -1.243540298211379813e+01 6.322822961277796416e-02
6.632260586721568529e+01 -1.238417213039052100e+01 7.653433351782990002e-02
6.632524437822107188e+01 -1.233123069091494273e+01 7.548800504456232296e-02
6.637380887095636695e+01 -1.222349112475116861e+01 6.860351452696855645e-02
6.638010457284408972e+01 -1.219706071940795766e+01 6.722452462968564468e-02
6.641820001755989722e+01 -1.214290999006916039e+01 6.317519706449870043e-02
6.650238819824195957e+01 -1.208689743475471268e+01 5.541537101611826444e-02
6.661137418995116377e+01 -1.202888055622545771e+01 4.632896350853177303e-02
6.649271321827774273e+01 -1.550088875755855966e+01 -3.458269342614617159e-03
6.652660737161676252e+01 -1.545096278643526766e+01 -6.542579260130798602e-03
6.653287124368428351e+01 -1.539733032222041942e+01 -7.501839214828720515e-03
6.655896643037903004e+01 -1.534664946137308483e+01 -9.826752206294697700e-03
6.658435472536187660e+01 -1.529525352189733844e+01 -1.218717090784027235e-02
6.661965900682022834e+01 -1.524533371988831476e+01 -1.523022055082079440e-02
6.663517650247437984e+01 -1.521964374565736300e+01 -1.632874530459726969e-02
6.661945076027255652e+01 -1.516231601613710644e+01 -1.499986192532531959e-02
6.651234820949842685e+01 -1.509240088893741216e+01 -7.573079876892929718e-03
6.648740463661616218e+01 -1.503430731032094769e+01 -5.526057323812505473e-03
6.649294682691837011e+01 -1.497995426409369557e+01 -6.521250591945193520e-03
6.651903256659721819e+01 -1.492927332739103186e+01 -8.846082868469995475e-03
6.669046881713676100e+01 -1.492440502973550487e+01 -2.300791956670278360e-02
6.675622898245458714e+01 -1.487821084494261115e+01 -2.809343884741699604e-02
6.676106493573077216e+01 -1.482314474502015322e+01 -2.912395694920522082e-02
6.678502932093780942e+01 -1.477031924173331490e+01 -3.155531212532114438e-02
6.680475448031948815e+01 -1.471748121278278454e+01 -3.410950690965863785e-02
6.682303695031345114e+01 -1.466461937828041151e+01 -3.570511254698827130e-02
6.683637397863131469e+01 -1.461102926768480792e+01 -3.745893860086213500e-02
6.687031232110581414e+01 -1.458686682662924383e+01 -3.999366478866073216e-02
6.686592771229473442e+01 -1.453103890068197224e+01 -4.030591967431407241e-02
6.688988735637489924e+01 -1.447821538076818904e+01 -4.273713294575709476e-02
6.692591295334119650e+01 -1.442618427702117501e+01 -4.680390344054519147e-02
6.694136340227289850e+01 -1.437188739842456542e+01 -4.851163254425605587e-02
6.696958735048852418e+01 -1.431910003955634281e+01 -5.181923228480900256e-02
6.703039879338604123e+01 -1.426933368928192891e+01 -5.712286739521799106e-02
6.704661478779559047e+01 -1.424293679140994051e+01 -5.821561481226944501e-02
6.706279630038901018e+01 -1.418794927224259439e+01 -6.091720572332404160e-02
6.708886931942053877e+01 -1.413442301942909118e+01 -6.330176155298739005e-02
6.710431434441443344e+01 -1.408012879100655645e+01 -6.500923538897418474e-02
6.713465370195169157e+01 -1.402663804470267372e+01 -6.827037065716434761e-02
6.716640657353789834e+01 -1.397315282524219704e+01 -7.149051822660101863e-02
6.648476118559537440e+01 -1.284820797876512977e+01 -3.601814070540676482e-02
6.639312260810086741e+01 -1.279400806966431681e+01 -2.981010665052541420e-02
6.639061694934336799e+01 -1.268736100459978111e+01 -3.114427959392096490e-02
6.639381690442462514e+01 -1.258077658560179302e+01 -3.431305430759357122e-02
6.637651823697264319e+01 -1.250052932687370344e+01 -3.451374795719619470e-02
6.638343116787778797e+01 -1.244762480336511068e+01 -3.643650985782898033e-02
6.639670278165824868e+01 -1.239402944987967814e+01 -3.818996823216536107e-02
