6.686404097347312359e+01 -1.474333094461272609e+01 1.398217646542006642e+00
6.685910034662349233e+01 -1.469083067888330518e+01 1.396810527976433791e+00
6.689583022152112335e+01 -1.464048881773164013e+01 1.395720282349617536e+00
6.678354244506057569e+01 -1.457993867569222601e+01 1.394862950574554006e+00
6.676447039962165775e+01 -1.452695272745155108e+01 1.393015422146523186e+00
6.676798655085234202e+01 -1.450126394059364010e+01 1.392507462787972772e+00
6.675243034070122405e+01 -1.444765676244408503e+01 1.391752874246467986e+00
6.674888764382623663e+01 -1.439520000647582698e+01 1.390390172886258657e+00
6.675168008632141436e+01 -1.434367724421497670e+01 1.389242431518979748e+00
6.673965903296682711e+01 -1.429093017570132318e+01 1.387615591310223051e+00
6.673398039816788696e+01 -1.423765821458395031e+01 1.387169810687311156e+00
6.674809897380123402e+01 -1.418654433365058765e+01 1.385375691329715719e+00
6.672264091035046363e+01 -1.415912299713030542e+01 1.384947408930308876e+00
6.672825053306860354e+01 -1.410769484231436266e+01 1.383888322761008371e+00
6.673527072108208813e+01 -1.405631542178960736e+01 1.382873420382254803e+00
6.672747617154537636e+01 -1.400370894868080462e+01 1.381379315278636000e+00
6.672036629347937264e+01 -1.395184390161959342e+01 1.379923866846900271e+00
6.673093414762136888e+01 -1.389986995314114715e+01 1.379003074439663079e+00
6.670966096289683378e+01 -1.384749386536340943e+01 1.378106225657046657e+00
6.672240038826622310e+01 -1.382142820796939731e+01 1.376869874555215700e+00
6.674285434379459048e+01 -1.376979588116361342e+01 1.376258066141062164e+00
6.673149726511202573e+01 -1.371778333171221576e+01 1.374670872684806922e+00
6.675339232696660474e+01 -1.366622504571303054e+01 1.373104196061314397e+00
6.679579483123494299e+01 -1.361466038491292352e+01 1.372160658640561026e+00
6.684743201055755435e+01 -1.356272133748873188e+01 1.370488153939878329e+00
6.692947805939961370e+01 -1.353764626409141769e+01 1.370380912921721039e+00
6.703919134639008348e+01 -1.348490380522246390e+01 1.368452568501980382e+00
6.722747922975371182e+01 -1.337830912482977830e+01 1.365625461919026229e+00
6.674741925869361125e+01 -1.486286371613969592e+01 1.293460299615595721e+00
6.674744179871984784e+01 -1.480981315060609127e+01 1.292190324887557029e+00
6.671707903000360318e+01 -1.478151678625783738e+01 1.291591076199981813e+00
6.672484544121491012e+01 -1.472944415770807325e+01 1.290579984742153075e+00
6.670433483099104421e+01 -1.467638831828753609e+01 1.289687322913863454e+00
6.690845724133802719e+01 -1.463835418246373621e+01 1.286971252091147155e+00
6.669653575864271033e+01 -1.457216664670420059e+01 1.286955464240382652e+00
6.777970034181629444e+01 -1.408835234631059130e+01 1.267258471061925462e+00
6.770761839606885246e+01 -1.403134612783413004e+01 1.266708535165292915e+00
6.665966750816374997e+01 -1.355990311297107276e+01 1.264641597498480818e+00
6.665180241725181531e+01 -1.348219674572138160e+01 1.262548029745552691e+00
6.665738976904269464e+01 -1.343076700865820783e+01 1.261490549995219146e+00
6.665025773633026063e+01 -1.337889769327824219e+01 1.260036289229704787e+00
6.692926533570796721e+01 -1.332430505823896461e+01 1.256202830327620701e+00
6.678895842991778409e+01 -1.327341450215932461e+01 1.256730539374166566e+00
6.701348937813138207e+01 -1.321761929296420668e+01 1.253215185186740577e+00
6.675070815655165291e+01 -1.500999756055460743e+01 1.199012027495865107e+00
6.673375997013573624e+01 -1.495635049211804635e+01 1.198212515415290502e+00
6.673588460660778310e+01 -1.490408766572842403e+01 1.197024906820231660e+00
6.671187137940087553e+01 -1.485019777795331564e+01 1.196005374841513147e+00
6.692089643012717204e+01 -1.481448632566411483e+01 1.192492361045130345e+00
6.783767482251398917e+01 -1.480573362554312666e+01 1.179099668853410332e+00
6.783707153595256045e+01 -1.475053920890974624e+01 1.177760012834749626e+00
6.667414245258815697e+01 -1.417132122436093056e+01 1.181614836293241266e+00
6.667482801477859766e+01 -1.414553458423862153e+01 1.181019164889211881e+00
6.755808461636911488e+01 -1.412869689919170213e+01 1.168420577989853992e+00
6.696115720348502975e+01 -1.400006455169457986e+01 1.174231693508805519e+00
6.697672517650453017e+01 -1.394757394587343846e+01 1.172449657584247351e+00
6.700924563600401029e+01 -1.389566783061090760e+01 1.171196757378642594e+00
6.785130632828258967e+01 -1.386245838184732193e+01 1.157957750816859477e+00
6.663644344731515901e+01 -1.331747805515409766e+01 1.162079801743072682e+00
6.664343930474261413e+01 -1.326609763850948198e+01 1.161066874316870390e+00
6.652010766389463470e+01 -1.321580848829714228e+01 1.161124108848171188e+00
6.667379676821499856e+01 -1.316180428310030948e+01 1.157500768375936850e+00
6.669415593364657013e+01 -1.508973394697332182e+01 1.107136441627410317e+00
6.666590906872514211e+01 -1.506077208604663831e+01 1.107585874778208801e+00
6.668073416575010981e+01 -1.501039513676070136e+01 1.105828140033753515e+00
6.665459500273939852e+01 -1.495569382409347448e+01 1.105724911685108669e+00
6.684029265946172416e+01 -1.491989536381905346e+01 1.101500853263680746e+00
6.722525475171897824e+01 -1.484522565202154887e+01 1.092391178100593052e+00
6.774520061685478822e+01 -1.485849175880755624e+01 1.081482137068780380e+00
6.787458986700602281e+01 -1.481215192015128679e+01 1.078298460012875770e+00
6.656369184835929786e+01 -1.417381512468789673e+01 1.090253349537966709e+00
6.659758102675860414e+01 -1.412337432465622200e+01 1.089076070367974047e+00
6.692720614064302254e+01 -1.405692712572492198e+01 1.080489041440974463e+00
6.690663942622094851e+01 -1.400384224447942039e+01 1.080597004883678602e+00
6.692148091181198311e+01 -1.395204228430287330e+01 1.078809344770187639e+00
6.691086030899936077e+01 -1.389934285875155062e+01 1.077227605092725193e+00
6.717342524448876873e+01 -1.385204835657533984e+01 1.071065038802050839e+00
6.655317843143714640e+01 -1.317102794618004680e+01 1.066991072465293788e+00
6.654247210542615676e+01 -1.314625408691161823e+01 1.067075827109167596e+00
6.675224610773508971e+01 -1.308928028652926479e+01 1.061083073489633266e+00
6.686181178691958849e+01 -1.529008947302766153e+01 1.002946379118069498e+00
6.672984982491493611e+01 -1.522308798120651119e+01 1.005338041678341954e+00
6.668327691859494166e+01 -1.516552867510732661e+01 1.005545774410373072e+00
6.665999823755873877e+01 -1.511094982200047632e+01 1.004531199294202315e+00
6.665080002766123357e+01 -1.505828026306075529e+01 1.003990180516152853e+00
6.664303521300388411e+01 -1.503075133392388274e+01 1.004095360656649394e+00
6.663951078766717728e+01 -1.497829464924270937e+01 1.002731252072673884e+00
6.650812131362458501e+01 -1.491486927808809249e+01 1.005226801374746071e+00
6.783698445267401667e+01 -1.481189390701595876e+01 9.680684843932626515e-01
6.659521955996615361e+01 -1.419946096432345151e+01 9.877466049876642007e-01
6.655270623471054137e+01 -1.414631051273148721e+01 9.881865263349633999e-01
6.655975254883099979e+01 -1.409494881539951905e+01 9.861719268329148802e-01
6.687525475189170265e+01 -1.405454572641634492e+01 9.777784295197384790e-01
6.684624231607998013e+01 -1.402771729351169583e+01 9.772565682846761081e-01
6.687734838349257416e+01 -1.397575690246223701e+01 9.759591149142173849e-01
6.693039400234816583e+01 -1.392531558592915708e+01 9.733631834580367403e-01
6.653991813657998478e+01 -1.306745213520283322e+01 9.620429346786857350e-01
6.653559658606526739e+01 -1.301567580935712165e+01 9.606775922287600356e-01
6.680356835785806879e+01 -1.295653742095093186e+01 9.523990725012738690e-01
6.678748363310896252e+01 -1.523425328598230699e+01 9.162880437269240730e-01
6.671124012519049984e+01 -1.517421363956090197e+01 9.175367303443348055e-01
6.667031105235659538e+01 -1.511684394446004731e+01 9.179206414598173325e-01
6.664065222060871463e+01 -1.508783464344469216e+01 9.183259385889102067e-01
6.662721480704882993e+01 -1.503502060260677453e+01 9.176528359555509162e-01
6.662369038171212310e+01 -1.498256391792560116e+01 9.162887273715751846e-01
6.661165964851559806e+01 -1.492979441291888953e+01 9.156596485308293731e-01
6.661019931710302444e+01 -1.487810052952187156e+01 9.153776033571515702e-01
6.661159147253458457e+01 -1.482652608662155025e+01 9.141844906871271492e-01
6.659604337835423848e+01 -1.477291924503493092e+01 9.134290552226698168e-01
6.659742452922461098e+01 -1.474787177768981117e+01 9.128711575894996599e-01
6.659530002717366415e+01 -1.469545935325078823e+01 9.115515750719263011e-01
6.658184532898366115e+01 -1.464263787527495531e+01 9.108789577950765493e-01
6.659662706976430968e+01 -1.459223441976593172e+01 9.101213152732756662e-01
6.657610593107600039e+01 -1.453917141808237723e+01 9.092286663075124231e-01
6.658313510477564989e+01 -1.448778765362708931e+01 9.082124436711010995e-01
6.658241221399848087e+01 -1.446195034576552985e+01 9.075721892454009510e-01
6.657104615988717455e+01 -1.440991471557643600e+01 9.069826141535135555e-01
6.657310898436837476e+01 -1.435907640679240593e+01 9.058290042376022644e-01
6.657589425151533646e+01 -1.430754729443756545e+01 9.046810101649194191e-01
6.655746051338148561e+01 -1.425526739278119237e+01 9.038713590603422166e-01
6.654749838012114083e+01 -1.420327753236609070e+01 9.033261703992676583e-01
6.655169226189025267e+01 -1.415179504864504700e+01 9.022225481364155586e-01
6.655805630241269455e+01 -1.412622214164109025e+01 9.008037723054778123e-01
6.654950138406717031e+01 -1.407428020549061465e+01 9.003029436634641947e-01
6.654448906941840391e+01 -1.402319799889397345e+01 8.989296945536560113e-01
6.655573987691963112e+01 -1.397195799866269716e+01 8.980469093320943008e-01
6.653656554998171657e+01 -1.392036615036008484e+01 8.972323330572535838e-01
6.655208269639101104e+01 -1.386929647369407803e+01 8.954828759565851559e-01
6.656901175513399949e+01 -1.381827558300912351e+01 8.937776451347729800e-01
6.663907950602478536e+01 -1.379353527701120186e+01 8.913124155600755660e-01
6.662272560070476857e+01 -1.374204153796482153e+01 8.905864987690004231e-01
6.653697433802965122e+01 -1.368949209706469539e+01 8.917301071547567570e-01
6.675615201880836480e+01 -1.330233437949436137e+01 8.751394143481519006e-01
6.792228845928310932e+01 -1.323193443600318986e+01 8.368376723541592899e-01
6.791953383335483352e+01 -1.317594825115831014e+01 8.354191158998796052e-01
6.785646017823017928e+01 -1.314930201717343472e+01 8.368705014616503179e-01
6.641982861229371338e+01 -1.312739912837214895e+01 8.817650707238922081e-01
6.652239675742777081e+01 -1.297123253497454343e+01 8.741540165564642972e-01
6.651448823751009343e+01 -1.292002439521305135e+01 8.736943966851312693e-01
6.652432701069891152e+01 -1.286876572331124535e+01 8.717713569317211419e-01
6.653139979983917840e+01 -1.284250548638071976e+01 8.703600082995412990e-01
6.677187952397613913e+01 -1.278027851042020657e+01 8.611733789804805195e-01
6.663409912488060627e+01 -1.273510198343031874e+01 8.649179815160537022e-01
6.709821119794749222e+01 -1.266025463831937437e+01 8.482156755953946803e-01
6.673456021466549259e+01 -1.530594028095783621e+01 8.053166019991933045e-01
6.655527397431993109e+01 -1.523366545947138029e+01 8.101474332901946740e-01
6.654039945108709730e+01 -1.518077888664454989e+01 8.104290890103902356e-01
6.652486475842873404e+01 -1.512717528516417786e+01 8.096729486318786639e-01
6.651215200520024950e+01 -1.507366581266600392e+01 8.090050012155454162e-01
6.651636179990913433e+01 -1.504871409721282305e+01 8.085348249683039779e-01
6.650713671954936501e+01 -1.494441361911859900e+01 8.067558860403742926e-01
6.650143729710762841e+01 -1.489257256489524650e+01 8.063414573778637795e-01
6.650492690423513409e+01 -1.484178365210179074e+01 8.052308138834842755e-01
6.649429950466911521e+01 -1.478905787575634356e+01 8.046458159446432390e-01
6.649850966375345251e+01 -1.473757471212724113e+01 8.035407073767915076e-01
6.650412537536014668e+01 -1.471266951907150933e+01 8.031149370819850031e-01
6.648711965427774828e+01 -1.466044175402371685e+01 8.023485945207717851e-01
6.648282144949115491e+01 -1.460864635905307019e+01 8.019787651105116932e-01
6.649339199795387856e+01 -1.455811958781854543e+01 8.000896012056400997e-01
6.648840371986453590e+01 -1.450558254932851554e+01 7.996813918673444377e-01
6.647913711714367935e+01 -1.445433320472636396e+01 7.991741863535020141e-01
6.648405383729543416e+01 -1.440361304794975617e+01 7.971092229339579172e-01
6.648047176803224545e+01 -1.437765468667992863e+01 7.973800906635759578e-01
6.647336828053025215e+01 -1.432578249266798665e+01 7.959233840611246169e-01
6.648531203530367861e+01 -1.427528021451347584e+01 7.950782569362646601e-01
6.647111215805250595e+01 -1.422314323496190624e+01 7.944007272746664849e-01
6.647457890338465347e+01 -1.417235069595186658e+01 7.932915037895681420e-01
6.648089813556094896e+01 -1.412167759743852535e+01 7.912712128081231810e-01
6.647585458093955424e+01 -1.407057073285604254e+01 7.908969800230105651e-01
6.645886569254230380e+01 -1.404343259830799795e+01 7.907328918229863390e-01
6.647999624827640730e+01 -1.399398708110297207e+01 7.891923678501269190e-01
6.645871999749013526e+01 -1.394160346312078502e+01 7.882948568727992100e-01
6.646358990203150086e+01 -1.389085868187929051e+01 7.872303424187240273e-01
6.647272685080606891e+01 -1.384028358067258679e+01 7.852989833020933563e-01
6.646133410993168411e+01 -1.378823878419948201e+01 7.847103992855694043e-01
6.645987192289601353e+01 -1.376309092727392702e+01 7.840653524350652548e-01
6.646614963322031144e+01 -1.371239611426640614e+01 7.830453844097367000e-01
6.644837398786773974e+01 -1.366084577987469828e+01 7.822752303179107969e-01
6.645182176363178428e+01 -1.361005381882129939e+01 7.811673486015828782e-01
6.646377777969061640e+01 -1.355957676946772139e+01 7.793248447188533268e-01
6.645164908929056935e+01 -1.350822223110056264e+01 7.787314111682341888e-01
6.645157756069291111e+01 -1.345659083352311036e+01 7.774971226090334753e-01
6.646075861431232568e+01 -1.343111656878458504e+01 7.761673918667477690e-01
6.645640816656741379e+01 -1.338077081826904191e+01 7.748340398415367591e-01
6.646198628882278570e+01 -1.332933532152418010e+01 7.737764972405498654e-01
6.647607383858058938e+01 -1.327821882870276760e+01 7.719845266136993178e-01
6.646534766020506879e+01 -1.322691134859887541e+01 7.714357655011790937e-01
6.645957789221655787e+01 -1.317651583415132777e+01 7.700587719971989653e-01
6.647089388623203376e+01 -1.315040159150745858e+01 7.687792484655169289e-01
6.645943845909184233e+01 -1.309978598956263696e+01 7.682252853618742883e-01
6.647424503569919807e+01 -1.304797922046636849e+01 7.664395544215831801e-01
6.648125944419771827e+01 -1.299661958388411165e+01 7.644279045628465941e-01
6.646979731812035652e+01 -1.294600236331447540e+01 7.638742343566200521e-01
6.646757105430492629e+01 -1.289501484834438649e+01 7.625917910110022735e-01
6.647316679339216705e+01 -1.284360615019202534e+01 7.605364171471983292e-01
6.646600478768876030e+01 -1.281823695651412187e+01 7.607153090920741878e-01
6.647373757585214094e+01 -1.276618634415173226e+01 7.587098623269725728e-01
6.647860471335940247e+01 -1.271547022366371849e+01 7.566493230649703472e-01
6.647354451377087514e+01 -1.266438404825928998e+01 7.552792247831648931e-01
6.647627636418650354e+01 -1.261285342498406159e+01 7.541355237321618610e-01
6.648683075935160502e+01 -1.256090501267322246e+01 7.522189901509750420e-01
6.648814658905898511e+01 -1.250932678424155320e+01 7.510314425306172659e-01
6.640432441238408501e+01 -1.248834032953280371e+01 7.529889532964506582e-01
6.654624874175590321e+01 -1.242902846865500521e+01 7.458824022424133116e-01
6.654046164990293732e+01 -1.237717980123837336e+01 7.454739345696507202e-01
6.655815039263310950e+01 -1.232407539221089010e+01 7.427467459238347169e-01
6.660422387853040505e+01 -1.226912873490363154e+01 7.398376824453292144e-01
6.675382860794576345e+01 -1.536724601833224391e+01 7.243098824818819947e-01
6.658860011932898715e+01 -1.529686223338261897e+01 7.306136411890242766e-01
6.655610710057489143e+01 -1.524121018319445930e+01 7.312945056110458086e-01
6.655892273911742052e+01 -1.518968297750915042e+01 7.301445644531385781e-01
6.654407546741114743e+01 -1.513681956027787479e+01 7.294270456861720042e-01
6.653277598267378323e+01 -1.508335893259216931e+01 7.288030692389482201e-01
6.653482842928320906e+01 -1.503249883655880303e+01 7.286471552360520576e-01
6.652778039213694683e+01 -1.500573130810527900e+01 7.277916215082531615e-01
6.650938251795591327e+01 -1.495200513939986742e+01 7.279469215994824882e-01
6.653548886245192762e+01 -1.490346161007253833e+01 7.255752982721721533e-01
6.651143986133189401e+01 -1.484954216491801837e+01 7.255546455869027467e-01
6.651138491591329682e+01 -1.479789141834164923e+01 7.253165510199900412e-01
6.651913762967306809e+01 -1.474726933444369514e+01 7.233389335626607686e-01
6.652049189703998877e+01 -1.469566726618371533e+01 7.231451589768198573e-01
6.650988538371773018e+01 -1.466949382574121330e+01 7.221962772238391670e-01
6.651123700238163394e+01 -1.461789030106756826e+01 7.220026252022856417e-01
6.649422658388040475e+01 -1.456566167430334957e+01 7.212364163812770013e-01
6.649911605980089746e+01 -1.451491836764442667e+01 7.201703892104502902e-01
6.650190548981521488e+01 -1.446338672857259411e+01 7.190219251711155168e-01
6.649477534530240064e+01 -1.441149342579106474e+01 7.185644603462897351e-01
6.649191064988983157e+01 -1.438629851345886657e+01 7.178746219384642968e-01
6.649045822753875257e+01 -1.433462093607517218e+01 7.165941966081070813e-01
6.649182769194860043e+01 -1.428303883499436822e+01 7.154019949374677001e-01
6.648961542257345059e+01 -1.423202917300424808e+01 7.151155992124413885e-01
6.649593794881363351e+01 -1.418135822898153720e+01 7.130952818192444198e-01
6.648948453057437291e+01 -1.413020198372076663e+01 7.126768115793582492e-01
6.647527730720135253e+01 -1.407806268603910382e+01 7.119995382222519265e-01
6.647381982487979712e+01 -1.405291569654321826e+01 7.113541193930984496e-01
6.647094267771734621e+01 -1.400118813561326547e+01 7.100304186672363738e-01
6.647013292219054392e+01 -1.395022553331472182e+01 7.097886358206979551e-01
6.647858380252283439e+01 -1.389891030383371628e+01 7.078185189019976509e-01
6.646929444699217981e+01 -1.384765464123021950e+01 7.073125528831352149e-01
6.646992185563111377e+01 -1.379676322502820973e+01 7.061159214258913019e-01
6.647269946130208496e+01 -1.377176189254188898e+01 7.056032043999937997e-01
6.647549317206201636e+01 -1.372025247463379038e+01 7.034571663970788924e-01
6.646760968076020504e+01 -1.366904468174843146e+01 7.029956370281906786e-01
6.647105750919321565e+01 -1.361825137337434377e+01 7.018877246143233606e-01
6.646461312908267871e+01 -1.356711686938628425e+01 7.004712777346687735e-01
6.645531096836960216e+01 -1.351586001493082279e+01 6.999660243607133125e-01
6.647081594948589611e+01 -1.346478984020488667e+01 6.982175547363203005e-01
6.645377260251493112e+01 -1.343907854710576721e+01 6.980869706725072454e-01
6.645297387751605811e+01 -1.338813843584676988e+01 6.968473498270445488e-01
6.645076053698770124e+01 -1.333714942808543746e+01 6.955637155241632952e-01
6.645778181884466562e+01 -1.328578738102071277e+01 6.935511446388922252e-01
6.644419204035268933e+01 -1.323581379952227088e+01 6.929472202939427339e-01
6.644128527796490857e+01 -1.318408233964330378e+01 6.916253227319283381e-01
6.646174691728836592e+01 -1.313247169670712644e+01 6.900157334281418198e-01
6.642477394277996439e+01 -1.310888679555302438e+01 6.913323589513296064e-01
6.645308753243317312e+01 -1.305687822983817092e+01 6.879506900592015084e-01
6.644093933426589160e+01 -1.300552087813761304e+01 6.873583811701274859e-01
6.644722455761163360e+01 -1.295485178096359746e+01 6.853411412650621815e-01
6.646061445903075082e+01 -1.290299670149236988e+01 6.835117654009368326e-01
6.643849845028873347e+01 -1.285270141468667404e+01 6.836431213623469505e-01
6.643768139925880689e+01 -1.280176257803297268e+01 6.824049979978010771e-01
6.643837275271157239e+01 -1.277599417308712226e+01 6.808115243470491684e-01
6.644038146972690129e+01 -1.272515500833966939e+01 6.796619037593771839e-01
6.642749532416328861e+01 -1.267448716069329429e+01 6.790647853741971218e-01
6.643591142855181886e+01 -1.262317791626123409e+01 6.770982208109201927e-01
6.644505266603516702e+01 -1.257117796878147331e+01 6.751374761867118268e-01
6.645346601091131333e+01 -1.251986995829220106e+01 6.731712742616343670e-01
6.646615879854323339e+01 -1.246727968060457670e+01 6.713048293866814564e-01
6.649805532590013968e+01 -1.243976714377673609e+01 6.696178425889499630e-01
6.648591610772115246e+01 -1.238843287638465007e+01 6.680277664364800971e-01
6.671884959899699652e+01 -1.232102388145538541e+01 6.564890724949727918e-01
6.653749605230424891e+01 -1.223047686159136482e+01 6.608346347775017060e-01
6.681527975321841950e+01 -1.213035317485729436e+01 6.458785435393350483e-01
6.694816533263117719e+01 -1.206574160405359386e+01 6.383728287507322019e-01
6.656432372587249802e+01 -1.534788062666202713e+01 6.260213645402172844e-01
6.653534341970468802e+01 -1.529306370116003500e+01 6.268288077478377796e-01
6.646545720719126393e+01 -1.443790569651277345e+01 6.152287811908332404e-01
6.643808801567888622e+01 -1.405326363139979584e+01 6.082007736521244379e-01
6.644086768283241895e+01 -1.402826171421441259e+01 6.076876285330313765e-01
6.642791609104794759e+01 -1.387433624881348315e+01 6.046167389636875056e-01
6.642351854880550377e+01 -1.377235740077065529e+01 6.020471215912572838e-01
6.642555587190743438e+01 -1.372151401649792923e+01 6.008947564508587691e-01
6.641558354657274776e+01 -1.369604779489447743e+01 6.009844890885001067e-01
6.641620490345920302e+01 -1.364515545957293341e+01 5.997881871215964278e-01
6.641186126728466377e+01 -1.359480863875406165e+01 5.984542425654461040e-01
6.640538369835213928e+01 -1.354364737255108153e+01 5.980369404701593172e-01
6.640741361719177860e+01 -1.349280301318402486e+01 5.968850410106255611e-01
6.641088598666024723e+01 -1.344203274417096772e+01 5.947784051694786633e-01
6.641646486873352728e+01 -1.339059525800324479e+01 5.937205995278925785e-01
6.641216880224136787e+01 -1.336534739617928302e+01 5.929877479244389793e-01
6.639861685764442711e+01 -1.331394024559745226e+01 5.923504244754338455e-01
6.639423046156512953e+01 -1.326356896680977471e+01 5.920165798727899942e-01
6.640266106701699300e+01 -1.321225290770498795e+01 5.900480888946786351e-01
6.639547474194493759e+01 -1.316180639823927301e+01 5.886269721545073219e-01
6.640814297145912803e+01 -1.311064014148585599e+01 5.867913600488877668e-01
6.640167913625032270e+01 -1.305950147684370499e+01 5.853760071332390069e-01
6.639876097895916018e+01 -1.303427897410111669e+01 5.856868798907591822e-01
6.639722290138517735e+01 -1.298402965824219635e+01 5.844426164372541477e-01
6.638934039858892788e+01 -1.293284193345825273e+01 5.829834799569268977e-01
6.640483033861893603e+01 -1.288177518068669336e+01 5.812367791997544719e-01
6.638629395680567313e+01 -1.283090939252330998e+01 5.804625497678415069e-01
6.638192329232077782e+01 -1.278056146934822657e+01 5.791306143068466472e-01
6.638399590900267810e+01 -1.275481923636693260e+01 5.785805696693326894e-01
6.637748278905004895e+01 -1.270511300635931207e+01 5.771991327525106685e-01
6.638448438871849078e+01 -1.265375217506846717e+01 5.751883146579032102e-01
6.637300816126551695e+01 -1.260313236220799915e+01 5.746353434703462826e-01
6.638356001853698274e+01 -1.255117980312704340e+01 5.727186923795346551e-01
6.637635206789850884e+01 -1.250073240949106079e+01 5.712992782108656797e-01
6.637552285704704502e+01 -1.244979307906236166e+01 5.700619636437618265e-01
6.638258953629441805e+01 -1.242353326604806085e+01 5.686511538782951236e-01
6.639099812196363359e+01 -1.237222573402149983e+01 5.666854141890173002e-01
6.640295971927682217e+01 -1.232032523597711027e+01 5.648136575441695673e-01
6.642630005988554842e+01 -1.226741883058298477e+01 5.622631459565061718e-01
6.644822519044907949e+01 -1.221446148186055325e+01 5.596685536209607958e-01
6.641969954144448707e+01 -1.216465284102955735e+01 5.596192421607492085e-01
6.654473453949147199e+01 -1.210335945334473884e+01 5.509530926315709953e-01
6.670537274467723421e+01 -1.206416692508920008e+01 5.418925725910160862e-01
6.684180540905826717e+01 -1.200042133055359628e+01 5.335146050634046455e-01
6.658037103417004232e+01 -1.541150324463147925e+01 5.329636665352328606e-01
6.654644213650047391e+01 -1.535578140021579152e+01 5.345997505518639281e-01
6.673856259925439360e+01 -1.519411976032339950e+01 5.215466982355501102e-01
6.676967058864710225e+01 -1.514505559980673866e+01 5.183130968510815118e-01
6.656754997838150700e+01 -1.507328974019097956e+01 5.284675673142207319e-01
6.651803181379662533e+01 -1.493885495324212087e+01 5.287456562843432240e-01
6.652007890668342327e+01 -1.488799328884549666e+01 5.285901372267831633e-01
6.672509347251526890e+01 -1.485377142055739874e+01 5.159841236238593698e-01
6.674487556199940741e+01 -1.480284593342017629e+01 5.143644894186631955e-01
6.643262286392213412e+01 -1.388445381926336175e+01 5.129327374338208401e-01
6.641971718307519268e+01 -1.378215736202271025e+01 5.110977999519357162e-01
6.641675957116052587e+01 -1.373183623613399540e+01 5.108067626136123529e-01
6.641240419220886793e+01 -1.365495612604350839e+01 5.088386638367544679e-01
6.642435891207449572e+01 -1.360447767625106152e+01 5.069961463277878888e-01
6.640440886595645509e+01 -1.355354502057145538e+01 5.071756798882791628e-01
6.641353500559546319e+01 -1.350296948013623854e+01 5.052450529381773414e-01
6.641346288248206520e+01 -1.345133603573281711e+01 5.040106970885133153e-01
6.642826926940968235e+01 -1.340098035746737892e+01 5.012576440597829031e-01
6.639840692486068008e+01 -1.337621309206191356e+01 5.027616868498155922e-01
6.640966611418681964e+01 -1.332499412645651837e+01 5.008811861936169896e-01
6.640248454467401018e+01 -1.327454713567146882e+01 4.994597263368683038e-01
6.641088379387240082e+01 -1.322320910465236032e+01 4.984906704361981022e-01
6.639377547448425787e+01 -1.317239410006362377e+01 4.977599570885545832e-01
6.640785632530489124e+01 -1.312127598861739841e+01 4.959682793591202454e-01
6.639284523599390297e+01 -1.307125189484843020e+01 4.953205153349459211e-01
6.639777839096691991e+01 -1.304563077696344031e+01 4.938589741131446109e-01
6.639769204654940893e+01 -1.299399742348408537e+01 4.926258551541180530e-01
6.639970563358103561e+01 -1.294315508991746988e+01 4.914755322567341267e-01
6.640316108037340825e+01 -1.289238480273550280e+01 4.893702865680513714e-01
6.637890402316625682e+01 -1.284272991917968554e+01 4.894519146259594944e-01
6.639087396810000996e+01 -1.279082438484103790e+01 4.875785033324737672e-01
6.636802612003073421e+01 -1.274121817674499013e+01 4.877045704906759482e-01
6.641418562617323573e+01 -1.271283173230162866e+01 4.834273370186203955e-01
6.656253480780409859e+01 -1.265451085522998298e+01 4.735365564456024412e-01
6.658374567254880105e+01 -1.260224330574800433e+01 4.709352026280868575e-01
6.670081443577421965e+01 -1.249114963932741773e+01 4.618408315834193756e-01
6.666665171036110848e+01 -1.244115166308714393e+01 4.616148394659674858e-01
6.638371896169357456e+01 -1.243421536958704010e+01 4.778719486199541899e-01
6.636443793719445239e+01 -1.238403746970964825e+01 4.770930834701289092e-01
6.637070681778922676e+01 -1.233337038976621081e+01 4.750777774848804480e-01
6.638624992726862217e+01 -1.228090283334403843e+01 4.723006950422438122e-01
6.639396633095502409e+01 -1.222885559410277878e+01 4.702968555368315373e-01
6.641871852575701496e+01 -1.217599931772546462e+01 4.677907796043971889e-01
6.644281189270033394e+01 -1.212242606009953860e+01 4.642471287403979741e-01
6.653733520409028301e+01 -1.208866681480571081e+01 4.583105599670177499e-01
6.664179103291647266e+01 -1.202732471269949244e+01 4.510198068501447555e-01
6.657411346529892171e+01 -1.543926640715958953e+01 4.373678049669463830e-01
6.655646141918755632e+01 -1.538485644096350669e+01 4.375279944762374695e-01
6.658254313334393260e+01 -1.528466541619340902e+01 4.349164793135517071e-01
6.672028865995490321e+01 -1.527380928366803126e+01 4.268305159589667053e-01
6.650535514452744223e+01 -1.494054296369764856e+01 4.343308351732162453e-01
6.653847960140264206e+01 -1.476245594370868375e+01 4.290695993278659248e-01
6.646162423074119374e+01 -1.432151291588662545e+01 4.251880474182034853e-01
6.645585724896733382e+01 -1.424456535358085318e+01 4.241732835405546131e-01
6.645062642382104912e+01 -1.403999378839829681e+01 4.201240251816367177e-01
6.643851453981625355e+01 -1.398864195427156432e+01 4.195296202312990275e-01
6.643555463992638010e+01 -1.391178792093664107e+01 4.186038922558749098e-01
6.643828414136349636e+01 -1.386168424102199204e+01 4.174897460508329994e-01
6.642688940444224954e+01 -1.380963869192543214e+01 4.169011425126870618e-01
6.643105941860174823e+01 -1.375960700670556847e+01 4.148320310280374512e-01
6.643382058590056261e+01 -1.370807152465951795e+01 4.136852339620257224e-01
6.642944904736714307e+01 -1.365770084588319122e+01 4.133505464193355516e-01
6.642588352583287303e+01 -1.363176250633902598e+01 4.126229104332416187e-01
6.641943725683721311e+01 -1.358062455651444012e+01 4.112063230772752265e-01
6.641932936678281862e+01 -1.353042410078027480e+01 4.100047595596378880e-01
6.641925794717073472e+01 -1.347879001141806299e+01 4.087702904861363340e-01
6.641487760102008053e+01 -1.342841965032160800e+01 4.084361759527636027e-01
6.640769943638055395e+01 -1.337797212367074096e+01 4.070144496103508258e-01
6.641685723823363219e+01 -1.332596477824750103e+01 4.050512909185015609e-01
6.641962609260397699e+01 -1.330096241897698306e+01 4.045389970851596129e-01
6.641099995466316841e+01 -1.325044326700107078e+01 4.040728515199811799e-01
6.641160779009915416e+01 -1.319955037478817772e+01 4.028777923390998161e-01
6.640015113037765104e+01 -1.314893203365365970e+01 4.023234275540137350e-01
6.640716435531616924e+01 -1.309756830770439429e+01 4.003114644355166840e-01
6.640704159677295593e+01 -1.304736724338901688e+01 3.991111012155927895e-01
6.639422870033992297e+01 -1.302179940397558511e+01 3.991130837592561376e-01
6.639414030538276279e+01 -1.297016664376515749e+01 3.978800355357581253e-01
6.640400590088457022e+01 -1.291892504438410683e+01 3.949574236736598243e-01
6.637616657898858818e+01 -1.286983921434217670e+01 3.959444023315114025e-01
6.666017482192258115e+01 -1.280724685975846633e+01 3.760625745211149118e-01
6.667570548839998423e+01 -1.275475809792940041e+01 3.742837352039107834e-01
6.643551387263117647e+01 -1.271429704465210975e+01 3.880387485940538506e-01
6.638221959991625454e+01 -1.269082600496564339e+01 3.898637131995762450e-01
6.638563693702519686e+01 -1.264003347313692061e+01 3.887582857429012773e-01
6.637984560343453211e+01 -1.258963573291165794e+01 3.873827258744392266e-01
6.637263835994500027e+01 -1.253918769717350479e+01 3.859630793627105705e-01
6.636753687289001391e+01 -1.248807443656017035e+01 3.855924069719193215e-01
6.641363023981445224e+01 -1.243459567130037335e+01 3.807167728912418392e-01
6.670215262386369659e+01 -1.236362772598535820e+01 3.607748247912750950e-01
6.637996444862504575e+01 -1.230859923249212251e+01 3.786983764389639795e-01
6.639119944405274509e+01 -1.225739206759215705e+01 3.768213547983176870e-01
6.640463781020713441e+01 -1.220413531704064525e+01 3.739619692273773444e-01
6.643224842550105791e+01 -1.215140208492277019e+01 3.705449746206126438e-01
6.644351767552923604e+01 -1.209876591591251405e+01 3.686354484906931850e-01
6.651954511175011930e+01 -1.204069334276350745e+01 3.615593421761920112e-01
6.662265462711458497e+01 -1.200585392310974875e+01 3.538567571184932925e-01
6.654500080070150148e+01 -1.537599234292623152e+01 3.358917387412769795e-01
6.674847697440823424e+01 -1.534745195139527496e+01 3.213718280642245961e-01
6.653577121068205713e+01 -1.527167501866793131e+01 3.351110921631960116e-01
6.657675000035516177e+01 -1.522439285917548268e+01 3.312189400929683725e-01
6.663736467649215456e+01 -1.481494210919635179e+01 3.212463537728021956e-01
6.662383174753200876e+01 -1.465884987198687384e+01 3.190992264570132741e-01
6.639521825925103826e+01 -1.326934895748518173e+01 3.039697199101238922e-01
6.638006802569367437e+01 -1.314258830252041399e+01 3.014874819283721585e-01
6.638268621223782873e+01 -1.304084957921451426e+01 2.991419168854861921e-01
6.637049765322480255e+01 -1.299092165839709168e+01 2.985825322331761011e-01
6.639390469224684921e+01 -1.296455666665750428e+01 2.956631934827631536e-01
6.640716308199831985e+01 -1.286249949465839038e+01 2.926339371508808185e-01
6.664577207716041585e+01 -1.280112030186685779e+01 2.744039031833214182e-01
6.636577826124768364e+01 -1.276202545442960989e+01 2.919855884674842361e-01
6.638760621752821578e+01 -1.265888137043793016e+01 2.871908378007168583e-01
6.636264981720940170e+01 -1.263499187704921489e+01 2.888660401017222323e-01
6.640984278615100322e+01 -1.242812019924395983e+01 2.793725266938328344e-01
6.633863598584680688e+01 -1.238245339167316494e+01 2.821271305744914581e-01
6.633146328546486359e+01 -1.235708107126692035e+01 2.823063954927617081e-01
6.643803398002768290e+01 -1.229798691150732992e+01 2.731307971460861239e-01
6.632615631054545702e+01 -1.220418233275813868e+01 2.775086002780561278e-01
6.634952259736841995e+01 -1.215129767537914951e+01 2.739591983750493398e-01
6.635864886102503135e+01 -1.209929981395955778e+01 2.719997154436329945e-01
6.638556799418978471e+01 -1.204582622681157034e+01 2.685446269161189115e-01
6.646021975856615427e+01 -1.201423511825246493e+01 2.620560837002441357e-01
6.659177856868376466e+01 -1.194964367953376616e+01 2.515088887221351710e-01
6.689491794895167232e+01 -1.186789209317519500e+01 2.277539161192365658e-01
6.671558132264733842e+01 -1.536860298503053102e+01 2.238074525902838952e-01
6.659686276991278930e+01 -1.530265159932648977e+01 2.316300316308849139e-01
6.665694564068471095e+01 -1.525677835414992956e+01 2.263501711253654847e-01
6.658336473126492194e+01 -1.512001671015522675e+01 2.298433598655214016e-01
6.654135979635609033e+01 -1.467673227822918136e+01 2.259540239046327059e-01
6.652143318882001211e+01 -1.457273243332276991e+01 2.258613898844473722e-01
6.651713168449806801e+01 -1.452093487957656137e+01 2.254917655647729058e-01
6.650648993181417268e+01 -1.449473527018806607e+01 2.255420993316885614e-01
6.651068933443193032e+01 -1.444325032000975995e+01 2.244376922328262802e-01
6.650141873232205114e+01 -1.439199946444745670e+01 2.239306859141843020e-01
6.651339583757199136e+01 -1.434151990940241461e+01 2.220862027931163052e-01
6.650343446412955473e+01 -1.428952805956445360e+01 2.215407510914427780e-01
6.650548999698166597e+01 -1.423868608675794967e+01 2.203873072228730301e-01
6.649552397696552930e+01 -1.418669202645455840e+01 2.198420181234759241e-01
6.651246301317665655e+01 -1.416219829884641435e+01 2.187701440548692755e-01
6.648975094161536958e+01 -1.410974354360094019e+01 2.188276432957783069e-01
6.648897384218290085e+01 -1.405880431651220874e+01 2.175863198788133834e-01
6.649033320095848865e+01 -1.400722113124409951e+01 2.163947371508653239e-01
6.647960398171395013e+01 -1.395589417487940942e+01 2.168437134449239245e-01
6.648023479340233166e+01 -1.390500222138327047e+01 2.156468750616270524e-01
6.649295206895931187e+01 -1.385385597100346367e+01 2.128099364470582566e-01
6.648298373936597727e+01 -1.382839125750354192e+01 2.128995890087213017e-01
6.647010801624338683e+01 -1.377770583352347522e+01 2.132991746204704331e-01
6.647645285523363157e+01 -1.372560000804595504e+01 2.112468005068403043e-01
6.646498569041658300e+01 -1.367496255716375764e+01 2.116909077451817334e-01
6.646064340492803524e+01 -1.362461579089137231e+01 2.103568865581181280e-01
6.646198795153141248e+01 -1.357303065257798025e+01 2.091663543111217383e-01
6.646266017034031393e+01 -1.354723942931366487e+01 2.085711784447740191e-01
6.645831253112912407e+01 -1.349689109467802162e+01 2.072375522030466266e-01
6.646106758488740240e+01 -1.344535603369157428e+01 2.060914131229703017e-01
6.644538052912076864e+01 -1.339459289297898792e+01 2.054043914732572862e-01
6.644172267648102093e+01 -1.334353037956272203e+01 2.050759216451846223e-01
6.645084270622712097e+01 -1.329295526304373176e+01 2.031458335617958300e-01
6.643587549162072037e+01 -1.324149851074104767e+01 2.024646983008925316e-01
6.643157672010894998e+01 -1.321625053696749141e+01 2.017321190784879814e-01
6.644565956880025226e+01 -1.316513317957302931e+01 1.999404013110644973e-01
6.641789866476447912e+01 -1.311464151061541195e+01 1.998946681976835338e-01
6.643624844687960262e+01 -1.306369652361219025e+01 1.972363458416166448e-01
6.642692618388356607e+01 -1.301243480899736049e+01 1.967321498387428758e-01
6.644458648174020254e+01 -1.296075022101579322e+01 1.940356935239373470e-01
6.639975226740229175e+01 -1.293755882456613193e+01 1.971246047207970697e-01
6.662273032621575908e+01 -1.287849096048993225e+01 1.784744537183780011e-01
6.653667928198508719e+01 -1.283010542590218783e+01 1.837140965872032794e-01
6.640150592959774656e+01 -1.273329560030331464e+01 1.903110308375492998e-01
6.639854447425072692e+01 -1.268299635258800073e+01 1.890235344768484982e-01
6.634728623181773344e+01 -1.263375685928437875e+01 1.912976274764441875e-01
6.639554960153884622e+01 -1.260616428160811786e+01 1.871034980452592755e-01
6.635704311173708447e+01 -1.255739445915236097e+01 1.887757890320564957e-01
6.638892846258097791e+01 -1.250482516412818690e+01 1.844905563192300590e-01
6.639523587510063862e+01 -1.245272386585763691e+01 1.824419166849218232e-01
6.635954986505720399e+01 -1.240405080962235296e+01 1.842026577791116004e-01
6.656072395181274715e+01 -1.233921654972058413e+01 1.667565017993455356e-01
6.634153625067744997e+01 -1.230372243188357650e+01 1.822698365720776259e-01
6.644748624493205114e+01 -1.227044498585454413e+01 1.726886527072428734e-01
6.637895648612655464e+01 -1.217321991290826766e+01 1.753002242139349853e-01
6.640732154205295501e+01 -1.211981854435425099e+01 1.708896256447149931e-01
6.640865105281510239e+01 -1.206826426480410142e+01 1.687040579015346431e-01
6.652664966495260046e+01 -1.200674992060208979e+01 1.588186066585981493e-01
6.659916373228340092e+01 -1.194784151612008216e+01 1.516161827636295367e-01
6.816101064915275742e+01 -1.560183367820275357e+01 4.097430087136810783e-03
6.818306006560294463e+01 -1.554743568048846036e+01 2.461803155495712048e-03
6.819736290676033263e+01 -1.549205963455488444e+01 5.675355548877547562e-04
6.820106392809221063e+01 -1.543558733527643057e+01 -6.740021397517725887e-04
6.656586575679889961e+01 -1.520783135420381882e+01 1.263386519059179758e-01
6.652976893445604389e+01 -1.512619531783639459e+01 1.282888928279319884e-01
6.660467165569204440e+01 -1.502994086179756650e+01 1.212515715686037776e-01
6.675602286858458001e+01 -1.493935616395014421e+01 1.076663252836100870e-01
6.671351796725245720e+01 -1.483166745940812703e+01 1.098000664619149802e-01
6.651892560908211749e+01 -1.479016862771844920e+01 1.239111661408038856e-01
6.652805834254677109e+01 -1.473956996802549213e+01 1.229769333729358038e-01
6.799958301570273989e+01 -1.479546396813186782e+01 5.892033575815913693e-03
6.664653197636550885e+01 -1.420534612370037131e+01 1.037850964011481913e-01
6.665007278126486767e+01 -1.417967768727535116e+01 1.022781139817949825e-01
6.665353941213997757e+01 -1.412888783576514307e+01 1.011692496898310978e-01
6.665280466777629442e+01 -1.407651992898841797e+01 9.989508111733536033e-02
6.663216186761667359e+01 -1.402483357106932615e+01 1.010349365119356246e-01
6.662150360930110082e+01 -1.397210114801530878e+01 1.004516974131657303e-01
6.661786856031628190e+01 -1.392104360385138406e+01 1.001220169521848113e-01
6.660080008967938170e+01 -1.386878383174727780e+01 1.003565320820365425e-01
6.659368883718728682e+01 -1.384344211367355015e+01 9.953510436183798937e-02
6.660210835397080587e+01 -1.379210490656497612e+01 9.856466075902359236e-02
6.658857709522962409e+01 -1.374070465439862332e+01 9.792670458706709269e-02
6.657432581211097045e+01 -1.368853949545266779e+01 9.824963667645247867e-02
6.659127871385958031e+01 -1.363754229337246571e+01 9.554561697236452211e-02
6.657915466273793470e+01 -1.358618995975749577e+01 9.495225905791349064e-02
6.656632375525677503e+01 -1.356060473300005675e+01 9.595312158172530914e-02
6.657052596253419097e+01 -1.350914462836896668e+01 9.385193370099798038e-02
6.654988777919599841e+01 -1.345747242340087801e+01 9.399337579105959684e-02
6.654767778722433036e+01 -1.340648422423779706e+01 9.270962481927580434e-02
6.654619093230060400e+01 -1.335480456940356042e+01 9.143167426493881145e-02
6.652905930445831473e+01 -1.330396926464348972e+01 9.170008602601820158e-02
6.652825781812320827e+01 -1.325303038589896865e+01 9.046088737836610605e-02
6.653957451746381935e+01 -1.322691549972461722e+01 8.918119106323563194e-02
6.653453058789523311e+01 -1.317582863869888854e+01 8.780984471487540688e-02
6.650460256925157410e+01 -1.312595830819090992e+01 8.871381188530369499e-02
6.653081552395434528e+01 -1.307315936752210561e+01 8.524946015537038235e-02
6.651153403273438869e+01 -1.302296477797854557e+01 8.546895526070996674e-02
6.649721478053447754e+01 -1.297222591216002741e+01 8.582627691466182540e-02
6.649715762919758788e+01 -1.292061781279206301e+01 8.359409324724587087e-02
6.671309473700679860e+01 -1.288783689331482307e+01 6.535622272355179341e-02
6.659506349553488747e+01 -1.284039638138484918e+01 7.364960696821043484e-02
6.642429513228489668e+01 -1.274507456353475021e+01 8.520505281006984788e-02
6.644553282299024488e+01 -1.269282408943015028e+01 8.160400776464404871e-02
6.641061459148934887e+01 -1.264348747561579955e+01 8.237082803753015270e-02
6.644105813524146242e+01 -1.259084478688628650e+01 7.904048741846336767e-02
6.644598711458037599e+01 -1.256522618572011574e+01 7.757983308059235306e-02
6.646012253091005562e+01 -1.251270597213582825e+01 7.475790457568565195e-02
6.643085249423829453e+01 -1.246356789924896624e+01 7.570160883277732289e-02
6.652179555198783589e+01 -1.240678722698027237e+01 6.610568836065655596e-02
6.638856501990377978e+01 -1.231358193657056610e+01 7.385126796414787087e-02
6.656133652753322849e+01 -1.224912143534725217e+01 5.855366536254802412e-02
6.659119349470618943e+01 -1.222086913088304172e+01 5.478612996568377191e-02
6.644309141288169940e+01 -1.218086286694390274e+01 6.534713649569101612e-02
6.648425257437878599e+01 -1.212650324360152254e+01 6.030185072015270542e-02
6.652189702572438534e+01 -1.207130698604113483e+01 5.513012579460463414e-02
6.662502949742399494e+01 -1.200998448586734213e+01 4.479738776411679169e-02
6.687132992718709090e+01 -1.566718716925741894e+01 6.529678675592620607e-03
6.687630265712445521e+01 -1.561502425112889725e+01 5.428876181290398506e-03
6.689823431861623249e+01 -1.556491183710399540e+01 2.890778819251149656e-03
6.691803867355616831e+01 -1.551398792792907599e+01 1.269716873921522549e-03
6.692300664793427245e+01 -1.546182549111988891e+01 1.692574961964510294e-04
6.694990630228964790e+01 -1.543771040881813050e+01 -2.594424786244831083e-03
6.695346025200636575e+01 -1.538550111947595589e+01 -3.738711211702661075e-03
6.696692718812244038e+01 -1.533364918486221384e+01 -5.573944028165689346e-03
6.699945448863962838e+01 -1.528463478113600260e+01 -8.763606135809176578e-03
6.699877694126919891e+01 -1.523082820523099556e+01 -9.073419642525282214e-03
6.659618127609147109e+01 -1.480022182358259641e+01 1.941857203131491794e-02
6.719002111019248957e+01 -1.482198196525945555e+01 -3.207463542610833329e-02
6.720137695688129043e+01 -1.476934662971901879e+01 -3.399067587944837321e-02
6.724102979734632868e+01 -1.471917654695603694e+01 -3.799042004240393844e-02
6.725803335333408484e+01 -1.466673501373235666e+01 -3.972982431630289746e-02
6.727506610969774670e+01 -1.461431874033330836e+01 -4.246853153703611383e-02
6.730625223785932576e+01 -1.456240839149958433e+01 -4.576572847409310363e-02
6.731267993482639156e+01 -1.450889236437264707e+01 -4.785176963425641361e-02
6.732970055756165095e+01 -1.448299763126941286e+01 -4.995566533504613993e-02
6.735379153037918343e+01 -1.443082523751406576e+01 -5.247334320941821062e-02
6.736872142136003561e+01 -1.437762320725234311e+01 -5.529385572447620412e-02
6.737652632037915623e+01 -1.432413318130894808e+01 -5.633594018060605890e-02
6.640822791925224067e+01 -1.282554263145298279e+01 -9.438246667865302086e-03
6.639603130879226001e+01 -1.277561303603595100e+01 -9.997202232234769781e-03
6.638446068182715010e+01 -1.267335819223989724e+01 -1.178274417165536825e-02
6.645109391602908033e+01 -1.256834146848299660e+01 -2.126462710036225445e-02
6.644454325939409500e+01 -1.249210358746555549e+01 -2.327786702090417492e-02
6.636549038094304365e+01 -1.244537710627989391e+01 -1.778485751131486658e-02
6.637175862164842499e+01 -1.239470933254441931e+01 -1.980043832793221270e-02
6.639371387406029612e+01 -1.234177121511830677e+01 -2.339480786275105473e-02
6.646009980780937099e+01 -1.410164246072072203e+01 -7.348425863815721826e-02
6.647134090904086179e+01 -1.405185450967400840e+01 -7.533350103616975879e-02
6.649256924619308506e+01 -1.400102059687209710e+01 -7.890575295093471553e-02
6.649743850537359435e+01 -1.395027511755363570e+01 -7.997036355754505443e-02
6.652290323218301182e+01 -1.389958826648508783e+01 -8.341007872165051573e-02
6.651929413670772817e+01 -1.384855247604954265e+01 -8.473888773641946592e-02
6.652279699357818288e+01 -1.382285775587231313e+01 -8.524626313560501600e-02
6.655818035885172890e+01 -1.377253858561529043e+01 -8.937602678489087182e-02
6.656807039392512593e+01 -1.372129529056933883e+01 -9.230079411384117805e-02
6.657651645143860719e+01 -1.366998187830187206e+01 -9.427006074153565507e-02
6.659984690394276186e+01 -1.361848864577701690e+01 -9.679211542498533660e-02
6.657989944291583129e+01 -1.356755878526190173e+01 -9.661231637357503566e-02
6.662527099693221544e+01 -1.351620311618803960e+01 -1.024639983339725724e-01
6.661526596465805028e+01 -1.349071486812377785e+01 -1.013747539879765736e-01
6.661095728293766172e+01 -1.343893839537920343e+01 -1.027411971380152167e-01
6.648403102594011216e+01 -1.272364152353782174e+01 -1.116376127219012027e-01
6.642561288976023093e+01 -1.267554233915754125e+01 -1.075526237670281215e-01
6.641696448636361083e+01 -1.262502160921932592e+01 -1.080173415920731017e-01
6.641899650636162278e+01 -1.257420274035827745e+01 -1.101659086096347107e-01
6.641538012080664544e+01 -1.254823961556638778e+01 -1.098929848567422596e-01
6.642382146973193358e+01 -1.249695276553656775e+01 -1.128583860711362963e-01
6.648563244844608278e+01 -1.244122762077993904e+01 -1.203121000260798379e-01
