6.706819608044565939e+01 -1.448796128499500924e+01 1.439902750440432477e+00
6.702079847090769249e+01 -1.443678971960475899e+01 1.438065996725613527e+00
6.698255724912564801e+01 -1.441132014527866723e+01 1.437195053063605066e+00
6.693437486329955277e+01 -1.436078745820107194e+01 1.436351511774616840e+00
6.690813625238705242e+01 -1.431099045220899235e+01 1.435214971427295261e+00
6.689188556006756414e+01 -1.426043353116106083e+01 1.433370916015476393e+00
6.685501577620215130e+01 -1.421065724398731511e+01 1.431901681885036526e+00
6.685217769469662130e+01 -1.416023311371222526e+01 1.431482890573801736e+00
6.684081897219333257e+01 -1.411071127161846128e+01 1.429819950101466786e+00
6.682874744598733230e+01 -1.408624931749620757e+01 1.428795917408319127e+00
6.683158226030282378e+01 -1.403621842036430678e+01 1.427564888300171475e+00
6.684645385706120635e+01 -1.398625881377992819e+01 1.426713399064885035e+00
6.684289299734609813e+01 -1.393652866508169730e+01 1.425289983177781883e+00
6.689119994595577623e+01 -1.388521911382097684e+01 1.423450175468845114e+00
6.691888573834101805e+01 -1.383469073031459473e+01 1.421985168156397972e+00
6.692955672948119172e+01 -1.380884919211800366e+01 1.421638425082210055e+00
6.695441907839679629e+01 -1.375813728398285107e+01 1.420080249237182235e+00
6.703762689123875873e+01 -1.370412503771948742e+01 1.418263563028351992e+00
6.704543815304316468e+01 -1.365371190007500424e+01 1.417179536896578274e+00
6.699909377841390778e+01 -1.481446169036212801e+01 1.344272891448141438e+00
6.674785156246161932e+01 -1.468239235972879086e+01 1.342912851648664141e+00
6.672444313784207282e+01 -1.463277935377361771e+01 1.341869107910311110e+00
6.672513318157805884e+01 -1.458332222036604087e+01 1.340584596611710921e+00
6.670955297211922641e+01 -1.453352335751626256e+01 1.338780885359809103e+00
6.671306106600232511e+01 -1.448424936920284445e+01 1.337589810355591879e+00
6.671374571922426355e+01 -1.443479185863635017e+01 1.336305477487531146e+00
6.672292840131734692e+01 -1.441027912558393886e+01 1.335946357929086892e+00
6.678745264595409026e+01 -1.436075386294746181e+01 1.333660182684391682e+00
6.668458410573161643e+01 -1.431162145434266364e+01 1.333140231451217517e+00
6.668601028158222732e+01 -1.426149361659326509e+01 1.331861891263304454e+00
6.665760283163459121e+01 -1.421226598931365359e+01 1.330672516637837255e+00
6.668661856053051906e+01 -1.416324687379217195e+01 1.329288205670783096e+00
6.666177679373120668e+01 -1.411353181578854432e+01 1.328198057750568539e+00
6.666738570409641795e+01 -1.408950594534607781e+01 1.327740068463943768e+00
6.669859540070584103e+01 -1.398972095316618258e+01 1.324084796860432345e+00
6.668927273285396495e+01 -1.394101997163730111e+01 1.323508621262811991e+00
6.669351190392779927e+01 -1.389107964607911683e+01 1.322324390450938081e+00
6.667998226460473177e+01 -1.384212770549140359e+01 1.320609011694793722e+00
6.667990318852100984e+01 -1.379333827913406196e+01 1.319319956625215617e+00
6.665218271587031040e+01 -1.376925876494416023e+01 1.318816350265906490e+00
6.665641577469931178e+01 -1.371931868643745034e+01 1.317632381277485498e+00
6.665849047678837280e+01 -1.366995275958981715e+01 1.316395945009465773e+00
6.667620478775558013e+01 -1.362020239007121170e+01 1.314639272482859722e+00
6.665909626807278698e+01 -1.357173290205159333e+01 1.312825014557023717e+00
6.666050193357121145e+01 -1.352160767096071403e+01 1.311547978011997406e+00
6.666115870959218626e+01 -1.347215157472827762e+01 1.310265222370981864e+00
6.664547178844574660e+01 -1.344814109654441658e+01 1.310141262798858897e+00
6.667674683233957467e+01 -1.339715737725706290e+01 1.307777136940767582e+00
6.671156178370407019e+01 -1.334566612478324998e+01 1.306511637918924995e+00
6.681481019180455405e+01 -1.328870648739846949e+01 1.304246199283205510e+00
6.712495611564202136e+01 -1.501083439532368935e+01 1.253324956629801479e+00
6.673740872790187950e+01 -1.484466723421440548e+01 1.253794073047190372e+00
6.672321879114022636e+01 -1.479493628278661888e+01 1.253035964943445046e+00
6.672183698737487134e+01 -1.474462668797406550e+01 1.251663557667932913e+00
6.670125209550494105e+01 -1.469519585839386444e+01 1.250713068723581456e+00
6.688962407692945078e+01 -1.467463948528930473e+01 1.248071302475747268e+00
6.668984854746106805e+01 -1.462125220939049797e+01 1.249403207057545595e+00
6.666472219330300675e+01 -1.410231703444030593e+01 1.235917268571011141e+00
6.783478084008443432e+01 -1.400931804641808576e+01 1.218119504061000447e+00
6.702468261664070326e+01 -1.392178809446072840e+01 1.226431919513604418e+00
6.701049756374467847e+01 -1.387208522457976301e+01 1.224676144080342199e+00
6.663336242209535953e+01 -1.333909009989870498e+01 1.214810919035020254e+00
6.664043935015946829e+01 -1.328936203737662680e+01 1.212721996281116210e+00
6.663469596941574480e+01 -1.324020299803613199e+01 1.211246883204913249e+00
6.656483063814253853e+01 -1.319536097058142055e+01 1.210876846369728366e+00
6.703762337334742938e+01 -1.508976721218961714e+01 1.165599084809211483e+00
6.666267049038273740e+01 -1.495020580280092304e+01 1.169167446840377433e+00
6.666834613183981162e+01 -1.490035223351435079e+01 1.168027999364268599e+00
6.664776591249776061e+01 -1.485092240847105316e+01 1.167077296273940856e+00
6.686441300891920037e+01 -1.480786874858519120e+01 1.161725209764168376e+00
6.661373478198483156e+01 -1.475108843635985956e+01 1.165374114179288823e+00
6.659110710584224080e+01 -1.411319508008044643e+01 1.148823982448914149e+00
6.658322901568865859e+01 -1.406461118457630022e+01 1.147295054159917838e+00
6.689932909556262075e+01 -1.398307373615344318e+01 1.139045232227457571e+00
6.688577709006047201e+01 -1.393410125113716980e+01 1.138329319210826140e+00
6.690424684821540779e+01 -1.388368491313257458e+01 1.136578029773368304e+00
6.711755111304263721e+01 -1.382618070647783348e+01 1.130742812414025300e+00
6.655496402289162461e+01 -1.315737963776527764e+01 1.121493269639903811e+00
6.655707173965544143e+01 -1.313240965262849969e+01 1.120901799958397227e+00
6.681734171104557163e+01 -1.306165234400331165e+01 1.113190485407072217e+00
6.703448629704735140e+01 -1.521467115704338191e+01 1.067717605322915153e+00
6.665980356578276655e+01 -1.504496840686859649e+01 1.072498840023664579e+00
6.665482961796880090e+01 -1.499511663992719868e+01 1.072026063527975470e+00
6.663640991775056932e+01 -1.494511078821795103e+01 1.071127666869768902e+00
6.662861055387686804e+01 -1.489507468464982765e+01 1.070561697886767583e+00
6.687491678889702484e+01 -1.487984023809484491e+01 1.063872100957908629e+00
6.715110143800855269e+01 -1.478913438090951971e+01 1.054124104543185281e+00
6.780777749165588375e+01 -1.475596944342158068e+01 1.036812293730684953e+00
6.795063246496890486e+01 -1.465287730192337712e+01 1.030563355564676264e+00
6.795567847805004646e+01 -1.462667497686366680e+01 1.030029699029234580e+00
6.659528477982752293e+01 -1.413377353321859076e+01 1.051415731221921446e+00
6.657251568371027872e+01 -1.408490897445042300e+01 1.050413095044988365e+00
6.687358585551895374e+01 -1.398160768107619134e+01 1.040116854268240631e+00
6.691340897906174234e+01 -1.395559055402655524e+01 1.037677172886678711e+00
6.690918321960226933e+01 -1.390510003965995622e+01 1.036212960275647577e+00
6.691766048434166692e+01 -1.385544127104759049e+01 1.035169218316296380e+00
6.679324527192069638e+01 -1.380910711315364381e+01 1.037050789484970315e+00
6.652262542499967424e+01 -1.308298293531085044e+01 1.021438412186544076e+00
6.653403172788220843e+01 -1.305647265731765216e+01 1.021098135125411144e+00
6.653752977558659154e+01 -1.300722704736366886e+01 1.018910333201815455e+00
6.653102960377120212e+01 -1.295873388538702287e+01 1.017429762535749127e+00
6.682760747389703226e+01 -1.515997186728368540e+01 9.877231332178736389e-01
6.673635015033909212e+01 -1.510584600653461607e+01 9.894354540379047824e-01
6.669812472576590778e+01 -1.505450923981257638e+01 9.898821592274704706e-01
6.667406541243261131e+01 -1.500413887625645870e+01 9.887971847668732828e-01
6.665425963362478967e+01 -1.497843600765972738e+01 9.884975928984858218e-01
6.663223960588150874e+01 -1.492888875920997727e+01 9.884992763982786146e-01
6.683331116928800952e+01 -1.488627412246570891e+01 9.816691931510574953e-01
6.659815872743656939e+01 -1.478026270432178002e+01 9.855050570044763258e-01
6.654916311885524749e+01 -1.409395202901487565e+01 9.688512191054567957e-01
6.655692806561016539e+01 -1.406934644036473259e+01 9.684455655947208363e-01
6.652984000434918244e+01 -1.402163340817538817e+01 9.673380694446469530e-01
6.667192139025819131e+01 -1.396944217314293191e+01 9.614101881868070132e-01
6.675008933896327790e+01 -1.391725870463386094e+01 9.584822296810516784e-01
6.678422583211100516e+01 -1.386647812308615890e+01 9.552111699151140112e-01
6.677631396885247739e+01 -1.381787221033549429e+01 9.546820254414314366e-01
6.727784261127740706e+01 -1.374888976361844684e+01 9.375680353737093631e-01
6.686088042503912732e+01 -1.321459345373831162e+01 9.334288025597267113e-01
6.652603067744954046e+01 -1.291877501682797558e+01 9.341523514081189195e-01
6.650529212308951799e+01 -1.287075327580351214e+01 9.332386511476079560e-01
6.674091439528163505e+01 -1.282353559853969571e+01 9.243738128278550237e-01
6.651371348033264042e+01 -1.279672672261014377e+01 9.305535814356422630e-01
6.686101180065638516e+01 -1.523369411108110505e+01 8.796264700975743311e-01
6.672734811705079494e+01 -1.517675197019367062e+01 8.829367810407702244e-01
6.664388904616623677e+01 -1.512241243754135844e+01 8.848879292936531193e-01
6.660425137260199335e+01 -1.507098184966998922e+01 8.852877999221955285e-01
6.659006423348346004e+01 -1.502124974965443194e+01 8.845292719853758978e-01
6.656804574035402311e+01 -1.497169990611389245e+01 8.845308154065875117e-01
6.655670166769394314e+01 -1.494654497732737752e+01 8.845111038120694325e-01
6.655806032034196562e+01 -1.489784374978517789e+01 8.832667012092008108e-01
6.652757025436969229e+01 -1.484774190327705945e+01 8.829883636912378986e-01
6.654240130449915114e+01 -1.479922167159935853e+01 8.811707176261274199e-01
6.653952147453256316e+01 -1.475024425320201438e+01 8.797864935460288915e-01
6.653237776492510136e+01 -1.470096516668552944e+01 8.792615082923662673e-01
6.651319689328720131e+01 -1.465162016363117203e+01 8.783573527702597250e-01
6.652730782376467289e+01 -1.462816740236373292e+01 8.771796599229247926e-01
6.652015881854003965e+01 -1.457888659518591723e+01 8.766547606986976326e-01
6.651370405245779693e+01 -1.453039325256067649e+01 8.751717351354572072e-01
6.652221793007034023e+01 -1.448074523275763781e+01 8.731269848263588651e-01
6.650792705285007855e+01 -1.443243449428380032e+01 8.724040096202676509e-01
6.650785852739885229e+01 -1.438363974319678285e+01 8.711136830894267158e-01
6.651982509274645849e+01 -1.433491143698450720e+01 8.702027143817532284e-01
6.650775376195113608e+01 -1.431044680060881547e+01 8.691783182238718153e-01
6.650266924205983798e+01 -1.426201726647100365e+01 8.687414396752773937e-01
6.650827351472428006e+01 -1.421361708965389603e+01 8.666390570798900850e-01
6.648904201976972672e+01 -1.416423944302913362e+01 8.667344695791828757e-01
6.650028696755093449e+01 -1.411620790206396414e+01 8.648189271589522553e-01
6.651161383570594410e+01 -1.406674739049265099e+01 8.628684351113307116e-01
6.648813237573455126e+01 -1.404294612836853240e+01 8.625048111927220429e-01
6.648946406083386762e+01 -1.399424300236137775e+01 8.612617771759517593e-01
6.650004069001062135e+01 -1.394545152977497970e+01 8.593056701941511610e-01
6.648647669942685923e+01 -1.389646673834259083e+01 8.585890531041577844e-01
6.648423542474523629e+01 -1.384824850327308354e+01 8.572471224506267307e-01
6.648771953758038933e+01 -1.379896878011021499e+01 8.560568411743121331e-01
6.648265222281359854e+01 -1.375056549149765850e+01 8.546216196940156218e-01
6.648899996429504711e+01 -1.372586910846042052e+01 8.541695931944581766e-01
6.649674829048896640e+01 -1.367689579608886774e+01 8.521206272969990003e-01
6.647819307472138917e+01 -1.362830097878575941e+01 8.512584186544827070e-01
6.647735605441201301e+01 -1.358017465245720068e+01 8.499636169150300846e-01
6.648651123908292959e+01 -1.353129478407606001e+01 8.479616640091338642e-01
6.646936369748387108e+01 -1.348279144225865878e+01 8.471463223412503130e-01
6.646852191255817388e+01 -1.343466545727130423e+01 8.458517378176156898e-01
6.647705662470222876e+01 -1.340942264250199756e+01 8.444534580359790432e-01
6.647131299858446596e+01 -1.336025751144362594e+01 8.429779067929926706e-01
6.648544573487106391e+01 -1.331098940670555208e+01 8.411224145348774606e-01
6.648036412251070715e+01 -1.326258713894901575e+01 8.396879638103851295e-01
6.647602673084450942e+01 -1.321351473496472906e+01 8.382593272195081324e-01
6.649231637104799120e+01 -1.316367371906938466e+01 8.364567667976936516e-01
6.652793269196961035e+01 -1.311156912718651490e+01 8.331992269767269921e-01
6.653571985103093311e+01 -1.308699553206260369e+01 8.317955408165166320e-01
6.654350391208254223e+01 -1.303657441452996046e+01 8.307120580019200506e-01
6.646492593720557807e+01 -1.299396864763589399e+01 8.321297855354916617e-01
6.644626660187643097e+01 -1.294680056430036075e+01 8.313035587822963368e-01
6.645831371564361234e+01 -1.289668307388878432e+01 8.293613404832440583e-01
6.646897917629399899e+01 -1.284650030217182248e+01 8.263732932453464741e-01
6.646604305718005890e+01 -1.279752364727246494e+01 8.249922115413057533e-01
6.647312967412422324e+01 -1.277216552086038348e+01 8.245471281228577975e-01
6.646947679695708189e+01 -1.272388394636451636e+01 8.221611630893375100e-01
6.647583960329664876e+01 -1.267337174603230388e+01 8.210316495484368815e-01
6.650223121798484271e+01 -1.262138668067315805e+01 8.174891856424699732e-01
6.644492615744556474e+01 -1.257876391225990353e+01 8.185738800080332167e-01
6.657001466787252753e+01 -1.251480425251190987e+01 8.118073255453706061e-01
6.673521437411396562e+01 -1.247079044871258624e+01 8.038212202136632012e-01
6.697909609157215982e+01 -1.239194584360432394e+01 7.923827703980150794e-01
6.712726806235914978e+01 -1.232241288123702105e+01 7.841925179651501043e-01
6.720946309374869543e+01 -1.533908589308091841e+01 7.902539321793711213e-01
6.673287685367692745e+01 -1.523565182160354681e+01 8.076026472519808319e-01
6.658504185998347680e+01 -1.517774021497024250e+01 8.124445719194955950e-01
6.655312229402593971e+01 -1.512752841846937102e+01 8.131186665819205572e-01
6.655307533999244640e+01 -1.507873518393700607e+01 8.118273285580459575e-01
6.653888901656543453e+01 -1.502900111541674555e+01 8.110686546042961131e-01
6.653034293027891977e+01 -1.497963227565968047e+01 8.104966567923906906e-01
6.653029058573136467e+01 -1.493083866396839809e+01 8.092054971990556567e-01
6.652744241344952059e+01 -1.490625708507320013e+01 8.084665820839807004e-01
6.652030337356148948e+01 -1.485697900071792432e+01 8.079414720156045115e-01
6.651382663024922692e+01 -1.480845974757345118e+01 8.074572448165844296e-01
6.652649841866723079e+01 -1.476051698431333037e+01 8.055871912273846469e-01
6.650863942680774699e+01 -1.463807049862949050e+01 8.027935231354876855e-01
6.651349254283198320e+01 -1.454008690148869931e+01 8.003580801452130356e-01
6.650696934619540457e+01 -1.444279746427402955e+01 7.975846356500273515e-01
6.650256519501105856e+01 -1.434490404815024966e+01 7.958630007811433593e-01
6.649465582488801374e+01 -1.427191893755050955e+01 7.936884534768811061e-01
6.648862686068201810e+01 -1.407779664566276878e+01 7.883768305296352530e-01
6.648427220569385554e+01 -1.400432603940169507e+01 7.863019622626509220e-01
6.646874517710088526e+01 -1.368830283853118424e+01 7.784817316900497497e-01
6.646583101273685656e+01 -1.363932232934442013e+01 7.770991497802079984e-01
6.646342593187794989e+01 -1.349353977143774053e+01 7.721804516904652305e-01
6.645679133555371720e+01 -1.337185158299630139e+01 7.687658548518621071e-01
6.645443406032840983e+01 -1.327483930740903695e+01 7.661361805652123769e-01
6.644858243203036352e+01 -1.317688205140887803e+01 7.633724722277022146e-01
6.644850934861980818e+01 -1.312811471471349556e+01 7.610850586145765373e-01
6.646626187217357540e+01 -1.310276334869379511e+01 7.599734483774156502e-01
6.646191899509642553e+01 -1.305369191105300075e+01 7.585450826181825423e-01
6.647538052772775075e+01 -1.300366637311906537e+01 7.566492998159758399e-01
6.646248318471225502e+01 -1.295546643085796745e+01 7.549758266336141777e-01
6.646594443220909909e+01 -1.290619387398962559e+01 7.537872839811350367e-01
6.646304107322561094e+01 -1.285724388551113329e+01 7.514069874976196939e-01
6.647151604664794888e+01 -1.280760932070009517e+01 7.493656074365264708e-01
6.647503196483651777e+01 -1.278273286988396862e+01 7.488212550243855681e-01
6.647785558450006249e+01 -1.273272757773592545e+01 7.465930610314103211e-01
6.647275822733996620e+01 -1.268432757608860406e+01 7.451596669568992803e-01
6.647696070809408297e+01 -1.263438871858510559e+01 7.439775430733184258e-01
6.648044705669275345e+01 -1.258514565998521917e+01 7.417905746455366600e-01
6.647252168498509661e+01 -1.253655979121309727e+01 7.402639253437039990e-01
6.649464143477511868e+01 -1.248427115324540893e+01 7.375806968463533009e-01
6.648743915100513391e+01 -1.246083998181191177e+01 7.367385908369744607e-01
6.671353954385627105e+01 -1.238296939483926451e+01 7.247680982631360402e-01
6.650237529521791657e+01 -1.235930123802327962e+01 7.325352034388971090e-01
6.655594767881848384e+01 -1.225322663042280702e+01 7.264223394248271459e-01
6.652369338510436592e+01 -1.220728747444265494e+01 7.262046691159567136e-01
6.685776702413430428e+01 -1.534401633055688841e+01 7.022903895520159478e-01
6.668736392615045361e+01 -1.528314830826010962e+01 7.093488922820470055e-01
6.641827946062964827e+01 -1.234595394763510079e+01 6.354678412576917346e-01
6.642536223685574726e+01 -1.229625943179163450e+01 6.323816952794033552e-01
6.645179704627501849e+01 -1.224282640850965365e+01 6.298044080252110932e-01
6.645319517761100769e+01 -1.219273243690578035e+01 6.275305317081325551e-01
6.698838655270763809e+01 -1.204353148475899538e+01 5.963580358129686454e-01
6.679705309995316043e+01 -1.201972334517964569e+01 6.047440353591688744e-01
6.668679594391639398e+01 -1.534409835164948355e+01 6.218679525079165993e-01
6.644301307215550878e+01 -1.210882057942217038e+01 5.369321349969555790e-01
6.651261507910621162e+01 -1.207272470986505652e+01 5.311605663858148807e-01
6.662370636644239141e+01 -1.200646574598087568e+01 5.228951976088610509e-01
6.680878951900642448e+01 -1.192736539825293995e+01 5.096075469970564598e-01
6.666788127900655070e+01 -1.541754290344669265e+01 5.321405925736113485e-01
6.654769078087333867e+01 -1.535927939545823229e+01 5.378398764769742879e-01
6.668124907705404780e+01 -1.512209932011559843e+01 5.247476778283579613e-01
6.670394198198053459e+01 -1.509778989096236934e+01 5.228150993985782868e-01
6.670812998837929797e+01 -1.504927461770762065e+01 5.216641754091840832e-01
6.666409722868219490e+01 -1.482531670202707375e+01 5.193691412318046652e-01
6.669384819462243286e+01 -1.477710083253593965e+01 5.160258479645897234e-01
6.669078128945099593e+01 -1.262491195637704067e+01 4.501835217963363611e-01
6.666929032436733848e+01 -1.257756112142538463e+01 4.492646652199989710e-01
6.659411668055106759e+01 -1.253583921396137058e+01 4.528151913569375964e-01
6.669282731298585531e+01 -1.247518591966842472e+01 4.443075229509021451e-01
6.655178718588130948e+01 -1.244189231686288721e+01 4.510181817457884490e-01
6.663265660278318592e+01 -1.238216617119733343e+01 4.439773683163684703e-01
6.647464491486995541e+01 -1.203003045959490969e+01 4.397733080153318763e-01
6.657508216425084413e+01 -1.198960343637032189e+01 4.318526931620119136e-01
6.668124738370138971e+01 -1.521558861470918167e+01 4.291369569429936970e-01
6.666139317257140817e+01 -1.516546706183861026e+01 4.291908012912972747e-01
6.660116687044040873e+01 -1.511334658801608555e+01 4.319292812118030733e-01
6.667748741006806767e+01 -1.479703963733458849e+01 4.189579870827747632e-01
6.667169645501563480e+01 -1.462444669448706236e+01 4.152183485719329603e-01
6.659920143123844127e+01 -1.270493339824273349e+01 3.603419234308233854e-01
6.661920035090759029e+01 -1.265324523859758088e+01 3.566067361044060746e-01
6.659666474538801140e+01 -1.225803349929374875e+01 3.425034623256679733e-01
6.658230241483580869e+01 -1.220971773891541190e+01 3.417837744139395895e-01
6.656419151450167249e+01 -1.188655288946338651e+01 3.297208420310669963e-01
6.658764405563312039e+01 -1.535439167404522820e+01 3.437995852652555584e-01
6.656922513440699163e+01 -1.532875715408522055e+01 3.445457095990325236e-01
6.664416212649379645e+01 -1.518597507884734554e+01 3.361145338926936343e-01
6.666589937878569572e+01 -1.474329277646332770e+01 3.240966680233438035e-01
6.667214683604953507e+01 -1.459664088820386674e+01 3.194183437043773832e-01
6.645523782330988638e+01 -1.279058835881192380e+01 2.790141239805720152e-01
6.662039292921161859e+01 -1.272517184719032457e+01 2.644578497676396411e-01
6.654931240388070535e+01 -1.251019930415916548e+01 2.605763075552750552e-01
6.653481820027157312e+01 -1.231272084857933180e+01 2.539278482773439372e-01
6.656980259897525798e+01 -1.218389845196965027e+01 2.466342949698068221e-01
6.641897147145380131e+01 -1.198137140605247986e+01 2.485912739550397710e-01
6.653804867151474411e+01 -1.191356853285342154e+01 2.375337065406988302e-01
6.669204274630671136e+01 -1.525193573656498813e+01 2.322698504911777651e-01
6.669415890614027376e+01 -1.520256800269715924e+01 2.310310007477842653e-01
6.654110337327122693e+01 -1.509609345819817250e+01 2.404306657152242011e-01
6.654166175974397390e+01 -1.502363639777564686e+01 2.395337503898939957e-01
6.655511601626984941e+01 -1.497504919994894124e+01 2.366699657690158887e-01
6.656134487081730811e+01 -1.482836219790317855e+01 2.329892273578693107e-01
6.691960417009251216e+01 -1.461512786245440410e+01 1.995600861034194651e-01
6.653537356481393772e+01 -1.451089006921771940e+01 2.267920274296006955e-01
6.652179747492905904e+01 -1.446188343992623260e+01 2.270738520440829245e-01
6.653809565888749944e+01 -1.443788021483569040e+01 2.249496882655308561e-01
6.651746106084236487e+01 -1.438841343522125271e+01 2.249983204849315133e-01
6.652087889571735957e+01 -1.434056175372254316e+01 2.238422628038312379e-01
6.653431668290427581e+01 -1.429197744383974999e+01 2.209797075571100500e-01
6.652214431264621908e+01 -1.424306065811908617e+01 2.213086490076381363e-01
6.651708922798600554e+01 -1.419465688015496596e+01 2.198727252179104585e-01
6.652418247678421892e+01 -1.414491849605248142e+01 2.177819829677865027e-01
6.651556205654455312e+01 -1.412137007901615959e+01 2.178909809918649909e-01
6.651407246804734541e+01 -1.407248155970854420e+01 2.165543793783359927e-01
6.651681721408465364e+01 -1.402387028317842166e+01 2.153581530140089573e-01
6.650743840945405339e+01 -1.392639236187387297e+01 2.124927830923215577e-01
6.651017704979958012e+01 -1.387778133793850976e+01 2.112966101118347595e-01
6.650225570505038775e+01 -1.382916599277221970e+01 2.107669167059040838e-01
6.650299095859527654e+01 -1.380412529622408080e+01 2.091288081111497554e-01
6.651073875191603690e+01 -1.375514992026619865e+01 2.070797705814828582e-01
6.648639614306394208e+01 -1.370756148145706810e+01 2.080639877801493398e-01
6.649198341913317734e+01 -1.365916213374893218e+01 2.059625842641861215e-01
6.648906925289684011e+01 -1.361018162297837009e+01 2.045800619085194061e-01
6.648681863503175293e+01 -1.356196138041885568e+01 2.032384999927658864e-01
6.648390105274374662e+01 -1.351298130607112569e+01 2.018561204681950105e-01
6.649027813455938940e+01 -1.348831202270999263e+01 2.004051411286085216e-01
6.648520003501988640e+01 -1.343990797661200709e+01 1.989703956177411026e-01
6.647801202942295618e+01 -1.339062307965115295e+01 1.984471442701345456e-01
6.648218074790946730e+01 -1.334213283930670357e+01 1.962995612584224059e-01
6.647060276873443740e+01 -1.324523160706001512e+01 1.933837296614755452e-01
6.646551730047384865e+01 -1.319682636705377199e+01 1.919493172889419341e-01
6.647119518124779347e+01 -1.317137264115091000e+01 1.914571045230957225e-01
6.646253685559234725e+01 -1.312345095491508573e+01 1.899234648959966520e-01
6.646027318818455853e+01 -1.307523316704424410e+01 1.885828704149543622e-01
6.646291537730559185e+01 -1.292766366108407894e+01 1.827789088340883161e-01
6.677965438029495715e+01 -1.277370690286871024e+01 1.516307692735743284e-01
6.646964207237842004e+01 -1.265702701366886629e+01 1.718644908575679420e-01
6.698440702267522795e+01 -1.254971101267855005e+01 1.271385476181305929e-01
6.655453149031882276e+01 -1.237530388103282775e+01 1.541063041153949431e-01
6.660035862355213965e+01 -1.226948190817488182e+01 1.457554074039544290e-01
6.642582634860339397e+01 -1.207030924445822606e+01 1.510595625035899836e-01
6.645165402929441711e+01 -1.201617336765910338e+01 1.464437814863588372e-01
6.645951156290939821e+01 -1.199018079087912803e+01 1.450064204311969362e-01
6.664040115589952507e+01 -1.191233216732858402e+01 1.276167612150216346e-01
6.667925420863828379e+01 -1.475971540965316464e+01 1.267828959200594241e-01
6.657160718171381575e+01 -1.436566136687797446e+01 1.260119484875683593e-01
6.657718202101948179e+01 -1.431723543547096789e+01 1.249085515791392709e-01
6.656645403398519534e+01 -1.426843841882037545e+01 1.242850740259375808e-01
6.655431307716521871e+01 -1.421954820602274516e+01 1.236148155275382798e-01
6.655282546313040370e+01 -1.417066050029687929e+01 1.222781783145654444e-01
6.654632724704188718e+01 -1.412213839026293272e+01 1.217947510991246318e-01
6.655482942367640931e+01 -1.407249292023019471e+01 1.197508938400153600e-01
6.654056356557593688e+01 -1.404857621026693337e+01 1.196732093505801231e-01
6.653480677628307660e+01 -1.399938511576059597e+01 1.191958969934787671e-01
6.652974432290179152e+01 -1.395098014388821817e+01 1.177603063420846752e-01
6.653389665195531677e+01 -1.390246168951380845e+01 1.166109202451446336e-01
6.652600869136202277e+01 -1.385387372768471081e+01 1.150821103991930272e-01
6.652376481632025218e+01 -1.380565396053333238e+01 1.137401765598271552e-01
6.652160151683220590e+01 -1.375600513086177301e+01 1.123632483694432249e-01
6.651297444679380533e+01 -1.373245489333110569e+01 1.124725854702044447e-01
6.651429794560826281e+01 -1.368375254033659871e+01 1.112300901628731076e-01
6.650781433428410594e+01 -1.363525514374603453e+01 1.097483168298953871e-01
6.650063172294584035e+01 -1.358597062711169201e+01 1.092247679433990815e-01
6.649837966349147678e+01 -1.353775163455675745e+01 1.078833132592971200e-01
6.648546646017155126e+01 -1.348952553868444149e+01 1.072082277322652377e-01
6.648902019528675567e+01 -1.346467138877592085e+01 1.056639279048185998e-01
6.648033926650354886e+01 -1.341672307352074078e+01 1.051290478566615505e-01
6.648666777957465968e+01 -1.336765742834503889e+01 1.030339440012466579e-01
6.648299798197369626e+01 -1.331934557781667827e+01 1.016460446961153785e-01
6.647509052306654098e+01 -1.327075557267985673e+01 1.001179992342988712e-01
6.647573491663150946e+01 -1.322129252899489771e+01 9.883547488900190636e-02
6.646684640002294486e+01 -1.305141295255341305e+01 9.308218751456709406e-02
6.676695465689022058e+01 -1.280239362658702085e+01 5.790856117113052370e-02
6.652462991298361317e+01 -1.240564521448159674e+01 6.288997967839815573e-02
6.660198137106661420e+01 -1.229626637007938328e+01 5.143103975856200272e-02
6.642816845640349754e+01 -1.209640015962490622e+01 5.774002181933646227e-02
6.653861851480012035e+01 -1.198072584065853796e+01 4.315208694337946405e-02
6.728796047923175649e+01 -1.554924314544879849e+01 6.032926157393259103e-04
6.731710525732383132e+01 -1.550030012197377438e+01 -3.780722373875056164e-03
6.731223904369127808e+01 -1.544903739224977812e+01 -4.288231836401035224e-03
6.732510804705165697e+01 -1.539825320408814413e+01 -6.228545514545658079e-03
6.734639890901696901e+01 -1.537385876436651344e+01 -8.207582297276694305e-03
6.734294099357838093e+01 -1.532268822704455147e+01 -8.668126445716461959e-03
6.736931048857579185e+01 -1.527211070217466471e+01 -1.218089265921418196e-02
6.739568060572632646e+01 -1.522153389263730539e+01 -1.569350097908328578e-02
6.655234261858201705e+01 -1.512852050519466474e+01 5.848643786708351833e-02
6.753173867489647364e+01 -1.471004211949576224e+01 -3.995388730194027183e-02
6.753468482923882732e+01 -1.465859713615360604e+01 -4.121997701022905858e-02
6.754338850720296250e+01 -1.460611661422262486e+01 -4.333373046022948039e-02
6.755701879187083136e+01 -1.455469999237514678e+01 -4.626543761729773330e-02
6.758556917652634866e+01 -1.450358504095802203e+01 -5.072279811615376666e-02
6.759352179794841220e+01 -1.445177552493286477e+01 -5.284196092922832655e-02
6.760363161359492779e+01 -1.439938907199458562e+01 -5.490864777183990242e-02
6.760083703186781179e+01 -1.437336565875265215e+01 -5.468219482927705322e-02
6.763655358141843976e+01 -1.432131211173989449e+01 -5.993999732134214220e-02
6.762817042844864091e+01 -1.426910753263890541e+01 -6.057990075168095956e-02
6.765112271243759778e+01 -1.421617527369826917e+01 -6.425914222172268708e-02
6.765840610092219265e+01 -1.416360913489140927e+01 -6.641851206998228285e-02
6.767493389686646310e+01 -1.411095258275138242e+01 -6.929090740712995355e-02
6.766856573882213866e+01 -1.408541334986595395e+01 -6.916368765748170944e-02
6.769151566501653861e+01 -1.403248564818562905e+01 -7.284240481531201183e-02
6.769381312206219548e+01 -1.398031120258558246e+01 -7.514739269135484179e-02
6.770967376004517746e+01 -1.392689750249457781e+01 -7.806030172676114987e-02
6.770410243884695944e+01 -1.387487764953885971e+01 -7.860605731310954525e-02
6.770573157541585374e+01 -1.382194327073379014e+01 -8.095155019654720618e-02
6.655694038065769291e+01 -1.484367364116384458e+01 -2.596196086443236517e-02
6.661154457560019182e+01 -1.479644870074071505e+01 -3.250315586587260164e-02
6.662217322065565384e+01 -1.474767984854072367e+01 -3.545976950932905325e-02
6.663484562560989843e+01 -1.469973779586174523e+01 -3.732948654237522312e-02
6.665327348669895002e+01 -1.465076073609840357e+01 -4.004679887075979217e-02
6.665966568179968021e+01 -1.462608846337654533e+01 -4.149869498308067506e-02
6.666242651758837212e+01 -1.457747967291216185e+01 -4.269578111714755764e-02
6.667803083843861600e+01 -1.452832043043866506e+01 -4.550611002283355688e-02
6.668438930649531926e+01 -1.447925284813532443e+01 -4.760318709962985118e-02
6.669783426512032065e+01 -1.443067241283043423e+01 -5.046565246577561226e-02
6.670775885523778470e+01 -1.438112080768372003e+01 -5.246336858109468260e-02
6.671912647252513295e+01 -1.433168887019026627e+01 -5.541319109872078208e-02
6.672551515854961224e+01 -1.430701837897744966e+01 -5.686491153301664880e-02
6.671694686933072660e+01 -1.425764729941422360e+01 -5.743575797464206545e-02
6.669412077295535823e+01 -1.420873337746385268e+01 -5.643994909677285676e-02
6.673322072262861582e+01 -1.415903352939977466e+01 -6.152926475895403868e-02
6.674956401571074593e+01 -1.410921120163281728e+01 -6.433280253880990784e-02
6.674666771266062426e+01 -1.406023666801179495e+01 -6.571567813640122324e-02
6.675877450320744799e+01 -1.401013896772282941e+01 -6.865925165545605502e-02
6.678581142289291961e+01 -1.398471762218967562e+01 -7.148429341516360225e-02
6.677006445585396932e+01 -1.393628965966468058e+01 -7.125377790501086217e-02
6.678643555278414112e+01 -1.388649702508082306e+01 -7.505606889213933819e-02
6.678859487892938773e+01 -1.383570232333358696e+01 -7.632781199660754190e-02
6.678643855734104307e+01 -1.378606005207716478e+01 -7.770434639585777070e-02
6.679211609148225648e+01 -1.373623839676242220e+01 -7.984073745785025267e-02
6.680633563831018762e+01 -1.371139235074869589e+01 -8.205147170290549852e-02
6.680201870644575024e+01 -1.366232745282822769e+01 -8.348033924152242768e-02
6.682128876373077730e+01 -1.361129364428242461e+01 -8.722366385708246739e-02
6.683264140978484136e+01 -1.356187212424290500e+01 -9.017177104029872048e-02
6.681837460669706275e+01 -1.351210600894505909e+01 -8.992911526072244754e-02
6.683407358376663865e+01 -1.346155924842106977e+01 -9.377127971138277118e-02
6.683331926114209409e+01 -1.341201210599867544e+01 -9.510049150214761049e-02
6.683335512385151844e+01 -1.338618965391363425e+01 -9.577964872095301452e-02
6.683761255456235517e+01 -1.333627969155059390e+01 -9.796172187506346773e-02
6.684829409373033116e+01 -1.328609939639659387e+01 -1.009502715576504617e-01
6.683828692917875003e+01 -1.323663734622644483e+01 -1.015662679856090822e-01
6.685613991949752233e+01 -1.318552016821916339e+01 -1.053550479199651946e-01
6.686972311989428874e+01 -1.313409889243406425e+01 -1.082848991087785873e-01
6.686754951702008043e+01 -1.308446148079385196e+01 -1.096601772252914220e-01
6.685326819506597928e+01 -1.306054300326497497e+01 -1.097369631597082673e-01
6.687045214973024088e+01 -1.300866652180634730e+01 -1.135663731481584282e-01
6.687403630929881615e+01 -1.295799965775190188e+01 -1.157886683999869160e-01
6.687687301817075536e+01 -1.290800067617562341e+01 -1.180167006481935843e-01
6.687186923274819605e+01 -1.285817926766609531e+01 -1.194848944820252612e-01
6.686541972302642023e+01 -1.280823800134004919e+01 -1.200008331441051457e-01
6.689337622993295440e+01 -1.275497418511336178e+01 -1.255298948578944529e-01
6.688473798804506032e+01 -1.273142855777173388e+01 -1.254194739665863700e-01
6.655041619607052894e+01 -1.271478988216975736e+01 -9.430840835289133750e-02
6.649699341904954508e+01 -1.234968938106422875e+01 -1.045862445521947848e-01
6.688279993173814830e+01 -1.225021775163734006e+01 -1.451426969049540716e-01
6.686561926541202183e+01 -1.220172287588018634e+01 -1.459555141306649872e-01
6.686635937719803735e+01 -1.215087643814980112e+01 -1.482696116481707627e-01
6.686925900075026163e+01 -1.209945862767920310e+01 -1.505310123602414674e-01
6.688648824267001203e+01 -1.207198636621599874e+01 -1.537151182233917890e-01
6.687146178687602571e+01 -1.202291839230591108e+01 -1.544749739517070619e-01
6.687361261116694777e+01 -1.197216836923185035e+01 -1.567420372754335656e-01
