6.751019119268295299e+01 -1.472342901757945377e+01 1.386537837855881250e+00
6.700096393370098724e+01 -1.471659535267698971e+01 1.390170191591851401e+00
6.684534066791302109e+01 -1.467420375949742528e+01 1.390029852069677663e+00
6.683517536494490230e+01 -1.462719469300065711e+01 1.388379187240398105e+00
6.681076916053649484e+01 -1.458023312812291650e+01 1.387277937788460092e+00
6.678623645208897130e+01 -1.453469654432105074e+01 1.386213024981416853e+00
6.673968082179213468e+01 -1.448920543333654010e+01 1.384449074525566203e+00
6.673091796812617815e+01 -1.444232753374514111e+01 1.382846974904824666e+00
6.673005694438161584e+01 -1.441922638959554170e+01 1.382167417211806359e+00
6.672266825404992119e+01 -1.437245587772476263e+01 1.381613024359077846e+00
6.670890851690688805e+01 -1.432581737830521185e+01 1.379858948004419661e+00
6.670372229918152129e+01 -1.427856375688939572e+01 1.378360231879554476e+00
6.671133797628158391e+01 -1.423110211826704941e+01 1.377262822017806920e+00
6.671114192541347165e+01 -1.418360842857473791e+01 1.375916147490718666e+00
6.670105819059105556e+01 -1.416034118369638328e+01 1.374938853360898161e+00
6.671152062681831296e+01 -1.411317919975461699e+01 1.372939711376321981e+00
6.669131868807198771e+01 -1.406661489678588772e+01 1.371984165267425393e+00
6.669393600143244782e+01 -1.401939386304290736e+01 1.370734944369965680e+00
6.670451882636929497e+01 -1.397080696421412860e+01 1.368699660031236665e+00
6.669497268807040768e+01 -1.392457409975408567e+01 1.367091672410396308e+00
6.669835420660238867e+01 -1.387670883768421781e+01 1.365848796807432874e+00
6.669184844914214239e+01 -1.385306600292119938e+01 1.364974932751268355e+00
6.669522728102619169e+01 -1.380520047360947267e+01 1.363732083093849079e+00
6.669425559845805651e+01 -1.375835663912179108e+01 1.362379781805222789e+00
6.668329384388488279e+01 -1.371198858816547883e+01 1.360723291454907447e+00
6.668525930903447829e+01 -1.366398911120132809e+01 1.359431986246822710e+00
6.667647096231044657e+01 -1.361711171955797717e+01 1.357830399059590354e+00
6.669214546889025996e+01 -1.359203735777985322e+01 1.356620842251026193e+00
6.669052429068759125e+01 -1.354441193047833458e+01 1.355226204255415290e+00
6.675006423783494824e+01 -1.348909842436840023e+01 1.352557155419156665e+00
6.679370208679453924e+01 -1.343654421537874022e+01 1.350461249081476467e+00
6.687910704305207332e+01 -1.337798074899871459e+01 1.348523361623954475e+00
6.703156423441822653e+01 -1.330942939936089786e+01 1.345433737767175897e+00
6.719916558556749919e+01 -1.323877814930997054e+01 1.341765731805503625e+00
6.751709653451877102e+01 -1.491048831696049426e+01 1.298956077071535375e+00
6.704194386883399659e+01 -1.487097780318416973e+01 1.303750177414763733e+00
6.674278779838782327e+01 -1.473627323139141865e+01 1.303444793524676459e+00
6.673409092095924677e+01 -1.471311531363732783e+01 1.303515129508974635e+00
6.673249907245832446e+01 -1.466548502744992888e+01 1.302119441884187490e+00
6.671657341621687465e+01 -1.461935898289519287e+01 1.300310521053771762e+00
6.673136379057746126e+01 -1.457114193834275362e+01 1.299419376919950686e+00
6.670900311846028785e+01 -1.452509283516838856e+01 1.298409054747371227e+00
6.698378984489961852e+01 -1.446474110964259729e+01 1.292431519645604432e+00
6.670145875980246331e+01 -1.443085362126253557e+01 1.295508520626199811e+00
6.668208507795630169e+01 -1.410172793550340842e+01 1.284601876153277367e+00
6.667609453688255883e+01 -1.405509086969445676e+01 1.284096273777164177e+00
6.667154333554407231e+01 -1.400861773546694877e+01 1.282640205986682602e+00
6.669041324648044622e+01 -1.355594164160174486e+01 1.267468337724852123e+00
6.668607851229334926e+01 -1.353178956731746929e+01 1.266649422827841986e+00
6.667075862138352704e+01 -1.348644143869822543e+01 1.264883455783323063e+00
6.666836833096763826e+01 -1.343946177954301113e+01 1.263482746986066330e+00
6.665816272257340813e+01 -1.339244869937482285e+01 1.261832649991604161e+00
6.665794600799364389e+01 -1.334496140879042514e+01 1.260486927807562330e+00
6.665132287509000264e+01 -1.329757521558467381e+01 1.258940385019650332e+00
6.691677293898428047e+01 -1.321492175493826871e+01 1.253041362924697255e+00
6.709693270183220193e+01 -1.500144839819256504e+01 1.220103529242865914e+00
6.688891056525221757e+01 -1.498056017481247970e+01 1.223908823785947231e+00
6.670180680507088766e+01 -1.489049696226013886e+01 1.224423402888537238e+00
6.667523226403724834e+01 -1.484404490414551603e+01 1.223267178331900684e+00
6.665147149234064727e+01 -1.479786148195134743e+01 1.222208127880251238e+00
6.665334065736907121e+01 -1.475128018397322016e+01 1.220951963439177890e+00
6.663683460453529506e+01 -1.472809182324123611e+01 1.220773072212195887e+00
6.687999204355813276e+01 -1.467186829230944412e+01 1.213905799523152584e+00
6.661377791082183819e+01 -1.411875736642594958e+01 1.201837063891977531e+00
6.659204084225905262e+01 -1.407348084948457867e+01 1.200868981383776291e+00
6.696079300842025361e+01 -1.394759294134889949e+01 1.190026483442217176e+00
6.691047599336815210e+01 -1.390386629400646434e+01 1.189194512046661156e+00
6.694336544849443271e+01 -1.385242422457456613e+01 1.186787380811345605e+00
6.679389818205230256e+01 -1.381913669323576421e+01 1.189102359991406122e+00
6.738830723859021532e+01 -1.326317026343685157e+01 1.159297732134444425e+00
6.774910736681012224e+01 -1.316545933583513417e+01 1.149000305300629465e+00
6.772185218097088466e+01 -1.311824186706389916e+01 1.147803592139055029e+00
6.656428495815798385e+01 -1.322576225337552103e+01 1.172074003769037587e+00
6.657057981049123896e+01 -1.320191735959528501e+01 1.171602050400994299e+00
6.648034349298703205e+01 -1.316648534088226619e+01 1.171737160260109878e+00
6.659835751181829266e+01 -1.310181146702815091e+01 1.167662021713924414e+00
6.712859414689430082e+01 -1.511768204994759479e+01 1.126305291204586556e+00
6.691777655498152910e+01 -1.507133814745523281e+01 1.130303476189706391e+00
6.668741972691753972e+01 -1.497920506994917922e+01 1.133387647142830579e+00
6.666234498876852399e+01 -1.495663772657626467e+01 1.132953686719213593e+00
6.664716203558259622e+01 -1.490983690238878268e+01 1.132149801004555645e+00
6.663837694442537440e+01 -1.486292905804822873e+01 1.131546325177798185e+00
6.655973955467324288e+01 -1.481788944493226801e+01 1.131777280499610239e+00
6.662649813195966431e+01 -1.476970704976674398e+01 1.128535622075199418e+00
6.658855873147933835e+01 -1.406827015356169319e+01 1.107527240320481887e+00
6.691504347471339997e+01 -1.397139939403773035e+01 1.096159263820476015e+00
6.691640855866218374e+01 -1.392265095067396885e+01 1.093826411127946541e+00
6.691979430334788503e+01 -1.387479084378927396e+01 1.092583905558189850e+00
6.691895080126320750e+01 -1.382652557784058622e+01 1.091195510877987829e+00
6.725902061583292380e+01 -1.374614027158609630e+01 1.079724597530815178e+00
6.777683191192568302e+01 -1.303272417446068587e+01 1.042047094440990529e+00
6.779496198150827979e+01 -1.297915561790115113e+01 1.040113141293868004e+00
6.655385061891595910e+01 -1.312712610931404988e+01 1.074877077867997910e+00
6.655644562031524458e+01 -1.307991097012864401e+01 1.073628891561656973e+00
6.648851337853508880e+01 -1.304162217103925592e+01 1.073392176620677096e+00
6.656975350964479787e+01 -1.298272421880228400e+01 1.069311467697669604e+00
6.706861132044410567e+01 -1.512753634012953263e+01 1.047606860823531827e+00
6.668646410994159623e+01 -1.501345710565130354e+01 1.055253468991997901e+00
6.666987494565154293e+01 -1.496652203199523612e+01 1.054400930187908703e+00
6.665891781911517455e+01 -1.492012670786776951e+01 1.053742833951411884e+00
6.664872382830350261e+01 -1.487308434513559341e+01 1.053090790531319154e+00
6.662138104641924485e+01 -1.482727610944153440e+01 1.051928438250157694e+00
6.683164297164982770e+01 -1.477364250093364362e+01 1.044087937841158276e+00
6.791179100972232163e+01 -1.407573532415467632e+01 9.896730231431649649e-01
6.655227723363748282e+01 -1.405806589123827344e+01 1.029015997273538208e+00
6.655770919150239706e+01 -1.401111155105236250e+01 1.027863774457082879e+00
6.655958836907025500e+01 -1.396456033524464857e+01 1.025609196151854530e+00
6.680616257086091991e+01 -1.389516020212114356e+01 1.016478964648242833e+00
6.689499307265920436e+01 -1.383913151211607762e+01 1.011717861292521725e+00
6.690426757356061671e+01 -1.381415854573243429e+01 1.010307458516251478e+00
6.691561795560649273e+01 -1.376493451696591741e+01 1.008279035753932407e+00
6.694786124359690405e+01 -1.371271491224774053e+01 1.005829609715775508e+00
6.781080456382939303e+01 -1.285422848379235639e+01 9.490173737338665205e-01
6.779506343001385460e+01 -1.280525039820501121e+01 9.481377097895524741e-01
6.653034623688444071e+01 -1.297504907458928969e+01 9.917733203409999643e-01
6.653667558381673075e+01 -1.292606508588242065e+01 9.895934798560532819e-01
6.652133446503979997e+01 -1.288071213510611202e+01 9.878276829025058881e-01
6.655433005077186692e+01 -1.282786538162812384e+01 9.853862550682810362e-01
6.693046829718279866e+01 -1.519513406602633765e+01 9.490373836822221243e-01
6.677011096718280214e+01 -1.514860467427170576e+01 9.536337412175970307e-01
6.669939459367012091e+01 -1.510215282852057150e+01 9.550772163160029526e-01
6.666293779149381749e+01 -1.505473347746146295e+01 9.545801341813072716e-01
6.662773086710404868e+01 -1.500884468645639380e+01 9.551669064627648087e-01
6.660841225322103298e+01 -1.498538916343451000e+01 9.548909213329043189e-01
6.660171058643092579e+01 -1.493942325553509320e+01 9.533793409412181230e-01
6.658431992333015614e+01 -1.489310366723989354e+01 9.535197074396288830e-01
6.657914513213330565e+01 -1.484584441894633500e+01 9.520202727818052324e-01
6.657883997834075274e+01 -1.479977135222938323e+01 9.507092939024468503e-01
6.656364789576419128e+01 -1.475296691603850086e+01 9.499051935463290741e-01
6.655693890630796261e+01 -1.470699960153798180e+01 9.483936974680007292e-01
6.656609470483535063e+01 -1.468344156846080395e+01 9.470186721973418154e-01
6.655013364222811845e+01 -1.463728155788483321e+01 9.462084971905251329e-01
6.654197920246311071e+01 -1.459115038219468019e+01 9.456475119409283314e-01
6.654745376516618194e+01 -1.454421922428590896e+01 9.434955142852601284e-01
6.654073805909013117e+01 -1.449825124168074275e+01 9.419840830707923995e-01
6.653555117417280940e+01 -1.445099078743646182e+01 9.404848842690207711e-01
6.656099251487842139e+01 -1.440309928602990297e+01 9.389410075900976871e-01
6.654937888659684120e+01 -1.438112169999106982e+01 9.379512778953164043e-01
6.654841634806655293e+01 -1.433426795051432379e+01 9.365980342699101735e-01
6.655887737982418173e+01 -1.428709973861961657e+01 9.345984031317022822e-01
6.652930204195297392e+01 -1.424176350165323335e+01 9.343800241213249258e-01
6.651614265496230871e+01 -1.419587092104699444e+01 9.336672590755472623e-01
6.653380082621436031e+01 -1.414798200985903698e+01 9.308754108453221043e-01
6.652838047528587140e+01 -1.407840083122139774e+01 9.287395099484301308e-01
6.650804841144181978e+01 -1.403325709179923564e+01 9.278199407770000295e-01
6.653363721910911011e+01 -1.398397652150174864e+01 9.252413805561671145e-01
6.662515787797508438e+01 -1.392963293802125690e+01 9.206131926297222989e-01
6.669811501702722012e+01 -1.387638636364688338e+01 9.154256300101653032e-01
6.669931865872766252e+01 -1.382903101132207269e+01 9.141280228373400707e-01
6.670859074305346326e+01 -1.380405509767732042e+01 9.127174596568530252e-01
6.678525900148019900e+01 -1.374901605058574816e+01 9.075976697798600057e-01
6.670707958034589069e+01 -1.323226844747519237e+01 8.915413310812797532e-01
6.789482692778940986e+01 -1.302259401515815185e+01 8.413299374823206556e-01
6.790658447790775654e+01 -1.296915868248207460e+01 8.381962283292659910e-01
6.728580636429677497e+01 -1.300518544457821690e+01 8.625086432509444512e-01
6.676782997596386338e+01 -1.303046569754862105e+01 8.817801094037478471e-01
6.672141803924569103e+01 -1.298994819589491634e+01 8.821649791948558139e-01
6.645537505861034333e+01 -1.290984557644134334e+01 8.884624793929143394e-01
6.646951975266701140e+01 -1.286089805465256930e+01 8.865323228312886883e-01
6.648381528312366129e+01 -1.281055503789131222e+01 8.835667527056000337e-01
6.647922833943798082e+01 -1.276408646453385032e+01 8.821117599081306215e-01
6.631345722930606712e+01 -1.274415207441753495e+01 8.872883020829196443e-01
6.693168953999585824e+01 -1.259015670587140967e+01 8.585716915447397790e-01
6.705901088770363572e+01 -1.254304525307525253e+01 8.522856323488529062e-01
6.707871226192261815e+01 -1.525454768900377545e+01 8.713538518339083438e-01
6.684586215665676434e+01 -1.520670588234871978e+01 8.796135392179218471e-01
6.673960414931275409e+01 -1.515966545843199853e+01 8.829129235372901174e-01
6.667314444193172562e+01 -1.511364450085828892e+01 8.835030542331667736e-01
6.662587664133889120e+01 -1.506729893068872883e+01 8.846942606652539176e-01
6.660068237611541520e+01 -1.502095419158409584e+01 8.845856379117160717e-01
6.658473387062920779e+01 -1.497479745874021440e+01 8.837755389764370140e-01
6.656183203827073669e+01 -1.495171564858788571e+01 8.833961718149558884e-01
6.654869656864870819e+01 -1.490582815990234167e+01 8.826831214068351361e-01
6.655056479736404640e+01 -1.485924270995558594e+01 8.814266308633408320e-01
6.653883567007750344e+01 -1.481348812736664478e+01 8.807622594708740538e-01
6.653148434442186954e+01 -1.476673892159848478e+01 8.792081100456923259e-01
6.653552312635143551e+01 -1.471964215446498159e+01 8.780064651606933612e-01
6.653098543499669404e+01 -1.467316292462689908e+01 8.765495830153792189e-01
6.652436808795067691e+01 -1.465094520328212013e+01 8.757117304029087279e-01
6.652981086724898319e+01 -1.460398449856259973e+01 8.745587787277164793e-01
6.651887007750822534e+01 -1.455761041606542605e+01 8.729013858601577525e-01
6.652072876411486391e+01 -1.451102536741943361e+01 8.716451984020519017e-01
6.651759385803626401e+01 -1.446468072300242547e+01 8.702370483655392785e-01
6.651087546531229577e+01 -1.441871247315540039e+01 8.687256430966155962e-01
6.652143586344993764e+01 -1.439529123762630647e+01 8.673994106873692544e-01
6.652047272077575713e+01 -1.434843675133428142e+01 8.660461269609088797e-01
6.651090071726858355e+01 -1.430216951871165243e+01 8.654366118535550267e-01
6.651355015419181882e+01 -1.425496791405618069e+01 8.631876824256772274e-01
6.651821938334293804e+01 -1.420865659412728377e+01 8.620290677176245531e-01
6.651584196581603692e+01 -1.416166705327874098e+01 8.606273278394687143e-01
6.650693958283341090e+01 -1.411620878104681154e+01 8.590613257408737935e-01
6.651902973844285327e+01 -1.409149922584723136e+01 8.577476518467447297e-01
6.651805960717413768e+01 -1.404464674978863314e+01 8.563946788844574165e-01
6.650991814237599442e+01 -1.399854324853503584e+01 8.548348888237455867e-01
6.651176285369596997e+01 -1.395196222203706959e+01 8.535792633434340360e-01
6.650362004367146085e+01 -1.390585858548136677e+01 8.520195458060459970e-01
6.650485077066160500e+01 -1.385852554543546233e+01 8.497224786694306253e-01
6.650036326306984336e+01 -1.383576810493393694e+01 8.499386226801675104e-01
6.650300201549822532e+01 -1.378857152648362749e+01 8.476902693855943305e-01
6.651280867562805099e+01 -1.374062630918080075e+01 8.456488122088162696e-01
6.649889987086444876e+01 -1.369540784178383674e+01 8.439310173605898413e-01
6.649650891515898365e+01 -1.364842135148133551e+01 8.425297663358752853e-01
6.649476120377117638e+01 -1.360221785935056893e+01 8.411711692590435607e-01
6.649454322166033649e+01 -1.355472300248478312e+01 8.398248051959378291e-01
6.648649830155812879e+01 -1.353236755036456529e+01 8.389385329846124062e-01
6.649412533357036637e+01 -1.348493612669297370e+01 8.368427260612136820e-01
6.649390452787305605e+01 -1.343744234091377621e+01 8.354965406690842977e-01
6.649153880408593409e+01 -1.339048643605346101e+01 8.330964813037133876e-01
6.648555629988891269e+01 -1.334387553691418660e+01 8.315921124337717352e-01
6.649176952805858321e+01 -1.329631113719215563e+01 8.294479230840609008e-01
6.648075597811094894e+01 -1.324991019762329358e+01 8.287904908050949260e-01
6.647552680300847783e+01 -1.322782729692427139e+01 8.280017453284298501e-01
6.646454248295144396e+01 -1.318145429523349499e+01 8.263452593902032017e-01
6.646354856611742434e+01 -1.313460892432411065e+01 8.249932782903082185e-01
6.646834812357828071e+01 -1.308691020686084094e+01 8.228006728899561750e-01
6.649122926051467175e+01 -1.303595326816991928e+01 8.200904355649389910e-01
6.647806467619652437e+01 -1.299009027486821388e+01 8.183793533787494523e-01
6.646989492485106155e+01 -1.294399139939496735e+01 8.168205203733631681e-01
6.648036839752523974e+01 -1.287170083662618758e+01 8.131149180120218478e-01
6.647872457994822071e+01 -1.282407789293184130e+01 8.117208797297837952e-01
6.647852130658947090e+01 -1.277662035108713390e+01 8.093765753363890703e-01
6.647034695122545145e+01 -1.273052338468153089e+01 8.078180070991044515e-01
6.648319927901074777e+01 -1.268001774389330905e+01 8.058030545315081339e-01
6.647719910172435220e+01 -1.263341388119262021e+01 8.042995725590441625e-01
6.649814079127175148e+01 -1.260529212694976309e+01 8.021716822692180893e-01
6.652693490995876857e+01 -1.255207240373909627e+01 7.985857433143309647e-01
6.653981756908113709e+01 -1.250160055953367433e+01 7.955722359658542464e-01
6.661135027682188081e+01 -1.244038245145912214e+01 7.901177625384059322e-01
6.686064261575828027e+01 -1.234281665741433542e+01 7.762810638583028666e-01
6.704476446409022117e+01 -1.225753391524515656e+01 7.647216079968455205e-01
6.667702913751151073e+01 -1.520562046408452161e+01 7.901385478594658007e-01
6.654094021369861878e+01 -1.518226800654145237e+01 7.961614503125240550e-01
6.650858448351641528e+01 -1.513667525105087819e+01 7.958461720281949647e-01
6.649340254529006700e+01 -1.508987114869333190e+01 7.950418682382947022e-01
6.647886247035057750e+01 -1.504384685741617034e+01 7.942802036204162919e-01
6.647212721152880022e+01 -1.499784919562253016e+01 7.937674298049400834e-01
6.646900540652065104e+01 -1.495150247226146689e+01 7.923588640393397498e-01
6.647032085513798449e+01 -1.492788519041387296e+01 7.917335487625515311e-01
6.645859260397006096e+01 -1.488212866630213860e+01 7.910689715708262293e-01
6.646113206850861843e+01 -1.483634963202894141e+01 7.888557351630061110e-01
6.645374701388276151e+01 -1.478957001069500166e+01 7.883005450394666713e-01
6.645560879605059768e+01 -1.474298121262435046e+01 7.870439330100716946e-01
6.645171371286996020e+01 -1.469728119571583846e+01 7.856294583112981567e-01
6.645140016696444718e+01 -1.465120391211996065e+01 7.843182712672053247e-01
6.645197902119737421e+01 -1.462826133783212512e+01 7.826879350108481015e-01
6.644599601456999949e+01 -1.458161690679478539e+01 7.821814705193849138e-01
6.645070186731472006e+01 -1.453532749448167749e+01 7.800232118632569600e-01
6.643895957876326008e+01 -1.448956889734536801e+01 7.793587242981983021e-01
6.643582151692898208e+01 -1.444322190886159873e+01 7.779504669312952148e-01
6.644052454608721803e+01 -1.439693356763507737e+01 7.757923869461434974e-01
6.644324324718604657e+01 -1.437345294635228043e+01 7.752159966046431316e-01
6.643434382472847233e+01 -1.432799226470531728e+01 7.736496631096398957e-01
6.643836964062373340e+01 -1.428089623650624418e+01 7.724483407788480527e-01
6.642520918418622955e+01 -1.423500084562218149e+01 7.717352832549781994e-01
6.643349052572939684e+01 -1.418834033218611168e+01 7.696808300190217667e-01
6.641959300579974013e+01 -1.414311757203690867e+01 7.679626182396481759e-01
6.643363201206592805e+01 -1.409557376773577175e+01 7.660665065009234498e-01
6.643417209620196218e+01 -1.407260365855178996e+01 7.654354674386636415e-01
6.641166108512831556e+01 -1.402796701775627142e+01 7.644609039945554629e-01
6.640131070022513882e+01 -1.398234327708322589e+01 7.638453454953556543e-01
6.642475394985429205e+01 -1.393359679910009952e+01 7.602127839010424104e-01
6.641550658246794114e+01 -1.384206352834823583e+01 7.573363253821863150e-01
6.642310506357517852e+01 -1.379459747011278736e+01 7.562389871425423404e-01
6.642226339544330926e+01 -1.377152124998868921e+01 7.545603928742850020e-01
6.642486663846939621e+01 -1.372429509395365876e+01 7.533110849784794283e-01
6.641236387777412631e+01 -1.367920916760801830e+01 7.516418299942766446e-01
6.641637424002260559e+01 -1.363211836794566523e+01 7.504411757889319912e-01
6.641683048055246275e+01 -1.358543056072175581e+01 7.481381195170350162e-01
6.641584425949341153e+01 -1.353857952795771169e+01 7.467855681788525546e-01
6.640768667100290656e+01 -1.349247441989060725e+01 7.452260528925088723e-01
6.640680982754032868e+01 -1.346937203901631541e+01 7.445467304738344616e-01
6.640726294241174799e+01 -1.342268493447135569e+01 7.422438328223867066e-01
6.640988963692409186e+01 -1.337549020185956650e+01 7.399958026830504298e-01
6.641030861771679383e+01 -1.332877670177770568e+01 7.386921438578863963e-01
6.641728498161114658e+01 -1.328056526345096700e+01 7.365540073245796515e-01
6.640332753437513702e+01 -1.323531624898644843e+01 7.358354672039204569e-01
6.640018984183745943e+01 -1.318900413409154737e+01 7.334293390828677817e-01
6.640868911519612539e+01 -1.316467700204306901e+01 7.320130597956939766e-01
6.639911057103752512e+01 -1.311843922310404231e+01 7.304052405207003273e-01
6.640246555240581472e+01 -1.307057470124716581e+01 7.291629997003727937e-01
6.639932355982392664e+01 -1.302426486550872475e+01 7.267570968473974213e-01
6.639973528194978769e+01 -1.297755605567953552e+01 7.254539351361676269e-01
6.640388460840084406e+01 -1.292907635195913230e+01 7.232189270015538796e-01
6.640150564850709713e+01 -1.288212386605249549e+01 7.208193765401513797e-01
6.641435492722175127e+01 -1.285678344680477281e+01 7.195131577592703831e-01
6.642788369518791569e+01 -1.280708304607538395e+01 7.165413537614039319e-01
6.641173674745884625e+01 -1.276234481307069402e+01 7.157684214275941148e-01
6.642308793971423597e+01 -1.271315468965341289e+01 7.127419356856689037e-01
6.642505763995011137e+01 -1.266518878124542091e+01 7.104525182538830030e-01
6.641764524212018728e+01 -1.261844634935026477e+01 7.089001885817338700e-01
6.642896246733265286e+01 -1.256923153881334443e+01 7.068730548914999856e-01
6.643258168505970218e+01 -1.254372056801181756e+01 7.052688287105076670e-01
6.644393099384647883e+01 -1.249453567101210716e+01 7.022427286408766678e-01
6.644010157261452321e+01 -1.244742525133117717e+01 7.007942928515005221e-01
6.644283225122936187e+01 -1.239882020739294077e+01 6.985116193592771916e-01
6.645647733509117927e+01 -1.234770497284168833e+01 6.955045434024224038e-01
6.670366576092725097e+01 -1.225071936044824028e+01 6.796158777120293593e-01
6.683498209176723037e+01 -1.531451614473206746e+01 7.001495156801090802e-01
6.669673609749554544e+01 -1.526648206834288324e+01 7.064072566627122018e-01
6.653695801360277073e+01 -1.522067755778400944e+01 7.130442545796205067e-01
6.650273236663100818e+01 -1.519646633605115404e+01 7.142745353748241044e-01
6.649382910240197475e+01 -1.515098159533338951e+01 7.137071022312923008e-01
6.647928977234974468e+01 -1.510495670590541373e+01 7.129452058879326426e-01
6.647255646289822550e+01 -1.505895991622915631e+01 7.124323996501870093e-01
6.646521078061076082e+01 -1.501220856492546396e+01 7.108780119841560108e-01
6.646208823642255936e+01 -1.496586244475875027e+01 7.094694992923820109e-01
6.645544313784607482e+01 -1.494361557914718830e+01 7.096305941915194149e-01
6.646015866583326215e+01 -1.489732442384251421e+01 7.074719988256741310e-01
6.644276168741635047e+01 -1.485100014405143654e+01 7.076122697644071646e-01
6.644670810794630711e+01 -1.480535476109600879e+01 7.054474547205369372e-01
6.643497387743622085e+01 -1.475959696400410159e+01 7.047829488693974076e-01
6.644326664455671505e+01 -1.471293082284969955e+01 7.027278068757585316e-01
6.644730093121143000e+01 -1.466583158139086152e+01 7.015259485320376465e-01
6.644784786890583916e+01 -1.464286080198307971e+01 7.008946918804852544e-01
6.644535839078304207e+01 -1.459729429604669804e+01 6.995288897206403123e-01
6.642938893796525690e+01 -1.455113007027297911e+01 6.987184469985376900e-01
6.643626937770088148e+01 -1.450432974499826599e+01 6.966148759814854152e-01
6.643956498556477186e+01 -1.445790567899142864e+01 6.944081222553457611e-01
6.642423531733460607e+01 -1.441252173723386676e+01 6.936402656507602016e-01
6.643172395728853985e+01 -1.436647690600871563e+01 6.925786463573965213e-01
6.644525533610185164e+01 -1.434192605597300663e+01 6.903141213766048612e-01
6.642489747199998362e+01 -1.429675404608262390e+01 6.903934077439616290e-01
6.643897027827330248e+01 -1.424923322048386254e+01 6.874978307281380818e-01
6.643144561948906812e+01 -1.420388066001043903e+01 6.869793632033053266e-01
6.642189774264896585e+01 -1.415763815076292964e+01 6.853706599780181596e-01
6.641798505741584790e+01 -1.411193773342960256e+01 6.839565662012655478e-01
6.641765558875577824e+01 -1.406586360154554427e+01 6.826459140066851727e-01
6.642398465191183732e+01 -1.404203767148234228e+01 6.811740371852464948e-01
6.641363440394721351e+01 -1.399641259248084957e+01 6.805583259606144964e-01
6.642126775831323471e+01 -1.394897232658795794e+01 6.784616958208606885e-01
6.641453129633141828e+01 -1.390300160117239336e+01 6.769504786474715985e-01
6.641781249180053237e+01 -1.385658252891556685e+01 6.747443600234798167e-01
6.640966383937242767e+01 -1.381047628105124403e+01 6.731845611012452490e-01
6.641652720826019163e+01 -1.376368372734921763e+01 6.710819766332766223e-01
6.639984087654534051e+01 -1.374188354021746150e+01 6.719382465939683913e-01
6.640605969169351397e+01 -1.369431090483083580e+01 6.697931680006252719e-01
6.640575172134464310e+01 -1.364826732089028027e+01 6.674839450858868206e-01
6.640979296078202765e+01 -1.360120496281576052e+01 6.652841847484850524e-01
6.639584487910694577e+01 -1.355595383022732747e+01 6.645655260697880262e-01
6.639847379496427493e+01 -1.350875729139485237e+01 6.623172176078696571e-01
6.638810818877979614e+01 -1.346313304576885628e+01 6.617021131357228025e-01
6.640381011757449414e+01 -1.343808441562593003e+01 6.594932334883562008e-01
6.639347361385404156e+01 -1.339248945461235785e+01 6.578789303296227464e-01
6.640327136421389298e+01 -1.334454842049010281e+01 6.558381418406786789e-01
6.639434227798298593e+01 -1.329908918089449266e+01 6.542726315240364743e-01
6.639990719441588851e+01 -1.325074162028700364e+01 6.520857410669546050e-01
6.639673788931403919e+01 -1.320440167036097279e+01 6.506786530506822874e-01
6.640588678398769673e+01 -1.315568283202940059e+01 6.485956552549926313e-01
6.638410445116711855e+01 -1.313556970599132434e+01 6.483368749886754268e-01
6.639686999121451549e+01 -1.308650720194833639e+01 6.453582798724372127e-01
6.638649219588262440e+01 -1.304088614553284486e+01 6.447434726293044260e-01
6.639269709403617981e+01 -1.299332362410448738e+01 6.425995474659870199e-01
6.639467106421903964e+01 -1.294535238979432457e+01 6.403096388152841323e-01
6.638790782795206269e+01 -1.289938813387847816e+01 6.387994193993044023e-01
6.639567440011595068e+01 -1.285056549789957892e+01 6.356689731462994430e-01
6.639120332151388482e+01 -1.282783844094665682e+01 6.348865588279420935e-01
6.639893606167102291e+01 -1.277898977783849332e+01 6.327553714517480943e-01
6.638858289030878268e+01 -1.273339856668755488e+01 6.311418348680082335e-01
6.638616740985796127e+01 -1.268641978472861531e+01 6.297416287795122303e-01
6.637798781433183137e+01 -1.264032094214849167e+01 6.281830788089870499e-01
6.639292272807244899e+01 -1.259076223279462425e+01 6.252602552243536893e-01
6.639218911495461839e+01 -1.256626561859775393e+01 6.235462067585962886e-01
6.638183030402899476e+01 -1.252067655634470178e+01 6.219327893146026076e-01
6.637723382013700757e+01 -1.247420838596918102e+01 6.204780400519699368e-01
6.637778746318568324e+01 -1.242610825930454865e+01 6.181403121161658243e-01
6.638989919671192297e+01 -1.237627997195900953e+01 6.151206434381565336e-01
6.639339274288151671e+01 -1.232703057111649159e+01 6.128441495615467582e-01
6.639611999376596430e+01 -1.227842586144956449e+01 6.105616146392456312e-01
6.640908885097324799e+01 -1.225166856737257781e+01 6.092198125534949993e-01
6.644379635461694988e+01 -1.219618203793211286e+01 6.047579519946479909e-01
6.670157766504088670e+01 -1.209313520321052060e+01 5.860332879795907557e-01
6.666285174146825909e+01 -1.200377825879740357e+01 5.842885419197426655e-01
6.671515430439825423e+01 -1.533521082216619646e+01 6.198546245513470998e-01
6.652492034743076488e+01 -1.528712119323406071e+01 6.294621661491447417e-01
6.651115180793850357e+01 -1.524045408695582715e+01 6.287065243101982448e-01
6.649018659235237294e+01 -1.519450975175221430e+01 6.287434114908586613e-01
6.647007366728863076e+01 -1.517167246070192377e+01 6.294603405250207562e-01
6.645911647865540317e+01 -1.512527104140185763e+01 6.288017719373960590e-01
6.644457727793214019e+01 -1.507924480692072500e+01 6.280399610708108371e-01
6.644001539781346821e+01 -1.503273475853492513e+01 6.275817946923020196e-01
6.644255842511856258e+01 -1.498695404998079184e+01 6.253683265396793312e-01
6.643582000863871428e+01 -1.494095404243921266e+01 6.248555049443641485e-01
6.642770386986285303e+01 -1.489484832482030541e+01 6.232950892247353103e-01
6.643967579410842461e+01 -1.487155578143327084e+01 6.220168665616004899e-01
6.643152579132618030e+01 -1.482542098825821064e+01 6.214555033184943067e-01
6.643764592082601439e+01 -1.477926663218279657e+01 6.193456412635099939e-01
6.642808446487514118e+01 -1.473299571168345246e+01 6.187357027482836003e-01
6.642921039564343744e+01 -1.468708102134056759e+01 6.164738975643901941e-01
6.642105501576054394e+01 -1.464094569031943394e+01 6.159127053134756391e-01
6.642716977196452888e+01 -1.459479079976030214e+01 6.138028951495796415e-01
6.642988995142349040e+01 -1.457130897208880960e+01 6.132263986604267192e-01
6.643741346653857249e+01 -1.452528993488739140e+01 6.111654279164014936e-01
6.642928389452308124e+01 -1.447918288105918805e+01 6.096051419244934433e-01
6.642614583459121036e+01 -1.443283589425659663e+01 6.081968250070387549e-01
6.642441458800497855e+01 -1.438662389205668823e+01 6.068372608306209504e-01
6.642409210793944396e+01 -1.434054774993920667e+01 6.055262978718675138e-01
6.642018432879683587e+01 -1.429484579194587468e+01 6.041119593775402530e-01
6.642651561139547312e+01 -1.427101805398080536e+01 6.026398637840709727e-01
6.642695539093600132e+01 -1.422429681478140751e+01 6.013351594409800382e-01
6.641946070122243384e+01 -1.417897158899172361e+01 5.998175851830603866e-01
6.641989779411503036e+01 -1.413225008255046866e+01 5.985129067855136098e-01
6.642535891406647863e+01 -1.408531758002651202e+01 5.963613366103245328e-01
6.640346027392638462e+01 -1.404143549917725231e+01 5.964284141450533205e-01
6.641330087100189417e+01 -1.399351192224835572e+01 5.933873389657441377e-01
6.640663831111626791e+01 -1.397126332124588721e+01 5.935485429603670759e-01
6.641068636640520140e+01 -1.392419723947714694e+01 5.913485372850394439e-01
6.640033165136057391e+01 -1.387857273121485235e+01 5.907329381030771431e-01
6.641298786030206713e+01 -1.383092304739795075e+01 5.877894232827574061e-01
6.640624737025076740e+01 -1.378495192280077575e+01 5.862781854771328405e-01
6.641311060600475003e+01 -1.373816071078955048e+01 5.841756346334930905e-01
6.640995228556730012e+01 -1.369181610138481808e+01 5.827680500849947709e-01
6.640190840671711214e+01 -1.366946041447789106e+01 5.818817448503700307e-01
6.639154623206781025e+01 -1.362383583794294140e+01 5.812663827071977707e-01
6.640058079221572029e+01 -1.357653575397750778e+01 5.792188308485151094e-01
6.639680640494441377e+01 -1.352943960059825379e+01 5.767698706903113814e-01
6.640801484680520161e+01 -1.348163225697363288e+01 5.747772063942673260e-01
6.639691443237558133e+01 -1.343668188596987179e+01 5.731568161937712347e-01
6.640248230552872144e+01 -1.338833191258499333e+01 5.709697134413841413e-01
6.639725326926721038e+01 -1.336624767523870005e+01 5.701807556887352746e-01
6.640128798351061334e+01 -1.331918939917897404e+01 5.679816180430962147e-01
6.639888510302286306e+01 -1.327220341302419016e+01 5.665806565492895741e-01
6.638416106603936839e+01 -1.322759872805233883e+01 5.658558171302053852e-01
6.638895998545427801e+01 -1.317989622366572533e+01 5.636630247790626047e-01
6.639596336360143880e+01 -1.313171453448129355e+01 5.605259342574224757e-01
6.639584833883199622e+01 -1.310796802476471612e+01 5.598530626798671195e-01
6.640282040268212427e+01 -1.305975886559443921e+01 5.577151514146375666e-01
6.638591475430875732e+01 -1.301566405202837018e+01 5.569358478214657682e-01
6.639215126883129869e+01 -1.296812936899349822e+01 5.537927634522649134e-01
6.639050577766352035e+01 -1.292050287820605092e+01 5.523983925908804160e-01
6.639247796360950815e+01 -1.287253247851458937e+01 5.501086891384062705e-01
6.639291743726583661e+01 -1.282585281295218316e+01 5.478065799155683591e-01
6.639497511792110629e+01 -1.280160061837275087e+01 5.471887220988312928e-01
6.638244568407479562e+01 -1.275651677140913520e+01 5.455202248474209092e-01
6.638441417602287231e+01 -1.270854938937059231e+01 5.432307272135266096e-01
6.637764529258292612e+01 -1.266258727562792075e+01 5.417208651394994634e-01
6.637525964806900447e+01 -1.261563717004352370e+01 5.393215859422454406e-01
6.637001991985934524e+01 -1.256838600149626650e+01 5.378241827317298274e-01
6.637339512782374129e+01 -1.252055799754045040e+01 5.355835587623862803e-01
6.637842414761630039e+01 -1.249518264699110759e+01 5.340280794274138154e-01
6.637306063496629349e+01 -1.244935977602905908e+01 5.325671635412613236e-01
6.637361354073732400e+01 -1.240126025423995415e+01 5.302294291287318329e-01
6.637778429636509259e+01 -1.235281853700763399e+01 5.269962966988653852e-01
6.639424737857126502e+01 -1.230197709608377643e+01 5.240866755543770461e-01
6.639197620932644384e+01 -1.225360690116714935e+01 5.216516785935807476e-01
6.640191023020332750e+01 -1.220429022946216335e+01 5.185774808969448868e-01
6.640690441063915728e+01 -1.217889213667832848e+01 5.180214403118189592e-01
6.640825125257967443e+01 -1.213018144969221446e+01 5.146913372107481122e-01
6.646837910817126271e+01 -1.206931248157966863e+01 5.088847083438982066e-01
6.658094582071440470e+01 -1.199644176079194580e+01 4.984027687509186011e-01
6.678492724661494151e+01 -1.538108171260851265e+01 5.222780479018435118e-01
6.660388246603449147e+01 -1.533313252148056094e+01 5.331827537401601091e-01
6.651746508232390909e+01 -1.528654662582457568e+01 5.371256353784682469e-01
6.646952705516024196e+01 -1.523939135676785916e+01 5.392733482512938048e-01
6.646279790691197320e+01 -1.519339362458241105e+01 5.387605290214546594e-01
6.644042050468434013e+01 -1.514731377029239567e+01 5.387487153521663963e-01
6.666550683634831387e+01 -1.512261610525448852e+01 5.231882425992937513e-01
6.654119661873747305e+01 -1.507733465527729955e+01 5.299669756871909776e-01
6.668570171636393695e+01 -1.502891338568906754e+01 5.191811342620209491e-01
6.667695122649077177e+01 -1.498203401202913909e+01 5.175786124354662121e-01
6.649971162188829510e+01 -1.493872261022221259e+01 5.287354501612615554e-01
6.644229351247628301e+01 -1.489424738573175944e+01 5.306578825793001331e-01
6.643720841622177886e+01 -1.487073686015773433e+01 5.298320642590520491e-01
6.643613334798786241e+01 -1.482530406876824536e+01 5.285146250760219822e-01
6.643156474554216118e+01 -1.477879334723426474e+01 5.280567022130285837e-01
6.661782428792946575e+01 -1.472588977779784614e+01 5.134681799430911298e-01
6.668544523467619456e+01 -1.467715071524520631e+01 5.072358479535307163e-01
6.640169884153797852e+01 -1.459600454404482761e+01 5.239468133770202041e-01
6.639443452227436637e+01 -1.457300379207316254e+01 5.230663657855099125e-01
6.639129733655872201e+01 -1.452665486206659828e+01 5.216579026193484125e-01
6.641068743019719989e+01 -1.443359503213236117e+01 5.176453818238125892e-01
6.638316568265859985e+01 -1.438917205691375045e+01 5.175179118067130268e-01
6.639785052389146358e+01 -1.434240237274554275e+01 5.156638088694627253e-01
6.639243038474322134e+01 -1.427281242227841140e+01 5.135271301705784941e-01
6.637991106382690987e+01 -1.422769745575614841e+01 5.128564075892468876e-01
6.639180793788294466e+01 -1.418068740781688319e+01 5.099062154576712302e-01
6.637975164325078481e+01 -1.408887786363078121e+01 5.069319253156773231e-01
6.637801085836065340e+01 -1.404266626609399182e+01 5.055725451235446588e-01
6.636906846689608130e+01 -1.399717593858965259e+01 5.050054940660989589e-01
6.636963778472750164e+01 -1.397423377064611216e+01 5.033752822434751639e-01
6.637288733182801082e+01 -1.392778381156891498e+01 5.021681164250788587e-01
6.636801746209820863e+01 -1.383525554754901243e+01 4.984019193735325093e-01
6.636268586789658741e+01 -1.378941893798110208e+01 4.969393682623465258e-01
6.636280306756043501e+01 -1.369665435342818860e+01 4.933256969304178341e-01
6.635766650905185315e+01 -1.367311435523555119e+01 4.934991929076100181e-01
6.635659030165717809e+01 -1.362771459707791344e+01 4.911837231672433468e-01
6.636054476915926159e+01 -1.344042023219100734e+01 4.830252682520476126e-01
6.634723439717738813e+01 -1.339594985991686293e+01 4.823490235352595468e-01
6.635060635035065957e+01 -1.323160413707877225e+01 4.758212575447374748e-01
6.634070834246182358e+01 -1.313932230170138915e+01 4.719046104132149644e-01
6.633524060018335433e+01 -1.306974351310580218e+01 4.697697090388271990e-01
6.633068668912989096e+01 -1.302329547658053244e+01 4.673149785366937925e-01
6.633330222433244217e+01 -1.297610368830546967e+01 4.650675699063823165e-01
6.633306667216876917e+01 -1.292861147944175748e+01 4.637217931655857051e-01
6.633929975896090525e+01 -1.288107713067819660e+01 4.605788473663069427e-01
6.632882693442061850e+01 -1.281173827717614877e+01 4.582922593706189041e-01
6.632705614464794053e+01 -1.276553823857336134e+01 4.569343946820652036e-01
6.634616541201532414e+01 -1.266752564905359257e+01 4.507776136481209672e-01
6.660467327059164688e+01 -1.257317490364293811e+01 4.293167663109080934e-01
6.662488470181233424e+01 -1.252056363611412237e+01 4.254752545114109941e-01
6.663414888238771994e+01 -1.249560215951587949e+01 4.240659202701003716e-01
6.652166839694208988e+01 -1.246790492571219389e+01 4.297179120840313171e-01
6.661585809607112196e+01 -1.240107728503970463e+01 4.208224884351197126e-01
6.662656485687824670e+01 -1.235111926860184539e+01 4.177545128206275882e-01
6.659305699940111367e+01 -1.230896769929568535e+01 4.185048277911156411e-01
6.659079005916360927e+01 -1.226060266208599892e+01 4.160701115376987946e-01
6.631887871476486396e+01 -1.224432733846214738e+01 4.329883854676422894e-01
6.630709861029474439e+01 -1.219860218514029171e+01 4.313265566852864108e-01
6.630829028949861481e+01 -1.215128622889976384e+01 4.290317073644129842e-01
6.631978360741945266e+01 -1.210070955053472730e+01 4.249707963719544512e-01
6.633418698491469456e+01 -1.204895491489254766e+01 4.219704307496547901e-01
6.635515392008436208e+01 -1.199570836746745961e+01 4.181359548054255360e-01
6.647505111792580124e+01 -1.192070482560104594e+01 4.068263115386533402e-01
6.670815205300749540e+01 -1.539884703292673507e+01 4.372639974554315412e-01
6.658126573384981839e+01 -1.535043598870710113e+01 4.448730377837145644e-01
6.650623677842646941e+01 -1.530349897954913807e+01 4.491682700347138235e-01
6.649810202512037449e+01 -1.525736773639155963e+01 4.486067782659460823e-01
6.646145905368956619e+01 -1.521131601954336432e+01 4.501439705667305002e-01
6.644483851681040676e+01 -1.516434738409120797e+01 4.502900195668206873e-01
6.666193737377318485e+01 -1.511732501589422384e+01 4.328437698634931552e-01
6.655911887487134493e+01 -1.509498937900365689e+01 4.399534009690826419e-01
6.643838596933309759e+01 -1.504932550799451718e+01 4.468350219031778092e-01
6.642742354053777376e+01 -1.500292221251993219e+01 4.461764715823125504e-01
6.646315798850297085e+01 -1.491074663389831478e+01 4.407052022248418854e-01
6.646928107472305669e+01 -1.486458986504551127e+01 4.385951278745523485e-01
6.643402826554572016e+01 -1.481866335735134399e+01 4.401806229625762068e-01
6.665391363728747365e+01 -1.478921972407125729e+01 4.233203740912390156e-01
6.642504640681262629e+01 -1.474944926273217405e+01 4.379401760160630541e-01
6.641676976019911649e+01 -1.470474078643966642e+01 4.374153914691113476e-01
6.643084909547121697e+01 -1.465721588218846883e+01 4.345190726604217790e-01
6.665577163782042192e+01 -1.460237843535664837e+01 4.171022489741486039e-01
6.662476985330896184e+01 -1.455688496305661772e+01 4.178345783499409771e-01
6.643492053373876161e+01 -1.451877049608249948e+01 4.297385242294657903e-01
6.640759159484103691e+01 -1.449664593341631580e+01 4.312475582749814018e-01
6.643091722105499741e+01 -1.444931720742336978e+01 4.276503689116133433e-01
6.640979709734708081e+01 -1.440479029461490157e+01 4.277233966633074980e-01
6.642886363134179817e+01 -1.435702772477753264e+01 4.249796890510099123e-01
6.640774021303725760e+01 -1.431249980454957260e+01 4.250528217482973936e-01
6.641605508261284285e+01 -1.426586494815395056e+01 4.219991491355546964e-01
6.639428395291064078e+01 -1.422055460049345399e+01 4.220297399276285999e-01
6.642499939032134648e+01 -1.419480492608813016e+01 4.192769902602906384e-01
6.640169540758614630e+01 -1.415078664752277859e+01 4.192954471085363899e-01
6.641294564539856538e+01 -1.410299698747233421e+01 4.163028268981846525e-01
6.639104713839223848e+01 -1.405911356493227160e+01 4.163698708085845634e-01
6.640511490544126616e+01 -1.401159562168431805e+01 4.134745721346645420e-01
6.638615294295995284e+01 -1.396655582069309887e+01 4.136025422492757286e-01
6.640601059334247225e+01 -1.391818316010766310e+01 4.098665255183098211e-01
6.639358723736820878e+01 -1.389681854760567958e+01 4.098697252878050756e-01
6.640480142753609982e+01 -1.384900467169019045e+01 4.078764636251913656e-01
6.638804119372505852e+01 -1.380348236014533825e+01 4.070603124178711063e-01
6.640133974076833567e+01 -1.375661456927725723e+01 4.041593913938530402e-01
6.637017341383229052e+01 -1.371252977875482593e+01 4.049274261240999317e-01
6.638644283661231782e+01 -1.366453676013546392e+01 4.010885716542568202e-01
6.637039763851626617e+01 -1.364351699568432963e+01 4.019872361080385481e-01
6.639242594001429154e+01 -1.359464216487398858e+01 3.983066246858807391e-01
6.637127488214838422e+01 -1.355010912531372114e+01 3.983799230626997590e-01
6.638689722586948960e+01 -1.350133746114163102e+01 3.944988922900888317e-01
6.636715181267064168e+01 -1.345694098770509228e+01 3.946208314039179044e-01
6.638700213144701934e+01 -1.340858045255455444e+01 3.908858773128945918e-01
6.636084908878289923e+01 -1.336428360034434348e+01 3.908070049465725004e-01
6.638154688419268723e+01 -1.333899884651845724e+01 3.887505796589164619e-01
6.635900822785049513e+01 -1.329435708134709770e+01 3.877763605459947360e-01
6.637241920726808075e+01 -1.324607272587180340e+01 3.848397560031142639e-01
6.635551755496457815e+01 -1.320197526306045788e+01 3.840602666418897471e-01
6.637625220135454640e+01 -1.315154826807762767e+01 3.802955827398677435e-01
6.635934742719739177e+01 -1.310745151130758757e+01 3.795161328979891335e-01
6.637581449557430346e+01 -1.308176280312522444e+01 3.773139841980917009e-01
6.635605594740297875e+01 -1.303736535852467426e+01 3.774361921912718909e-01
6.637026129058618551e+01 -1.298846885784449690e+01 3.735074435882548283e-01
6.635191046578114538e+01 -1.294420750643190132e+01 3.736783453729501936e-01
6.637267366307611383e+01 -1.289381514601292622e+01 3.689151927871734404e-01
6.634558398071813201e+01 -1.285156026592254541e+01 3.698659553804918287e-01
6.637725859644260140e+01 -1.279865708092223642e+01 3.643783466745490474e-01
6.633949408922713076e+01 -1.278123304880877775e+01 3.666900493121530991e-01
6.662668761038031562e+01 -1.268542920492992110e+01 3.420965732658267644e-01
6.664178348774953520e+01 -1.263447531930631129e+01 3.381386686383124340e-01
6.636198152127914796e+01 -1.263539004255580167e+01 3.582924320135602025e-01
6.633350438118822012e+01 -1.259302510188823732e+01 3.581954052906025643e-01
6.632096718947008185e+01 -1.254794082160668367e+01 3.565270059263516700e-01
6.632498385196436175e+01 -1.247572469471635692e+01 3.536201599613968405e-01
6.633133084188133921e+01 -1.242677256823217569e+01 3.504416626978096305e-01
6.631222820711778354e+01 -1.238318542446992510e+01 3.496078188783340313e-01
6.631857267171544379e+01 -1.233423473411761506e+01 3.464296394373536092e-01
6.633068127958324567e+01 -1.228440714945102386e+01 3.434101293797935384e-01
6.661817361045687846e+01 -1.217796235166259677e+01 3.175271051225895258e-01
6.653737650721426178e+01 -1.214618898048318130e+01 3.220705694480526793e-01
6.632947370140924193e+01 -1.216497962099176888e+01 3.380078549982893366e-01
6.633081769156844132e+01 -1.211626696002771197e+01 3.346776050668034408e-01
6.636181399719104945e+01 -1.206258033344313674e+01 3.301487159430558371e-01
6.637045296514864390e+01 -1.201170527549684408e+01 3.269897481859934674e-01
6.638924319501893478e+01 -1.195896705881753519e+01 3.231005633501019547e-01
6.649169481368284096e+01 -1.188799589961071490e+01 3.123505460915724230e-01
6.692217840301100296e+01 -1.539277454712938464e+01 3.237889723553400989e-01
6.667707730688800893e+01 -1.536798442817144661e+01 3.423195252619061213e-01
6.658071147257658140e+01 -1.532037797556139402e+01 3.489200800292271420e-01
6.655690225041283270e+01 -1.527414035145401527e+01 3.498590266371969237e-01
6.678045595976541904e+01 -1.522705451321282588e+01 3.306142073243166779e-01
6.669899306647397452e+01 -1.518019726327836061e+01 3.357080627337618584e-01
6.658105570810617735e+01 -1.513478601129577505e+01 3.436865996267516321e-01
6.649459062527391495e+01 -1.508816018682368210e+01 3.486281433190149270e-01
6.651862866588463419e+01 -1.506532629877566087e+01 3.467454682384911724e-01
6.650267908714677390e+01 -1.501916675229160170e+01 3.459351959262232379e-01
6.652209464564850805e+01 -1.492610336934478177e+01 3.419218371957866154e-01
6.651253903780842336e+01 -1.487983506519758947e+01 3.413118014137518363e-01
6.652368480966579511e+01 -1.483346716832233625e+01 3.383547887080404770e-01
6.644194198866001955e+01 -1.478943758091242699e+01 3.435201261850043819e-01
6.668985521387763526e+01 -1.475774760933268759e+01 3.234839595551715075e-01
6.670176821162603176e+01 -1.471073916820693306e+01 3.205334926492275915e-01
6.649056016804013325e+01 -1.467193482167633967e+01 3.357422027421049782e-01
6.649024527690824016e+01 -1.462585740277835455e+01 3.344310882213358260e-01
6.671254069018507948e+01 -1.456938576432124677e+01 3.148828897199786869e-01
6.648084096568331347e+01 -1.448681945117963288e+01 3.302062990366051443e-01
6.647921197116045278e+01 -1.446435944943134899e+01 3.295204272693005310e-01
6.648403687499801151e+01 -1.441664499365383278e+01 3.273258605801369070e-01
6.647651832298249985e+01 -1.437129235942624739e+01 3.268074667420444168e-01
6.646979348561342249e+01 -1.432532076313650116e+01 3.252958804366685719e-01
6.647449429913386609e+01 -1.427903423317420106e+01 3.231379001224441438e-01
6.647275949168349030e+01 -1.423282390693640664e+01 3.217785081402773084e-01
6.646766424917638005e+01 -1.420931304584786758e+01 3.209529528043634228e-01
6.647312805958054582e+01 -1.416238081392812731e+01 3.188012375825268752e-01
6.646921658263522659e+01 -1.411668187022535470e+01 3.173872240078827733e-01
6.646321792522803662e+01 -1.407003791256176228e+01 3.168810484656192639e-01
6.645507598751736111e+01 -1.402393233112090876e+01 3.153212442300759033e-01
6.645836030484011303e+01 -1.397751255282277860e+01 3.131150860867383257e-01
6.645018346757822769e+01 -1.393137813565601490e+01 3.125541886993619123e-01
6.644431759964453477e+01 -1.390851119815381942e+01 3.117225516349940717e-01
6.645118365518021619e+01 -1.386171891169365011e+01 3.096199412214812874e-01
6.644805994363640878e+01 -1.381540277969425645e+01 3.072130724709791760e-01
6.643987863168491970e+01 -1.376926892654197943e+01 3.066525253284788644e-01
6.644894853800413159e+01 -1.372199671510636065e+01 3.036056957445179005e-01
6.643500375092568788e+01 -1.367674658993741943e+01 3.028869321202276588e-01
6.643992169878949028e+01 -1.365278795274681656e+01 3.013665873763808900e-01
6.643535105477198499e+01 -1.360630916258412704e+01 2.999104547033659696e-01
6.644297671146063067e+01 -1.355887455686471910e+01 2.978144543524512411e-01
6.642902715903501587e+01 -1.351362463738969133e+01 2.970956636192003675e-01
6.642730551987973797e+01 -1.346744673738907316e+01 2.947379651032693282e-01
6.642349639438583608e+01 -1.342032345165764085e+01 2.932882036702950668e-01
6.642174002081273443e+01 -1.337411842266719653e+01 2.919295847784899589e-01
6.643385724706466533e+01 -1.334944470673898920e+01 2.896176078988104141e-01
6.640770272604041224e+01 -1.330514906091747562e+01 2.895388416801409903e-01
6.642111607861959044e+01 -1.325686459418933438e+01 2.866025484444991722e-01
6.641436026615286892e+01 -1.321089735475690041e+01 2.850920046905445204e-01
6.640977877060471712e+01 -1.316442188238211131e+01 2.836363349254267252e-01
6.641819286464283323e+01 -1.311637692539748912e+01 2.805478131991812063e-01
6.642298912940945854e+01 -1.306867720219590367e+01 2.783552531938708885e-01
6.640555556355981537e+01 -1.304754626858231426e+01 2.782061872808982983e-01
6.640970636837100471e+01 -1.299906535847321720e+01 2.759710729986322164e-01
6.641594244007822567e+01 -1.295153164199679630e+01 2.728282404054396260e-01
6.640853448113347213e+01 -1.290478559429790906e+01 2.712754731892295101e-01
6.641835575078364684e+01 -1.285688208381503017e+01 2.682362561562277037e-01
6.640656129792546380e+01 -1.281112607568997674e+01 2.675729792069190260e-01
6.669099521461383517e+01 -1.271509821540494478e+01 2.408835877796804414e-01
6.653953066782742098e+01 -1.271728167184699210e+01 2.521427142687602263e-01
6.639370463749816054e+01 -1.269483932368700785e+01 2.628873514182430426e-01
6.642155224666389302e+01 -1.259482866458569994e+01 2.559515268776926256e-01
6.643084594794373743e+01 -1.254472353350469938e+01 2.528342565375802931e-01
6.641668768295441794e+01 -1.245205138457327720e+01 2.487733561216751710e-01
6.639246719640662775e+01 -1.238495891007536898e+01 2.471148226304984430e-01
6.639660633186062455e+01 -1.233648935108720579e+01 2.448809685076187570e-01
6.638121166832560505e+01 -1.229110739726570145e+01 2.441145518981098217e-01
6.636790257756337041e+01 -1.224667300884687293e+01 2.424403179270986364e-01
6.641794128160731248e+01 -1.218771699905664718e+01 2.353657439049983147e-01
6.638932520185269937e+01 -1.212161399887488145e+01 2.345967519901033249e-01
6.639284652584521496e+01 -1.207239678568249808e+01 2.313216956538286517e-01
6.642399738625576333e+01 -1.201731468817470372e+01 2.257576317499327967e-01
6.646167932136512491e+01 -1.196071479041919972e+01 2.203585247764912047e-01
6.657302394155423997e+01 -1.188634570395228529e+01 2.077939301054867460e-01
6.656021524145641877e+01 -1.529612810604511353e+01 2.605042935992263331e-01
6.653358834931270849e+01 -1.524962010010133184e+01 2.613461904972997907e-01
6.670298118447172442e+01 -1.520299317105307502e+01 2.453967571891331190e-01
6.647891654168738285e+01 -1.515646596286228132e+01 2.629810234069966945e-01
6.645905098560160695e+01 -1.506457658834148283e+01 2.617548872171673313e-01
6.649001179690898766e+01 -1.499496823395278255e+01 2.567691717312430288e-01
6.649187969345516080e+01 -1.494837936885267737e+01 2.555123951863818021e-01
6.643158068893482948e+01 -1.490357809246356524e+01 2.593358581040845490e-01
6.648486428172410001e+01 -1.485633142051323219e+01 2.526893081249070860e-01
6.647530524615362424e+01 -1.481006345063735097e+01 2.520794109127943994e-01
6.647998469069183614e+01 -1.476374502767839125e+01 2.509200867955021508e-01
6.647051789787069254e+01 -1.474122738441117164e+01 2.509839922514047750e-01
6.644780854260332603e+01 -1.464906435075985591e+01 2.496610722838461527e-01
6.649980697923882644e+01 -1.460026534644180352e+01 2.429302393132668492e-01
6.647693417082794554e+01 -1.450950197698134581e+01 2.426428055103808656e-01
6.647379744851284045e+01 -1.446315511875615023e+01 2.412346542718089015e-01
6.648013081361550292e+01 -1.443932691121766609e+01 2.397624926317412086e-01
6.648559953011017853e+01 -1.439239313863791914e+01 2.376105326923301231e-01
6.648028540482727067e+01 -1.434655827118562677e+01 2.361476342834520903e-01
6.648075844423028968e+01 -1.429986537072710462e+01 2.338438373627842459e-01
6.647902571547913908e+01 -1.425365457155353610e+01 2.324844984351224220e-01
6.647226540260979277e+01 -1.420765644778713721e+01 2.319721043782505543e-01
6.647783146507732965e+01 -1.418447621631901789e+01 2.304940815655271980e-01
6.646828358823722738e+01 -1.413823370707150850e+01 2.288853783402400310e-01
6.647012931071196817e+01 -1.409164939904112224e+01 2.276294538857897010e-01
6.647200621054517455e+01 -1.404509389932503183e+01 2.253745029003608735e-01
6.646744762254131444e+01 -1.399861326164264241e+01 2.239181066226607619e-01
6.646570522615729715e+01 -1.395240421218535154e+01 2.225588662025097531e-01
6.646255288696438868e+01 -1.390606087744196984e+01 2.211511507628740603e-01
6.646388849247136932e+01 -1.388247401159812711e+01 2.195272181881482432e-01
6.645714981485177475e+01 -1.383650509744678203e+01 2.180161006856864425e-01
6.645681335759717001e+01 -1.379043297579614880e+01 2.167057592552790179e-01
6.645224718065966840e+01 -1.374395361489426115e+01 2.152495145395947329e-01
6.644908946436612496e+01 -1.369760974230480599e+01 2.138419700921505573e-01
6.644672787168501316e+01 -1.365064984818958926e+01 2.114416317838465620e-01
6.645358858592446438e+01 -1.360386007567258915e+01 2.093392796617101759e-01
6.644269227067687211e+01 -1.358120382951254967e+01 2.093547979410270710e-01
6.643956187261046864e+01 -1.353489007615421968e+01 2.069482600052252597e-01
6.644501025946507866e+01 -1.348796611951690849e+01 2.047974788596755857e-01
6.643685162591776816e+01 -1.344186124287415751e+01 2.032381156977345338e-01
6.643445187108846994e+01 -1.339487455404042571e+01 2.018369955834786733e-01
6.644069564427785224e+01 -1.334733518075288039e+01 1.986934141003435794e-01
6.643173554582187990e+01 -1.330184883957906017e+01 1.981271030906390784e-01
6.643523834651914228e+01 -1.327775709271708848e+01 1.965583888932520562e-01
6.643206934348924619e+01 -1.323141751119869625e+01 1.951513209275068661e-01
6.643110656820925897e+01 -1.318459789681436156e+01 1.928002259974483934e-01
6.642588065205528380e+01 -1.313734100106417202e+01 1.913020284826274509e-01
6.641694665973386691e+01 -1.309188330212856677e+01 1.897367628835597841e-01
6.641815642474520587e+01 -1.304455629614528966e+01 1.874405089383606171e-01
6.641216095451389378e+01 -1.299794613594044357e+01 1.859364626226260864e-01
6.642068992877328526e+01 -1.297364902027613276e+01 1.835212034015747395e-01
6.642624923003285176e+01 -1.292530665026870729e+01 1.813348766867337591e-01
6.640434233413894560e+01 -1.288144741917717084e+01 1.804034088271462277e-01
6.639757745057364957e+01 -1.283548265955157852e+01 1.788932418839632721e-01
6.672897638663204134e+01 -1.273338849979689158e+01 1.465201627842704912e-01
6.635948702239431896e+01 -1.274685280254927378e+01 1.781877732628962541e-01
6.639389347037784717e+01 -1.267051190947480954e+01 1.711261205068819180e-01
6.635962268515147855e+01 -1.262899860358151116e+01 1.718697239600770477e-01
6.635502707928050370e+01 -1.258252849336437329e+01 1.704147093476344743e-01
6.636934723180439732e+01 -1.253221532018649320e+01 1.664504694318902356e-01
6.638443310366437800e+01 -1.248125976408227622e+01 1.624925559621746007e-01
6.637109669467497497e+01 -1.243679525643232253e+01 1.618173154795210511e-01
6.634840873263951266e+01 -1.239357925172968855e+01 1.608797706230802316e-01
6.636717241127041689e+01 -1.236596874808210345e+01 1.586972121629972587e-01
6.635978091141259938e+01 -1.231925613067752678e+01 1.561461525685328144e-01
6.633846757801433114e+01 -1.227614958715805926e+01 1.562565668571431754e-01
6.635575840020190697e+01 -1.222471996310192388e+01 1.513549926459112349e-01
6.655838369114223951e+01 -1.213502829112114334e+01 1.302513139385585994e-01
6.637433061595429251e+01 -1.212452578653692647e+01 1.451217334163028561e-01
6.637567446917492475e+01 -1.207581446390131497e+01 1.417916362102489281e-01
6.641336001163899994e+01 -1.204437436229953562e+01 1.371006662579827839e-01
6.637391626106216336e+01 -1.200449073945836531e+01 1.387275284720266288e-01
6.653452637637536782e+01 -1.516474725799253953e+01 1.749017808808912555e-01
6.650568640482575233e+01 -1.511871995681967640e+01 1.766878627820185343e-01
6.651683721971218688e+01 -1.507234918095596932e+01 1.737304526333003363e-01
6.650878442976905092e+01 -1.504996927058334144e+01 1.738430601412108700e-01
6.651047092686576434e+01 -1.495587599443536497e+01 1.712385514417884558e-01
6.651442197580431070e+01 -1.491023174411447094e+01 1.690739162323109390e-01
6.651129661183441044e+01 -1.486388669839670129e+01 1.676654631104101956e-01
6.648388382039793498e+01 -1.481801602431960241e+01 1.685009622031963250e-01
6.663811289186703846e+01 -1.479081745267429326e+01 1.536197688651415039e-01
6.667363858572434765e+01 -1.474252245828948737e+01 1.493819404792851024e-01
6.650463511754038848e+01 -1.470136443383813685e+01 1.628636372737051197e-01
6.650073735151663357e+01 -1.465566415305012171e+01 1.614490694193726483e-01
6.665794691093222468e+01 -1.460214871845043305e+01 1.459200171694632342e-01
6.670069931395333640e+01 -1.455316438452852168e+01 1.398909658314895221e-01
6.658653345708054871e+01 -1.451236659474906965e+01 1.491213044669343901e-01
6.657139659368645823e+01 -1.448928106218157907e+01 1.499900710260673176e-01
6.658189323978530183e+01 -1.444213804111625876e+01 1.469910353633714362e-01
6.657952193473433056e+01 -1.439514843155708768e+01 1.455891905203010595e-01
6.657420901773922139e+01 -1.434931503773534978e+01 1.441263723135315367e-01
6.656681146238202018e+01 -1.430253822879838665e+01 1.435717571212371535e-01
6.656933889719935848e+01 -1.425676408542824269e+01 1.413591693700455565e-01
6.654833707208743476e+01 -1.421081272058147249e+01 1.413963590163918038e-01
6.655969359764230830e+01 -1.418677546688897273e+01 1.390772136451821073e-01
6.655229066898925794e+01 -1.413999812346829010e+01 1.385226503439760393e-01
6.654620581334083340e+01 -1.409481156635767718e+01 1.370540293323645464e-01
6.654382423270828895e+01 -1.404782296633714900e+01 1.356523619968539318e-01
6.654144264827093025e+01 -1.400083436295426509e+01 1.342508137624465192e-01
6.652533432667003410e+01 -1.395609659148435888e+01 1.334771596663277826e-01
6.652874037792874162e+01 -1.390825203360132534e+01 1.312347866455134682e-01
6.653068791726114739e+01 -1.388542069930572609e+01 1.306525681739780786e-01
6.652548195573601220e+01 -1.383816105438768318e+01 1.291537373407767308e-01
6.652236035489106314e+01 -1.379184749787940234e+01 1.267471280450676030e-01
6.651920579625559071e+01 -1.374550597103788618e+01 1.253396313774624016e-01
6.651822538560050191e+01 -1.369865450115557337e+01 1.239869550238381635e-01
6.652085936507214114e+01 -1.365145812167446771e+01 1.217388128225109778e-01
6.651770168077821666e+01 -1.360511729751189947e+01 1.203314747753549963e-01
6.651903285120482678e+01 -1.358153405083414178e+01 1.187078606435871819e-01
6.651087841846998572e+01 -1.353543128683379848e+01 1.171484526876340748e-01
6.651286502061554984e+01 -1.348745589675468004e+01 1.148579950319086329e-01
6.649670866068616704e+01 -1.344268831503249473e+01 1.150836357644111629e-01
6.649933656158391670e+01 -1.339549505437008392e+01 1.128357453777351083e-01
6.650996534652180969e+01 -1.334696684453504290e+01 1.088028988764542238e-01
6.649818624427389580e+01 -1.330120999630978318e+01 1.081392533768672504e-01
6.650310109467410769e+01 -1.327725510686266119e+01 1.066193927548610976e-01
6.649352792190894945e+01 -1.323101786072617436e+01 1.050115811393308451e-01
6.649330012761708986e+01 -1.318352608518040014e+01 1.036657065113744114e-01
6.649233856062491554e+01 -1.313670794442662171e+01 1.013146917834244487e-01
6.649496098328788207e+01 -1.308951853603582549e+01 9.906721241355698204e-02
6.649117607855752965e+01 -1.304242911727899923e+01 9.661894161406547887e-02
6.648812420544503254e+01 -1.299466666524334713e+01 9.517592353894555046e-02
6.648650824988830266e+01 -1.297224043478539635e+01 9.349165976110240805e-02
6.647471916652118296e+01 -1.292648495778170670e+01 9.282845002180883931e-02
6.647310606099968311e+01 -1.287888874893910618e+01 9.043513283155424354e-02
6.650401828017953676e+01 -1.282663199934915887e+01 8.494141823538114977e-02
6.682763304837442320e+01 -1.272453018267184888e+01 5.131956913083723926e-02
6.642325880196572996e+01 -1.274453503856876146e+01 8.806754176665254619e-02
6.642075474075640784e+01 -1.267384180932834248e+01 8.499561686095025159e-02
6.641760414237890586e+01 -1.262753652685929140e+01 8.259034319578439920e-02
6.638986050491600110e+01 -1.258450063141898134e+01 8.349864292258124543e-02
6.640059488735266768e+01 -1.253455956385917247e+01 7.943095374588016178e-02
6.641488389832252892e+01 -1.248422063415624272e+01 7.646582766029941247e-02
6.641108487946453920e+01 -1.243713657419471019e+01 7.401833111458633319e-02
6.637536546743217514e+01 -1.242062597538661350e+01 7.642103415590217885e-02
6.639814311684045833e+01 -1.227201112045005260e+01 6.595491186951818463e-02
6.640010407624455979e+01 -1.222405110532107386e+01 6.366621680042250375e-02
6.643039132183839968e+01 -1.212073319598616905e+01 5.571579605238929922e-02
6.643468335355247234e+01 -1.209603658311252339e+01 5.315521795917965697e-02
6.670975044170154433e+01 -1.198707882700934135e+01 2.280359577945101357e-02
6.655896284323067391e+01 -1.197125293523543732e+01 3.557926631152419361e-02
6.771224966548287227e+01 -1.536841071062869624e+01 -6.098453073823950632e-03
6.772661953431766335e+01 -1.531806054778646953e+01 -9.066085905673704204e-03
6.772667003873755220e+01 -1.529289903305769727e+01 -9.775406414317178161e-03
6.773742496588660345e+01 -1.524289912976569461e+01 -1.184684339563202293e-02
6.773752583778782821e+01 -1.519257743863659726e+01 -1.326533168748667002e-02
6.646433923274247491e+01 -1.514814681925447815e+01 1.071420986520998930e-01
6.642986466612018148e+01 -1.510157815625799849e+01 1.087338494079534978e-01
6.645353683246149501e+01 -1.500893956967836118e+01 1.038665548227564184e-01
6.648262839819157932e+01 -1.498591994172530129e+01 1.001378075061203354e-01
6.652305109622960799e+01 -1.493883077126382375e+01 9.508843128186827975e-02
6.647558168357788588e+01 -1.489384453348707460e+01 9.831354239774658943e-02
6.645818363381174265e+01 -1.484751744173699528e+01 9.845358040893881224e-02
6.664591760833656053e+01 -1.479633723992748173e+01 7.795520137470846045e-02
6.643829537244992878e+01 -1.475562445228841568e+01 9.722769068245784574e-02
6.643865635315944473e+01 -1.471035458842323251e+01 9.495977192954918600e-02
6.644575702470203282e+01 -1.468587840817673396e+01 9.349335236103395452e-02
6.784948779352620818e+01 -1.458609878681768990e+01 -4.384799700742236794e-02
6.784317158985236063e+01 -1.453588626349634794e+01 -4.546637449317536550e-02
6.783682139284314871e+01 -1.448564600967201343e+01 -4.608578497918025541e-02
6.785914016770941259e+01 -1.443393982677922160e+01 -4.983824232617761751e-02
6.786219374115063374e+01 -1.438249481908563965e+01 -5.219411684260277795e-02
6.786512201979172687e+01 -1.433247626693907328e+01 -5.451360428730023244e-02
6.786733582066138126e+01 -1.430680812695740478e+01 -5.516764157406583990e-02
6.787179473289290854e+01 -1.425549931361755895e+01 -5.747477630290442896e-02
6.787769298485970637e+01 -1.420435443185915325e+01 -6.073237644611162445e-02
6.789795642096092365e+01 -1.415173887362653105e+01 -6.457545028897304640e-02
6.789803142098801914e+01 -1.410142475385771377e+01 -6.599276157073385995e-02
6.790610129561588337e+01 -1.404977136519038261e+01 -6.919522357735341522e-02
6.790194644282632908e+01 -1.399905134786111560e+01 -7.075840452006243453e-02
6.788335466943877350e+01 -1.397493029040972701e+01 -7.002828778297343071e-02
6.790502437493620391e+01 -1.392245507345593403e+01 -7.382211708417263374e-02
6.790665715784270162e+01 -1.387087910162651561e+01 -7.622612281328833284e-02
6.788886208878800232e+01 -1.382095592240470694e+01 -7.619838039423587617e-02
6.791197160122602838e+01 -1.376864671217607849e+01 -8.094248228331690775e-02
6.790716460195844206e+01 -1.371714788658035999e+01 -8.254788668828161313e-02
6.789797543511407696e+01 -1.366663986478536685e+01 -8.326364104247874209e-02
6.790303289954972854e+01 -1.364127512890893712e+01 -8.481898588078418122e-02
6.790686566269407365e+01 -1.358922053293383136e+01 -8.816682043441792516e-02
6.789767233464645813e+01 -1.353871345364803247e+01 -8.888256179652143096e-02
6.790573199388721548e+01 -1.348706716801076588e+01 -9.208431439390163398e-02
6.791314501688435712e+01 -1.343464127026231836e+01 -9.532849507005791700e-02
6.790897544201847325e+01 -1.338392587155071389e+01 -9.689082275893956542e-02
6.791494630549867395e+01 -1.333133711666976851e+01 -9.918447845085442971e-02
6.791138906669775110e+01 -1.330655702315411482e+01 -9.999613605489976464e-02
6.791457149199098353e+01 -1.325372582599603355e+01 -1.033859546665232276e-01
6.790601364658438399e+01 -1.320400130820167561e+01 -1.040588250924807667e-01
6.790481048418003240e+01 -1.315216125584034224e+01 -1.065590932856210760e-01
6.790783482962561379e+01 -1.310073025735683672e+01 -1.089134776236602153e-01
6.790227799415980314e+01 -1.304990955323102320e+01 -1.115232154525704900e-01
6.789745419031186202e+01 -1.299841581582638383e+01 -1.131277005571094119e-01
6.790480340365546397e+01 -1.297112034489798127e+01 -1.146641014654257162e-01
6.790141953988189982e+01 -1.291979127252770354e+01 -1.172188927821753435e-01
6.789582722891582023e+01 -1.286894404092523381e+01 -1.188294383625816408e-01
6.789743568230760218e+01 -1.281738053092117724e+01 -1.212319604286797858e-01
6.789340384086884228e+01 -1.276527171449996700e+01 -1.238292264019851263e-01
6.788921642968259107e+01 -1.271456164717204196e+01 -1.253908995199000120e-01
6.788862442325023494e+01 -1.268865847144063785e+01 -1.271402523289211217e-01
6.790117469934787664e+01 -1.263461049825582094e+01 -1.312663508220739406e-01
6.787899045485960414e+01 -1.258570550137461552e+01 -1.313474553463800376e-01
6.779947719195500611e+01 -1.254760929337628106e+01 -1.259408810183166860e-01
6.636936103439298051e+01 -1.273668705983540583e+01 1.807103339903326500e-02
6.636097051067280006e+01 -1.264312585365612307e+01 1.416797734710439904e-02
6.639779485568277551e+01 -1.261376668980170557e+01 8.506691083802975228e-03
6.638522786383215646e+01 -1.256865678493485561e+01 7.837452127495092569e-03
6.639651529278322073e+01 -1.247061486061985036e+01 1.431756711729015308e-03
6.638014212834669081e+01 -1.237842119928880713e+01 -1.684840802078202415e-03
6.635088989574919083e+01 -1.233670075294678270e+01 -1.787837210819986922e-03
6.635153182128921401e+01 -1.231231470851835041e+01 -2.453985481048137629e-03
6.780613689031284252e+01 -1.191847178812045627e+01 -1.594562159795258616e-01
6.780711254009446520e+01 -1.186616792254908859e+01 -1.628989006554306673e-01
6.781320864981807972e+01 -1.181220513441251363e+01 -1.662254372208931130e-01
6.780041356492198190e+01 -1.176210916100981407e+01 -1.680420097253405576e-01
6.778838298726935818e+01 -1.171136932768786565e+01 -1.698522168847644842e-01
6.778492755977521256e+01 -1.168517025218205063e+01 -1.706992496476180676e-01
6.777353932022438698e+01 -1.163521231180892279e+01 -1.724668630107402123e-01
6.679994085178906005e+01 -1.540616292314049396e+01 -2.102759847035029495e-02
6.678768210810960682e+01 -1.535818183466981957e+01 -2.077162576944302508e-02
6.679543734270582434e+01 -1.533448740995088144e+01 -2.219566147148577251e-02
6.678381838361400469e+01 -1.528728660549636409e+01 -2.189710265306143988e-02
6.679075404740568445e+01 -1.524051883540347951e+01 -2.499990008666075347e-02
6.679275804553813600e+01 -1.519251067721521586e+01 -2.629263558374650422e-02
6.680388492898813979e+01 -1.514611993145818580e+01 -2.825041888773260901e-02
6.679731499974084841e+01 -1.509873091277329316e+01 -2.979814576414230309e-02
6.680864895183047736e+01 -1.507466029581593325e+01 -3.111883424163131018e-02
6.681554839903942877e+01 -1.502786659975956418e+01 -3.322232680234860069e-02
6.656322250731558654e+01 -1.498491551545048672e+01 -9.429192161722665944e-03
6.653220062991374562e+01 -1.493939772400048049e+01 -7.697832687416417130e-03
6.651762279603214267e+01 -1.489334261629475264e+01 -7.460499085336413927e-03
6.651164784744615588e+01 -1.484669898530181342e+01 -7.966981862880695431e-03
6.650558086392253188e+01 -1.480151014859676373e+01 -9.436170146274180937e-03
6.651691017999398525e+01 -1.477743839228016043e+01 -1.075680025594949463e-02
6.669913794276982344e+01 -1.472430015739253228e+01 -3.148540330243720931e-02
6.681052973733496003e+01 -1.467348477721823841e+01 -4.439165800187105937e-02
6.683261401671632029e+01 -1.462462837140290972e+01 -4.907270589264189908e-02
6.683166168463311863e+01 -1.457778105093209753e+01 -5.042568060070262703e-02
6.683147577716403021e+01 -1.453028769423253586e+01 -5.177252878629778898e-02
6.684210059803913850e+01 -1.448172323666267580e+01 -5.480747918891459847e-02
6.684482426542295741e+01 -1.445824716821129385e+01 -5.538358234631002297e-02
6.684968953810646042e+01 -1.441057122792406986e+01 -5.857648857386443808e-02
6.685308341948002919e+01 -1.436270449094508628e+01 -5.981975660736527090e-02
6.684930791479203549e+01 -1.431558759920731383e+01 -6.126981461100844406e-02
6.684991275763952956e+01 -1.426747768649827108e+01 -6.360940476637511054e-02
6.685474254721317777e+01 -1.421977521200968120e+01 -6.580288054321892233e-02
6.684452934285512526e+01 -1.417273499693218852e+01 -6.645440326930929231e-02
6.688609661853847399e+01 -1.414595213563369036e+01 -7.189370731643784929e-02
6.688449139508998087e+01 -1.409832660504724089e+01 -7.328867376127301547e-02
6.689587571598394788e+01 -1.404912421833583025e+01 -7.631677407667480928e-02
6.688569026125396988e+01 -1.400211314584394273e+01 -7.796718476382147323e-02
6.689912494568795864e+01 -1.395382911367694589e+01 -8.090397744087929333e-02
6.689831241812153451e+01 -1.390558789583604238e+01 -8.329159917665251989e-02
6.689529204750650138e+01 -1.385782925557822765e+01 -8.473493507502771749e-02
6.690315644427045072e+01 -1.383272030053476342e+01 -8.619410474784494625e-02
6.689216921495025758e+01 -1.378632738837945659e+01 -8.685124513107567168e-02
6.688556012133255990e+01 -1.373894326987945647e+01 -8.839793709620602513e-02
6.690413821798982497e+01 -1.368902661499988227e+01 -9.221770313312660505e-02
6.690472941771982107e+01 -1.364092413959221339e+01 -9.455644530933193792e-02
6.690249935841087847e+01 -1.359254991324572437e+01 -9.699239050257402184e-02
6.690088210333878749e+01 -1.354492927188115203e+01 -9.838664874022917672e-02
6.690592453578574350e+01 -1.351955221920128203e+01 -9.994282150652034069e-02
6.689416147668130463e+01 -1.347380440624704256e+01 -1.006059380522605906e-01
6.690568835654403301e+01 -1.342321448962353259e+01 -1.046684176414458545e-01
6.690550792349745279e+01 -1.337575922269698481e+01 -1.070130616730693429e-01
6.689527150191358373e+01 -1.332872379779474059e+01 -1.076636397348980090e-01
6.691038176348276068e+01 -1.327776187335658520e+01 -1.116225049659516078e-01
6.690668879430199922e+01 -1.325439400279215008e+01 -1.123986299921504450e-01
6.688707134980636226e+01 -1.320858486972409729e+01 -1.123120064679050678e-01
6.691299888036374455e+01 -1.315656433613902720e+01 -1.179581736786641244e-01
6.690211356728924841e+01 -1.310874805523822495e+01 -1.186510483464231491e-01
6.689472272664201569e+01 -1.306201385813171711e+01 -1.202031727823493767e-01
6.690483240502899775e+01 -1.301129434647479144e+01 -1.243136302770848634e-01
6.690758531790972086e+01 -1.296269083895825780e+01 -1.265966239580393893e-01
6.690106766956921547e+01 -1.293905155845102328e+01 -1.274700516335594003e-01
6.690020037621205518e+01 -1.289079339260801937e+01 -1.288572757997143992e-01
6.689215990679653601e+01 -1.284327894437847739e+01 -1.304517033182961416e-01
6.688411795902088386e+01 -1.279576570253763101e+01 -1.320460246892256606e-01
6.687828194072800159e+01 -1.274777206278555930e+01 -1.345845121760982366e-01
6.688115063829975782e+01 -1.269774554944965850e+01 -1.369033834431039320e-01
6.688903901014496967e+01 -1.267267618310222765e+01 -1.393604315301826269e-01
6.688175918884161320e+01 -1.262451918587026967e+01 -1.409484606611204338e-01
6.685341703804809299e+01 -1.258074262376465313e+01 -1.410809073375467459e-01
6.643830954683787127e+01 -1.260669394210628624e+01 -9.750054130395358065e-02
6.641200823402529352e+01 -1.256382261053455807e+01 -9.754259378543883585e-02
6.641397333024261229e+01 -1.251585861119421139e+01 -9.983174644912296003e-02
6.639781697924580328e+01 -1.247111944284301188e+01 -1.006045879735282256e-01
6.641008304397820439e+01 -1.244505983670934057e+01 -1.039509358664982841e-01
6.641642976382286179e+01 -1.239611039024441119e+01 -1.071292467803244275e-01
6.640103717898708169e+01 -1.235072796348713453e+01 -1.078956103353283513e-01
6.644301314300176386e+01 -1.229458025833049817e+01 -1.151477587332006003e-01
6.676574604056344242e+01 -1.218037740444918526e+01 -1.531402432388888624e-01
6.681815620460245952e+01 -1.211955439838181370e+01 -1.621936763627218614e-01
6.681886560178685386e+01 -1.207007380646051864e+01 -1.655655205499810823e-01
6.680420995286034724e+01 -1.204919204638413710e+01 -1.646176150834295360e-01
6.678599771534425145e+01 -1.200354885600689769e+01 -1.654804622019703242e-01
6.679262265673347088e+01 -1.195179355646251729e+01 -1.697289786668996214e-01
6.678971034112502991e+01 -1.190265646753891460e+01 -1.722052726930978217e-01
6.678820712610888677e+01 -1.185365865553226250e+01 -1.746327390508168875e-01
6.678311528541939879e+01 -1.180503097180338123e+01 -1.771636823988045339e-01
6.677802210711314501e+01 -1.175640315949710413e+01 -1.796947914256750156e-01
6.676633615002560873e+01 -1.173439773974106437e+01 -1.796844550045619826e-01
6.676265250751735891e+01 -1.168590823106857357e+01 -1.821667499367549681e-01
