6.723408514526333590e+01 -1.467012640123568801e+01 1.409509412692982799e+00
6.736810053405315557e+01 -1.480962437794955022e+01 1.325796818835383473e+00
6.705827983599668585e+01 -1.479069921600043358e+01 1.328620501984831170e+00
6.695612300561468544e+01 -1.475367210350968783e+01 1.329335681332685759e+00
6.673893987427037189e+01 -1.466135560907660285e+01 1.328814241156651477e+00
6.673196695200275030e+01 -1.461636788418607402e+01 1.327239066728456152e+00
6.672858632662288869e+01 -1.457111803068405820e+01 1.325767625751589573e+00
6.672160996795116716e+01 -1.452613053343769423e+01 1.324192591249947704e+00
6.671963379457011456e+01 -1.448106078689611032e+01 1.322770410773607797e+00
6.672083520478776109e+01 -1.445808269874407515e+01 1.322113963228136235e+00
6.671166500820977774e+01 -1.441353903331023645e+01 1.320484529469994506e+00
6.698360807229350655e+01 -1.433447963220341848e+01 1.313526998123752287e+00
6.670930358226593171e+01 -1.432218652045454377e+01 1.316652719394069804e+00
6.669299495709297787e+01 -1.402811953323692151e+01 1.306271995716206114e+00
6.667943056026159354e+01 -1.398446131207322018e+01 1.304534001232684925e+00
6.667243561402052876e+01 -1.393947782084137543e+01 1.302960039829960781e+00
6.669869987140396006e+01 -1.363506710847593695e+01 1.291593468786287335e+00
6.669970705565334868e+01 -1.358897543099691596e+01 1.289234381703144416e+00
6.669949281129329677e+01 -1.356582458289276438e+01 1.288529928064348296e+00
6.668951178769667365e+01 -1.352190984684667718e+01 1.286896550232636827e+00
6.667668487952489897e+01 -1.347760219320776898e+01 1.286164037038470820e+00
6.666029019360460950e+01 -1.343358569469700825e+01 1.284328713116380083e+00
6.666489181230764416e+01 -1.338723623397932627e+01 1.282073947286761717e+00
6.666602478118436181e+01 -1.333969388629482111e+01 1.280676678422460135e+00
6.665682142781780328e+01 -1.329515876128227703e+01 1.279049262366567019e+00
6.666540014876500209e+01 -1.327027767227109578e+01 1.277565043911958131e+00
6.667814255940641033e+01 -1.322136731460804171e+01 1.275486259784949006e+00
6.708603821130270717e+01 -1.494026891515950517e+01 1.250923479162717067e+00
6.693491219532390346e+01 -1.490706814013934434e+01 1.252235930317290524e+00
6.686877190457124698e+01 -1.486746527711787458e+01 1.251989036098464458e+00
6.669670820121410770e+01 -1.479250981202478599e+01 1.252391075634999185e+00
6.667813524861449537e+01 -1.474890389248108491e+01 1.251498162045795448e+00
6.665976399284851084e+01 -1.472845598640098785e+01 1.251311177978654543e+00
6.666439193092944038e+01 -1.468208283877131137e+01 1.249053149396114115e+00
6.664502965760487996e+01 -1.463909781315643777e+01 1.248154796190681370e+00
6.688108823571160144e+01 -1.456766673659652866e+01 1.241313730324889564e+00
6.777708156091799196e+01 -1.405128118338412335e+01 1.205494110921224049e+00
6.767456345785586791e+01 -1.401708735696296415e+01 1.206285122761034057e+00
6.748779363665319408e+01 -1.401967592480787950e+01 1.209574405503418104e+00
6.661070862497358291e+01 -1.405357391440828252e+01 1.227413634550027499e+00
6.660355114619009953e+01 -1.401001181946995011e+01 1.225877323837547106e+00
6.661692405389123905e+01 -1.396188175028342116e+01 1.223839717728762988e+00
6.696876685713516508e+01 -1.386004940340709801e+01 1.213672689768972912e+00
6.695458311238357396e+01 -1.381559878473521863e+01 1.211891994799610295e+00
6.722173959876622007e+01 -1.374834983160517687e+01 1.204143430585272290e+00
6.740478876816605691e+01 -1.320662516366287775e+01 1.179485287401170313e+00
6.770841082209848594e+01 -1.309654961132140905e+01 1.169578188530564722e+00
6.764252823203899823e+01 -1.308512392073681418e+01 1.170192103905658865e+00
6.658236448324782941e+01 -1.320818549675663256e+01 1.195044490073958521e+00
6.657976172343224164e+01 -1.316235804541333465e+01 1.192582384489513370e+00
6.647817818699448367e+01 -1.313759041970745400e+01 1.193688130039024742e+00
6.661119204892160894e+01 -1.306241837992158850e+01 1.188546206347005807e+00
6.708783333964068163e+01 -1.502677585416255468e+01 1.161507260710280764e+00
6.696204207687068788e+01 -1.499030895726416546e+01 1.163507234635451582e+00
6.667893253827595856e+01 -1.489956371152374714e+01 1.166991327588543736e+00
6.666676906675124314e+01 -1.485605255604676955e+01 1.166299955584396031e+00
6.664819867534612285e+01 -1.481244527250505527e+01 1.165406959357274896e+00
6.664625815300317413e+01 -1.476740024479783564e+01 1.162984926701595256e+00
6.687981597592026617e+01 -1.469926871427971804e+01 1.155164395541227407e+00
6.662992648654100947e+01 -1.467925458455167664e+01 1.160816347894813916e+00
6.786070350774103588e+01 -1.406178179886537194e+01 1.106310942684794796e+00
6.747221104783712065e+01 -1.406567617690181038e+01 1.116390500457568935e+00
6.744739133480734949e+01 -1.402057311934002648e+01 1.115260300507668001e+00
6.660324594428614375e+01 -1.407086890925173250e+01 1.138620412392494563e+00
6.659186974254350844e+01 -1.402676577971223537e+01 1.136936789246220991e+00
6.692408948527724988e+01 -1.388487874154953694e+01 1.122950459231702336e+00
6.691209689769934243e+01 -1.383998393696425211e+01 1.121224308730631725e+00
6.692266389327268428e+01 -1.379150693325414778e+01 1.119089578795361861e+00
6.719126098313137163e+01 -1.372447440906849891e+01 1.110391452984271776e+00
6.779057385669086955e+01 -1.300223177823081500e+01 1.066191354042386630e+00
6.778552670278791936e+01 -1.297775733615304006e+01 1.065297648511307482e+00
6.773575463668048258e+01 -1.293810133751581049e+01 1.064560594025451001e+00
6.781348239908808750e+01 -1.287168686933875250e+01 1.059968469257728252e+00
6.655970135523060094e+01 -1.308989747921342328e+01 1.099693374892724895e+00
6.656586302598168459e+01 -1.304231023481323248e+01 1.097450620942549637e+00
6.657280905963175144e+01 -1.299410347750192507e+01 1.095213763479048641e+00
6.658138486368710574e+01 -1.296922641977451995e+01 1.093729907920113487e+00
6.711546507866064815e+01 -1.508298555446240208e+01 1.084989787870226152e+00
6.704163417316448204e+01 -1.504163644604815353e+01 1.086453027853340636e+00
6.694044586581156864e+01 -1.502712787911063330e+01 1.088879277432150516e+00
6.668292797808958028e+01 -1.491217930172960848e+01 1.092426272191915348e+00
6.665494922937340050e+01 -1.486951343758218513e+01 1.092270423337332819e+00
6.664640990451053426e+01 -1.482576775806116132e+01 1.090683650529820303e+00
6.664980446306162776e+01 -1.480234337591719296e+01 1.090081266321319742e+00
6.672083867698854931e+01 -1.475009913269639483e+01 1.085703259224051420e+00
6.650552836461925210e+01 -1.472730173038146440e+01 1.091343462261924024e+00
6.794015070852717031e+01 -1.448078501539260365e+01 1.038345086619982593e+00
6.791473845504094697e+01 -1.403915854501319060e+01 1.022226102687966431e+00
6.756158594180695331e+01 -1.403962700665308994e+01 1.033299185002177101e+00
6.743725472942364263e+01 -1.400835728462957164e+01 1.035503192600938815e+00
6.655830862826866223e+01 -1.399908996836186148e+01 1.061991861598117204e+00
6.656093894444187242e+01 -1.397632405853105020e+01 1.060385898136832372e+00
6.692487850947972561e+01 -1.382631346772901182e+01 1.044136755614011314e+00
6.694204837661368401e+01 -1.377654240348925008e+01 1.041166994717502847e+00
6.690526819133644665e+01 -1.373564300204786726e+01 1.040794083150928362e+00
6.715871828941564559e+01 -1.364577944148657629e+01 1.028935798531830592e+00
6.781627077202195153e+01 -1.282874988944296035e+01 9.756846984844051995e-01
6.781122163428923955e+01 -1.280427756280119489e+01 9.747912358923775944e-01
6.768503011230258437e+01 -1.278210145050866586e+01 9.772137553654787201e-01
6.653747784741011628e+01 -1.294456914045294127e+01 1.017555620899928570e+00
6.653264543666777797e+01 -1.289915433300180325e+01 1.016038405463379313e+00
6.651982760595512900e+01 -1.285487910669153777e+01 1.014307727562482331e+00
6.653036830763747389e+01 -1.280641799682123505e+01 1.012175244848958267e+00
6.705546412580743265e+01 -1.515016071076027870e+01 9.890679592996862723e-01
6.686777320104113187e+01 -1.511721582274142683e+01 9.952584455699200472e-01
6.677655362799319505e+01 -1.507795279281410394e+01 9.972458038800950941e-01
6.671476863277165137e+01 -1.503743084692430898e+01 9.981069767482451116e-01
6.666336934389705959e+01 -1.501850247886343581e+01 9.989422431656669321e-01
6.664902088560657489e+01 -1.497543257895653213e+01 9.981961277570636781e-01
6.662685936395445196e+01 -1.493208893885820743e+01 9.971993316184442069e-01
6.660531641456158525e+01 -1.488954607660340557e+01 9.962460675674008614e-01
6.659834496394148573e+01 -1.484455243999473595e+01 9.946701890387639189e-01
6.660637372982047566e+01 -1.479930692051713059e+01 9.935524350529501003e-01
6.657982448074899651e+01 -1.475684618385989211e+01 9.924465127928492336e-01
6.680586515542478310e+01 -1.471168939128606468e+01 9.820837843842400439e-01
6.734555144441497987e+01 -1.404108140576246555e+01 9.365531517080727397e-01
6.652712965818085422e+01 -1.402003313501133519e+01 9.655659243284770987e-01
6.651274276680851472e+01 -1.397696022388954340e+01 9.648209792984770994e-01
6.654213172626107564e+01 -1.392659937885119348e+01 9.612114885761504635e-01
6.658309724142844743e+01 -1.387483531474669007e+01 9.579190815854674579e-01
6.673874815809782035e+01 -1.382716184708369411e+01 9.503025452784241711e-01
6.672674673203883344e+01 -1.378226181279307916e+01 9.485761402306049916e-01
6.672916588364250856e+01 -1.373634749358002871e+01 9.462658932357606023e-01
6.690780666825416745e+01 -1.340132021355129766e+01 9.256976479062078988e-01
6.697752513920480055e+01 -1.317426001663834434e+01 9.130135797945516662e-01
6.782911915134722847e+01 -1.284915714776648699e+01 8.675960563868208020e-01
6.790625999755474140e+01 -1.278197864268511097e+01 8.619621083095290182e-01
6.764948874708696280e+01 -1.278752102597970008e+01 8.711757736440924882e-01
6.771640673619475592e+01 -1.269737205783932588e+01 8.645333328219464430e-01
6.646796627954839209e+01 -1.283771972085401281e+01 9.160920040708515621e-01
6.647490613912555091e+01 -1.278951589020729251e+01 9.138554646396488401e-01
6.647965297890171144e+01 -1.274175226202486932e+01 9.115643196990308450e-01
6.650157425983255166e+01 -1.271284672160943963e+01 9.093728786280439458e-01
6.717199683005233624e+01 -1.520179647316156846e+01 9.151719644120550612e-01
6.695187644133791594e+01 -1.517115500327159872e+01 9.234283014395984202e-01
6.683041199554658363e+01 -1.513374423613741548e+01 9.275356376401416858e-01
6.675141156642406770e+01 -1.509389618559546697e+01 9.288835937329806836e-01
6.670403460528703476e+01 -1.505234677841277069e+01 9.291598929963691411e-01
6.665822618451778681e+01 -1.503410509610325718e+01 9.311904320955286529e-01
6.663966161790197873e+01 -1.499049755962051300e+01 9.302971896756295767e-01
6.661750085375389574e+01 -1.494715333961651815e+01 9.293003392741818747e-01
6.661115257568914672e+01 -1.490296176528005390e+01 9.277678757684992839e-01
6.660918271041099104e+01 -1.485788300606436074e+01 9.263446564432142871e-01
6.659123136191931280e+01 -1.481507554658086789e+01 9.254949983422066095e-01
6.657625158399767429e+01 -1.477120081871520796e+01 9.247054897353617076e-01
6.658170201041242819e+01 -1.474878777947568764e+01 9.231966737717938187e-01
6.656953056462123186e+01 -1.470527251961100745e+01 9.225053472206661276e-01
6.656395867702147484e+01 -1.466045732981508998e+01 9.209787661066104469e-01
6.658080359780753099e+01 -1.461350261110952609e+01 9.180817034876471716e-01
6.655986792770890759e+01 -1.457175836621422427e+01 9.171721538779457061e-01
6.657387015591838519e+01 -1.452441487937915987e+01 9.151763016201592826e-01
6.655074082622030573e+01 -1.448311313311334558e+01 9.142121977380631703e-01
6.655313824091361141e+01 -1.443715149578103585e+01 9.128990272699533115e-01
6.653978907402745335e+01 -1.441664696797737300e+01 9.118656643030547126e-01
6.654940764385827379e+01 -1.437019167223993144e+01 9.097609148107151933e-01
6.653362689654932183e+01 -1.432693834510483910e+01 9.089664291991634837e-01
6.654543417090238222e+01 -1.428004193451467785e+01 9.069166015275629267e-01
6.653108774795036595e+01 -1.423699844078126553e+01 9.051722766826604261e-01
6.653269379840399722e+01 -1.419166286317603820e+01 9.038540317534271562e-01
6.652731754852180757e+01 -1.417001032700877872e+01 9.030337844900260258e-01
6.653474011647729469e+01 -1.412400230986354188e+01 9.008750932442011194e-01
6.651819793605550046e+01 -1.408140171761484893e+01 8.990763409956283869e-01
6.651917795674690126e+01 -1.403526505865895047e+01 8.977149217230605549e-01
6.651201756914969110e+01 -1.399169918445818617e+01 8.961785240817179421e-01
6.651881422504852992e+01 -1.394489180222179669e+01 8.939766554667509801e-01
6.651102856885813708e+01 -1.390052427044343020e+01 8.923969101231108425e-01
6.650705420978029281e+01 -1.387905320523461761e+01 8.916260059981541142e-01
6.650946726606917991e+01 -1.383313096281392518e+01 8.893151477066139066e-01
6.649007127841258580e+01 -1.379013810876867296e+01 8.884176331570887708e-01
6.649827051468855643e+01 -1.374351465967013652e+01 8.862654436000948488e-01
6.649629863466623192e+01 -1.369847738369344370e+01 8.838455491417428478e-01
6.648991230625317428e+01 -1.365429268503216775e+01 8.823152891225319872e-01
6.649091396797126663e+01 -1.360819383118507631e+01 8.799558999139958093e-01
6.650887816530146779e+01 -1.358234285822922871e+01 8.787333211677781364e-01
6.649810812323791254e+01 -1.353904158680287040e+01 8.770939554016667916e-01
6.649910704545470708e+01 -1.349294543013683345e+01 8.747348038469431319e-01
6.649866808553986175e+01 -1.344663794777502019e+01 8.733257535740657218e-01
6.649747439251110848e+01 -1.340098408371242655e+01 8.709121331827537338e-01
6.649405752047339035e+01 -1.335574032179325599e+01 8.694428673172693856e-01
6.649286155309999913e+01 -1.331008819560830325e+01 8.670294692625094557e-01
6.651101953997384442e+01 -1.328285048267711055e+01 8.647706332870260804e-01
6.651198357048909315e+01 -1.323672902911040872e+01 8.634112201007466680e-01
6.702094707431062659e+01 -1.298615158771688627e+01 8.306232999638522019e-01
6.680410031199444632e+01 -1.298599608605771039e+01 8.399033203249575141e-01
6.668691293379080776e+01 -1.296564136704550485e+01 8.436608427744273220e-01
6.667353959620277237e+01 -1.294513671833084700e+01 8.426284027711410385e-01
6.648380149666770933e+01 -1.280192401765513033e+01 8.434387165120960095e-01
6.648714242454067858e+01 -1.275397838736294709e+01 8.410984462507221648e-01
6.648393797868065747e+01 -1.273189406174868132e+01 8.403343206418955047e-01
6.649467003357962369e+01 -1.268204148069467152e+01 8.371652402607134835e-01
6.649061552114849860e+01 -1.263600970943863544e+01 8.356542187406371669e-01
6.650651685893326714e+01 -1.258466045129855004e+01 8.326007888037803006e-01
6.654456804865512254e+01 -1.252755634538726603e+01 8.280598529335196911e-01
6.656786370546447529e+01 -1.247430428594867635e+01 8.241779586004860381e-01
6.687474855662712514e+01 -1.234553647356646167e+01 8.058059564269520747e-01
6.679663453633256154e+01 -1.520050175169751050e+01 8.384209189103517534e-01
6.662972247099018830e+01 -1.516658615534523591e+01 8.452269450021234753e-01
6.656878190327270772e+01 -1.508133858112955039e+01 8.447620540432138059e-01
6.652280329698722028e+01 -1.503996135586027627e+01 8.450870620585005932e-01
6.649544633251827008e+01 -1.499809262042939650e+01 8.449742541281516361e-01
6.648906516473863348e+01 -1.495386583332658681e+01 8.444405087129549514e-01
6.648369969655547607e+01 -1.493221166228090269e+01 8.436195881603643087e-01
6.647734734945002799e+01 -1.488801480028790003e+01 8.420868957677533073e-01
6.646880384333840652e+01 -1.484426212236892972e+01 8.404997184549176659e-01
6.647244925401298588e+01 -1.479989736559953428e+01 8.392724891423460898e-01
6.646311892685343992e+01 -1.475676726613424883e+01 8.376799713394853519e-01
6.645457035528903589e+01 -1.471301426309000604e+01 8.360929264085319446e-01
6.646377649258919007e+01 -1.468891102291375361e+01 8.346497456409445181e-01
6.645882126135018098e+01 -1.464489568431229571e+01 8.331665493711597481e-01
6.645527095093167702e+01 -1.460105949704660055e+01 8.317324791885063462e-01
6.646410597963378564e+01 -1.455522008855078830e+01 8.296215078604419757e-01
6.645476697414304112e+01 -1.451209122662680606e+01 8.280293578338442373e-01
6.643898780794090442e+01 -1.446883369575592582e+01 8.272344330623464526e-01
6.644121896317281539e+01 -1.442429330480292649e+01 8.259590326085336498e-01
6.644604202312403629e+01 -1.440107901084103759e+01 8.244069958113927621e-01
6.645049233993105986e+01 -1.435612799027204112e+01 8.221873395533060291e-01
6.643974095611683595e+01 -1.431281967350514428e+01 8.205464211838184863e-01
6.643399051418109025e+01 -1.426942852661767347e+01 8.190583323508385805e-01
6.643778568820431474e+01 -1.422364612019045893e+01 8.177944876723992618e-01
6.643941957557944988e+01 -1.417833762427852307e+01 8.154770583398579520e-01
6.643664075398808677e+01 -1.413388396735347818e+01 8.140495061575906410e-01
6.642907177848478284e+01 -1.411267201488762524e+01 8.131745548911393229e-01
6.643429970125563955e+01 -1.406710365111599081e+01 8.109611314950931904e-01
6.642432377392808007e+01 -1.402317363381772175e+01 8.093262452478884317e-01
6.643393149779363682e+01 -1.397672301872252021e+01 8.072224401309606723e-01
6.642676564385322990e+01 -1.393315473293607809e+01 8.056859191025387279e-01
6.643496587837377376e+01 -1.388652632314564528e+01 8.035333087286665732e-01
6.642539003892792948e+01 -1.382024228847072678e+01 8.012371888669387321e-01
6.643104759876227661e+01 -1.368371662108580189e+01 7.942937402730181340e-01
6.646792795762210915e+01 -1.235613082042092969e+01 7.284389139710278904e-01
6.671160606838368778e+01 -1.224226383472496238e+01 7.115569182939669446e-01
6.658452959069144583e+01 -1.213251793752156260e+01 7.113199434866697146e-01
6.652112092581332092e+01 -1.514665949491748620e+01 7.701869700990388035e-01
6.651556046520856569e+01 -1.510184037959606940e+01 7.686594858145706644e-01
6.649039448510401940e+01 -1.505952879695293767e+01 7.686011987242066246e-01
6.648986175528034437e+01 -1.501465413555153816e+01 7.662273932332666071e-01
6.647831698637985198e+01 -1.497193766822982042e+01 7.655789515961831659e-01
6.647151602628275668e+01 -1.495007214803086981e+01 7.657079665111466982e-01
6.647160017723595615e+01 -1.490600075930674251e+01 7.633778971012668002e-01
6.646524573592517982e+01 -1.486180430384771256e+01 7.618452124812453707e-01
6.646889265794285961e+01 -1.481743838358823595e+01 7.606179937391522872e-01
6.645171928468799649e+01 -1.477400310858824639e+01 7.597736597736904907e-01
6.645179894755315786e+01 -1.472993214617684288e+01 7.574438830468271933e-01
6.644243415323690272e+01 -1.468677104135974076e+01 7.568504033982634827e-01
6.645307549193611862e+01 -1.466287877277838803e+01 7.544572665606221751e-01
6.645249925634594490e+01 -1.461797700625380791e+01 7.530832961281669347e-01
6.645476448150913029e+01 -1.457346553787096077e+01 7.508084826549605850e-01
6.644539519910483705e+01 -1.453030485936658422e+01 7.502152956894132529e-01
6.645422841861898178e+01 -1.448446622944500461e+01 7.481045313806404806e-01
6.644645530170872405e+01 -1.444009152403001828e+01 7.465235781200372234e-01
6.644871644333932181e+01 -1.439558257209904291e+01 7.442491940026741970e-01
6.644553211179986363e+01 -1.437348527379145224e+01 7.434833178486023320e-01
6.645939590481006576e+01 -1.432759792097676943e+01 7.405266498965094035e-01
6.643700797982425854e+01 -1.428563775117975965e+01 7.405672138171830454e-01
6.644083389958271368e+01 -1.423988620570827024e+01 7.383042716642980174e-01
6.642788902897832770e+01 -1.419701904886971100e+01 7.366088226507231385e-01
6.642949141311419226e+01 -1.415168027190772193e+01 7.352905450554557687e-01
6.642674217153357574e+01 -1.410725596202618348e+01 7.328639320848786554e-01
6.643954040834151442e+01 -1.408289972593146722e+01 7.315254468974551338e-01
6.643041061153030569e+01 -1.399428570426366036e+01 7.275680001064069868e-01
6.667053922868706195e+01 -1.207597966727888306e+01 6.212042801284675120e-01
6.650134304363584192e+01 -1.207685844971575584e+01 6.299932782077156679e-01
6.650439153484498433e+01 -1.518644134586561911e+01 6.897945011109591906e-01
6.649102740694166869e+01 -1.516590769495626745e+01 6.897596414855894364e-01
6.648105644744882170e+01 -1.512194472650791610e+01 6.891220831010657077e-01
6.646530051980272447e+01 -1.507868923331548139e+01 6.883263255485440046e-01
6.645594708271771367e+01 -1.503552724321858136e+01 6.877323924599924032e-01
6.645760103480721170e+01 -1.499020883509209945e+01 6.854130072838889864e-01
6.645327620371290323e+01 -1.494699243526906685e+01 6.839726957002296714e-01
6.644692251807367711e+01 -1.490279539806499542e+01 6.824400163654473772e-01
6.643495603179468389e+01 -1.488243926180122045e+01 6.824544855555558787e-01
6.643801070896402905e+01 -1.483730081072096674e+01 6.801844802040327709e-01
6.643806038909551148e+01 -1.479319841296628013e+01 6.788535680445847431e-01
6.644111354392676105e+01 -1.474806111433988676e+01 6.765839094109875607e-01
6.643174846092813368e+01 -1.470489963380378562e+01 6.759903496118567778e-01
6.643120465889056447e+01 -1.466002622972244041e+01 6.736171968076065664e-01
6.643409038137404821e+01 -1.461631647502903064e+01 6.713857649249448389e-01
6.643528953357144928e+01 -1.459333232248559398e+01 6.707288219251861250e-01
6.643392618825099305e+01 -1.454905275869570502e+01 6.693494308521386049e-01
6.643838000206335437e+01 -1.450409846103998568e+01 6.671294826774112341e-01
6.643263376136576426e+01 -1.446070651396015982e+01 6.656409614627804006e-01
6.643286762589325178e+01 -1.441521271723361863e+01 6.632738895304832738e-01
6.642712004116438607e+01 -1.437182058942461360e+01 6.617855600178833564e-01
6.642972061534445061e+01 -1.434901886346429301e+01 6.611780945699642364e-01
6.642916777836209974e+01 -1.430414936329032649e+01 6.588056195737669318e-01
6.643142501110189357e+01 -1.425964159094944605e+01 6.565316288924872845e-01
6.642586848386933696e+01 -1.417073103266697665e+01 6.536761006852670475e-01
6.644214463443310592e+01 -1.407891896605534399e+01 6.484085362624419924e-01
6.651692016300704324e+01 -1.199817134843883792e+01 5.390282996196793519e-01
6.648046458293445937e+01 -1.519069977106173930e+01 6.041006915735986915e-01
6.644766049259240503e+01 -1.517124993139636757e+01 6.054973400449786824e-01
6.644131310606167062e+01 -1.512705169114471104e+01 6.039641014598212676e-01
6.641974163916889040e+01 -1.508447147539068744e+01 6.040092062939873552e-01
6.642623266389315972e+01 -1.504049146006544646e+01 6.018802548543966680e-01
6.641993397007624367e+01 -1.495218797496384511e+01 5.990159857800322341e-01
6.665786271156108000e+01 -1.488631689168079575e+01 5.803884619701366043e-01
6.661786134084101718e+01 -1.486739202850398023e+01 5.815778122963393137e-01
6.670336781066167475e+01 -1.481417933952382349e+01 5.746167967319423253e-01
6.668041679455906490e+01 -1.477145793113579053e+01 5.736145671228204401e-01
6.666383839116194565e+01 -1.472880029388393730e+01 5.738134403557481056e-01
6.666705995309925470e+01 -1.468224610436759647e+01 5.715062719956789383e-01
6.655282573047810502e+01 -1.464930238651142247e+01 5.769747880581492794e-01
6.650632511529644830e+01 -1.245529791820412235e+01 4.733715575772050599e-01
6.651784017640370905e+01 -1.240483344945759825e+01 4.702091640794326954e-01
6.662414366862321913e+01 -1.232787283628848485e+01 4.591821137960558907e-01
6.655424995596871440e+01 -1.229991447957209161e+01 4.621777955771375623e-01
6.656677941987996405e+01 -1.227197527608148420e+01 4.597246189252818249e-01
6.659496347828293494e+01 -1.190191462466777139e+01 4.364617001936980101e-01
6.650263902221276169e+01 -1.520378428635802592e+01 5.181028995347439770e-01
6.646022739006241409e+01 -1.516211173120041877e+01 5.195302662880990630e-01
6.644264580796998132e+01 -1.514104026114667789e+01 5.193485309015317686e-01
6.665986984252116088e+01 -1.508114479028982835e+01 5.012589268056864000e-01
6.665571598339241177e+01 -1.503651013925757773e+01 4.997809037615028593e-01
6.668619627821382778e+01 -1.498914390948813136e+01 4.962926648677299379e-01
6.650360602921769271e+01 -1.495957374625828962e+01 5.077483283389550017e-01
6.644157683426034566e+01 -1.492039933173472654e+01 5.106447088525056799e-01
6.643081178185340718e+01 -1.487705731240735574e+01 5.100017745140339454e-01
6.642685007059876057e+01 -1.485558078062458875e+01 5.092299571866433228e-01
6.642408873969974081e+01 -1.481111856260741888e+01 5.078009486352031976e-01
6.643081420998124997e+01 -1.472164550567237029e+01 5.033049664683149071e-01
6.642945447937169945e+01 -1.467736438105527697e+01 5.019252804528192557e-01
6.661071250403912813e+01 -1.461358892864166670e+01 4.856067683896857501e-01
6.666079635165613126e+01 -1.456373764451262431e+01 4.806513979790887348e-01
6.642307215469580228e+01 -1.447776366640511725e+01 4.936979518721453797e-01
6.660559779239036970e+01 -1.256595051846566058e+01 3.846925961575657915e-01
6.661053864795881907e+01 -1.251680357363007801e+01 3.813654856764041590e-01
6.651913137074458859e+01 -1.220814314536821144e+01 3.702462314234797880e-01
6.659229330525940327e+01 -1.213911759757026765e+01 3.614327180156127195e-01
6.652238749052898470e+01 -1.211115290009155920e+01 3.644283088048061447e-01
6.650344215343208987e+01 -1.185180403806506710e+01 3.500392913818803908e-01
6.655054609367195440e+01 -1.521894204537637307e+01 4.239582637519693220e-01
6.651313616456911859e+01 -1.517718608387126267e+01 4.255382866828690824e-01
6.652185234663461699e+01 -1.513279384544847517e+01 4.224649164226011999e-01
6.674685354071205268e+01 -1.509274415096267141e+01 4.032148035746414561e-01
6.653255735365480916e+01 -1.506479388958891974e+01 4.187398816171820082e-01
6.650376548013417732e+01 -1.502271456196088195e+01 4.195769908113192725e-01
6.652215994351882955e+01 -1.488775576360732344e+01 4.130669198224001804e-01
6.655884685022118674e+01 -1.486148292055317199e+01 4.084071849171603263e-01
6.648666756040525172e+01 -1.477976882537296177e+01 4.107044581222635271e-01
6.648531108789300959e+01 -1.473548880629474134e+01 4.093247871961096518e-01
6.648559906003879405e+01 -1.464589523494334600e+01 4.056266624114357455e-01
6.648426988952765271e+01 -1.460164629710753204e+01 4.032482721296587469e-01
6.665148952897239099e+01 -1.456064039798043197e+01 3.881827412697677060e-01
6.645813286318654889e+01 -1.449268788426122612e+01 4.011488307383467289e-01
6.646039523297535823e+01 -1.444817739863928097e+01 3.988741983966929139e-01
6.646484601677154558e+01 -1.440322542060624400e+01 3.966544672732783550e-01
6.645707079832597231e+01 -1.435885111436775041e+01 3.950737599775342446e-01
6.646011456159881448e+01 -1.431372038601481300e+01 3.928050891837799874e-01
6.646456336156525424e+01 -1.426877052341778729e+01 3.905856009994170819e-01
6.645480550140038645e+01 -1.424800101714832579e+01 3.896559424761891766e-01
6.644480407209717043e+01 -1.420403913083656633e+01 3.890198663056527728e-01
6.645366330118795872e+01 -1.415823616161218013e+01 3.859109019517700245e-01
6.645310515617980229e+01 -1.411337071525979781e+01 3.835389854395724329e-01
6.644970286785320468e+01 -1.406811461482543812e+01 3.820681167279856849e-01
6.645855888862102745e+01 -1.402231529840677382e+01 3.789595244413106467e-01
6.644955051781050770e+01 -1.400089318189585974e+01 3.790347234342944516e-01
6.644176300632281595e+01 -1.395652167402587018e+01 3.774546788572615830e-01
6.673399827175930454e+01 -1.259977252548813276e+01 2.825952296650298123e-01
6.660790597143395075e+01 -1.222520911909552055e+01 2.704181179455731332e-01
6.656858391732910718e+01 -1.206850925435012556e+01 2.634857319915235863e-01
6.649565192605203379e+01 -1.187348507213840776e+01 2.563614731146670600e-01
6.650237997496240894e+01 -1.519683778357059012e+01 3.417197021623725739e-01
6.669584388032079403e+01 -1.513896611926174174e+01 3.229535532499412387e-01
6.654300812462560089e+01 -1.510528100528571294e+01 3.342072643594624637e-01
6.647348133984097274e+01 -1.508751960281207616e+01 3.395198679550437415e-01
6.648725030788550328e+01 -1.499893868973435040e+01 3.352679575688213287e-01
6.647148901877424976e+01 -1.495568248834016245e+01 3.344724904398845844e-01
6.645069423835883526e+01 -1.491247904020316817e+01 3.345233196239749685e-01
6.645875108006737264e+01 -1.486725621979325673e+01 3.324060742288708070e-01
6.647984380521670289e+01 -1.482086028142213863e+01 3.286561736252626709e-01
6.646329168128866627e+01 -1.477822613468780411e+01 3.278553456317194748e-01
6.644050586034265393e+01 -1.475862909058329109e+01 3.285579692554931874e-01
6.668275205062241184e+01 -1.464431859616279752e+01 3.035976452636977019e-01
6.644005406960815208e+01 -1.462555229454809158e+01 3.235236445911182646e-01
6.645032418566874810e+01 -1.457992214506640138e+01 3.204626011226727744e-01
6.666884596690175613e+01 -1.451024350698373411e+01 2.991174170848849290e-01
6.645026182769295531e+01 -1.446862126820262517e+01 3.150981744354846015e-01
6.644608432178773683e+01 -1.442398248567404195e+01 3.136209665956326553e-01
6.645416233570128384e+01 -1.437879842599761027e+01 3.105058856779552290e-01
6.645436376484366292e+01 -1.433327626498846463e+01 3.091380556655205503e-01
6.645224055485778081e+01 -1.428965303829696687e+01 3.067545574902104111e-01
6.645387641873267626e+01 -1.424434241959153802e+01 3.044371234108869118e-01
6.645209578352050528e+01 -1.422242580998942074e+01 3.037205024721025826e-01
6.644134037860742126e+01 -1.417911696207121075e+01 3.020798019203034812e-01
6.644656999469316361e+01 -1.413354610530519651e+01 2.998661149827059891e-01
6.644103953397346629e+01 -1.404466815459862339e+01 2.960123538364229923e-01
6.644210757809693746e+01 -1.395449828961338135e+01 2.913237322899757675e-01
6.644132843895545193e+01 -1.388647635339943065e+01 2.882472784638456798e-01
6.662781143623656988e+01 -1.269565177795403699e+01 2.081156823900722763e-01
6.660007893474670482e+01 -1.251299512897511690e+01 1.997573414714544082e-01
6.654634541767721601e+01 -1.231322014573652801e+01 1.920806776820556117e-01
6.649261398039116955e+01 -1.211348414032129028e+01 1.834065521153420697e-01
6.659414553836394646e+01 -1.186718985032126383e+01 1.591351970449328412e-01
6.657242086667066872e+01 -1.520303773777849621e+01 2.559986969757426234e-01
6.675588799433670317e+01 -1.514533680798381177e+01 2.369274415053004290e-01
6.661743289546365077e+01 -1.511059618620006972e+01 2.485956267403095499e-01
6.650020893326937710e+01 -1.509671486826843001e+01 2.585503835245515081e-01
6.651776743406003334e+01 -1.500647705025286704e+01 2.533653000612354766e-01
6.652004408438570238e+01 -1.496196165450514570e+01 2.510896429656841455e-01
6.649768247591394754e+01 -1.492000595926912432e+01 2.511296037586381313e-01
6.650936625722496842e+01 -1.487455067965744959e+01 2.481169879667712852e-01
6.649497600463976710e+01 -1.483144338120331618e+01 2.483696667361949828e-01
6.652006280666510918e+01 -1.480655537914327091e+01 2.443927912705392558e-01
6.648985267475983107e+01 -1.476429208575064322e+01 2.451811698022172692e-01
6.648708965054592568e+01 -1.471983236072784962e+01 2.437524247923283927e-01
6.670971169376886678e+01 -1.465215523298538081e+01 2.205924154912997093e-01
6.648799886835354300e+01 -1.463103991396337200e+01 2.400979250757078187e-01
6.649467546028442655e+01 -1.458567342770382425e+01 2.369333666061907984e-01
6.667776791135182179e+01 -1.451933495737362456e+01 2.175920107250515212e-01
6.652661441763190453e+01 -1.446987538719356436e+01 2.294236428175444598e-01
6.652087113352175152e+01 -1.442648415705802201e+01 2.279354733781600029e-01
6.651672536076942777e+01 -1.438187908258041858e+01 2.254592863936213387e-01
6.652274598631375113e+01 -1.433568483429276874e+01 2.232509244008697991e-01
6.652438435261440475e+01 -1.429037590287125603e+01 2.209335001256489406e-01
6.651363354616491108e+01 -1.424706833754235724e+01 2.192927420572956532e-01
6.652064647453038049e+01 -1.422341444080059247e+01 2.177956499428248538e-01
6.651646406698729663e+01 -1.417878180407211097e+01 2.163190777117320884e-01
6.651371836852135289e+01 -1.413435897176970357e+01 2.138926790771986663e-01
6.650293081873803658e+01 -1.409102213712725948e+01 2.132512410477618303e-01
6.651116663270042295e+01 -1.404442148457752459e+01 2.100992877730418762e-01
6.651060842159353115e+01 -1.399955908214958811e+01 2.077277018951337872e-01
6.651083358413542612e+01 -1.395407431787590724e+01 2.053619537222084457e-01
6.650545284983020622e+01 -1.393242221170011597e+01 2.045418800456892949e-01
6.649544372594849051e+01 -1.388846440634617352e+01 2.039064090773097249e-01
6.650367557225136750e+01 -1.384186798466846113e+01 2.007549416806930775e-01
6.649807670285220240e+01 -1.379705840954893858e+01 1.992300304625540530e-01
6.649610622196489373e+01 -1.375201825934075472e+01 1.968099709562858290e-01
6.649995400716616700e+01 -1.370630794046089029e+01 1.935494101042218862e-01
6.649535455413692375e+01 -1.368403388081269689e+01 1.927351223572073557e-01
6.649115844708671830e+01 -1.363940690932672872e+01 1.912596160850117410e-01
6.648257805085376049e+01 -1.359566261547705146e+01 1.896747842167139098e-01
6.649381183685891017e+01 -1.354804025132927237e+01 1.855855157585784010e-01
6.648316992627979971e+01 -1.350328353433313566e+01 1.849072068222308296e-01
6.648403658370521896e+01 -1.345864058134415409e+01 1.815870406370372336e-01
6.648503462704738354e+01 -1.341254328464552614e+01 1.792280654670841411e-01
6.648262189837564051e+01 -1.338983022925936339e+01 1.784688233837254945e-01
6.648662480655819706e+01 -1.334270296708406001e+01 1.751714162902766603e-01
6.648320554430276275e+01 -1.329745922862238316e+01 1.737023162390842757e-01
6.648200794421572368e+01 -1.325180654598925400e+01 1.712890297357883007e-01
6.647642594273786187e+01 -1.320703483025100589e+01 1.687662420179953937e-01
6.648402427279174276e+01 -1.315965263193229617e+01 1.655732745078297707e-01
6.647183422392492957e+01 -1.311617294269639622e+01 1.638854149666957305e-01
6.647680953332616127e+01 -1.309155048862964499e+01 1.622974903986289519e-01
6.647200723568246872e+01 -1.304616102683352707e+01 1.597808086741523415e-01
6.647378159622901705e+01 -1.299945097006578720e+01 1.574284665806182648e-01
6.646897807409210657e+01 -1.295406304563937994e+01 1.549119139842976001e-01
6.646855848085932905e+01 -1.290779510626401638e+01 1.525051161120036802e-01
6.646516086329560835e+01 -1.286258917658988921e+01 1.500379270287084399e-01
6.670109503496816217e+01 -1.268799379682076456e+01 1.190746368748274442e-01
6.663124778052365116e+01 -1.218013752678353967e+01 9.362305795573799827e-02
6.645392835682976340e+01 -1.510337587449115127e+01 1.922543532945424349e-01
6.646629094781442859e+01 -1.501461391860707373e+01 1.879533329048248547e-01
6.647834135513296872e+01 -1.499089523914579480e+01 1.856086217122494553e-01
6.647983089756084496e+01 -1.494700204797213061e+01 1.833274844280383675e-01
6.649589461033154691e+01 -1.490065842734862755e+01 1.804238851947779221e-01
6.649898270663868516e+01 -1.485555118396749208e+01 1.771548753492862005e-01
6.648459035435064379e+01 -1.481244428652922274e+01 1.774077405355016790e-01
6.649329854399275064e+01 -1.476805574414840194e+01 1.743351930671603878e-01
6.646086476608932969e+01 -1.472620351036323427e+01 1.760680009899939780e-01
6.664607435761070064e+01 -1.468547229493071349e+01 1.555633603199293447e-01
6.643750172396795506e+01 -1.466170185447825780e+01 1.753964763034860930e-01
6.644417762266103011e+01 -1.461633290236056482e+01 1.722317010105751667e-01
6.662275458060074129e+01 -1.455233012387200198e+01 1.518195544060636504e-01
6.663522031643614696e+01 -1.450626315523637366e+01 1.488137782540699394e-01
6.652427642000169783e+01 -1.447434326169990015e+01 1.584195194563433606e-01
6.652232238545281007e+01 -1.442929475642563375e+01 1.559979181450961150e-01
6.653358455626401735e+01 -1.440620933191857311e+01 1.536487493012510530e-01
6.653378877468203711e+01 -1.436068923207296955e+01 1.522810687915532313e-01
6.652163380308358853e+01 -1.431720193366326654e+01 1.505911899213077110e-01
6.653128014373717747e+01 -1.427077676354356406e+01 1.474875866599498764e-01
6.652631587022335680e+01 -1.422676532149200312e+01 1.460053063904875881e-01
6.652432444521217292e+01 -1.418168983571189656e+01 1.445833145474468839e-01
6.652257512943495499e+01 -1.415980483482476160e+01 1.428678755314856108e-01
6.651620039899370340e+01 -1.411561487009746330e+01 1.413367955182367464e-01
6.651861969362172999e+01 -1.406968665524836837e+01 1.390253481081760167e-01
6.651364866317277347e+01 -1.402567738290528432e+01 1.375434042140799562e-01
6.651246698716315109e+01 -1.398001253880740435e+01 1.351284422587852863e-01
6.650530363015100477e+01 -1.393644593478676441e+01 1.335921096786678586e-01
6.650552774650648757e+01 -1.389096137469975645e+01 1.312263356180036755e-01
6.651335321314915916e+01 -1.386672018080376034e+01 1.287364228940159894e-01
6.651357488051822031e+01 -1.382123869545617367e+01 1.263709070896639197e-01
6.651157394807555079e+01 -1.377616806552937589e+01 1.249498465642062683e-01
6.650299774758325100e+01 -1.373242296596923495e+01 1.233647609584598293e-01
6.649742810158122097e+01 -1.368764540425929610e+01 1.208410989838009097e-01
6.650124287036764770e+01 -1.364190596598008831e+01 1.185797388465998914e-01
6.650005331780771201e+01 -1.359624653234432401e+01 1.161656562054917963e-01
6.649986574647718385e+01 -1.357312125386061652e+01 1.144619953014560654e-01
6.649707374214222000e+01 -1.352867706305863926e+01 1.130358213693072322e-01
6.650248652622246937e+01 -1.348172756844233433e+01 1.097871728146453396e-01
6.649328143692856941e+01 -1.343718236661368337e+01 1.081592130932518270e-01
6.649208582800129363e+01 -1.339152757590202469e+01 1.057454454586344017e-01
6.649452051798687080e+01 -1.334564313123265933e+01 1.024368554233954232e-01
6.648151967026707609e+01 -1.330275300082246659e+01 1.017420592029114612e-01
6.649231790298922817e+01 -1.327745860939141487e+01 9.931348333047451682e-02
6.649049684166445218e+01 -1.323100348876708310e+01 9.685670165365678486e-02
6.648491541755132062e+01 -1.318623252446683303e+01 9.433407423699824434e-02
6.648070735774822992e+01 -1.314161348725233580e+01 9.285963844256284183e-02
6.648470611996445712e+01 -1.309449178913209266e+01 8.956287224311210160e-02
6.647630594413298866e+01 -1.304936033086131886e+01 8.694224738393385721e-02
6.647529638053313761e+01 -1.302683196740848715e+01 8.623260646741304214e-02
6.647850844123952641e+01 -1.298033456584082224e+01 8.293043720406245711e-02
6.647370567110914408e+01 -1.293494605599063263e+01 8.041400898911565953e-02
6.647145679071768143e+01 -1.284223108017661197e+01 7.555138059371135917e-02
6.648205845794447555e+01 -1.279382788214035038e+01 7.142068838041093493e-02
6.664693417889006355e+01 -1.270733495566678783e+01 5.091325527009016305e-02
6.650290448910304519e+01 -1.210236055355390405e+01 2.524396035330656041e-02
6.755678286192761561e+01 -1.526120383859577778e+01 -1.096962365090559111e-02
6.756380172901445746e+01 -1.521298221519836780e+01 -1.321060543635477202e-02
6.757225445713407908e+01 -1.516497138634541919e+01 -1.640147068596164992e-02
6.756626747695314350e+01 -1.511795907827583996e+01 -1.800839376990737151e-02
6.756246746187024144e+01 -1.507050339368206338e+01 -1.956063774424743329e-02
6.756445136508918381e+01 -1.502234043434030397e+01 -2.095458934219363023e-02
6.757730060944342654e+01 -1.499801635970240099e+01 -2.329270153159201939e-02
6.653762160424560079e+01 -1.503375473080661884e+01 8.464640434100512145e-02
6.651964242965928520e+01 -1.499091238184268171e+01 8.479539149666814879e-02
6.652275644171398028e+01 -1.490167313152547557e+01 8.119458182759720088e-02
6.652646619007087736e+01 -1.485736910470977357e+01 7.796927417491850143e-02
6.650881660397837436e+01 -1.483623370534557750e+01 7.978558446242445257e-02
6.653935238534162977e+01 -1.478893078177227771e+01 7.429961137650020753e-02
6.649532031194915760e+01 -1.474846261040698536e+01 7.671507171962632654e-02
6.645268914927336823e+01 -1.470817307026236520e+01 7.917951867916839248e-02
6.650864787979472226e+01 -1.465769605629362005e+01 7.138464878693384641e-02
6.649931202019321574e+01 -1.461456658916710438e+01 6.979233823128327963e-02
6.677606090448647080e+01 -1.453819141686851957e+01 3.804083849900008474e-02
6.759193233286423208e+01 -1.442137744986020742e+01 -5.026413512213401269e-02
6.758530311732316420e+01 -1.437356803471981337e+01 -5.191305729848538775e-02
6.758730073890914980e+01 -1.432544353628312450e+01 -5.430460577089757379e-02
6.759890488139730280e+01 -1.427498873958328929e+01 -5.846996759845812797e-02
6.759429729464430636e+01 -1.422816308715708367e+01 -6.002605123492488204e-02
6.760590020897424779e+01 -1.417770982414821823e+01 -6.419116483819453656e-02
6.760067002886313503e+01 -1.413008286272717484e+01 -6.579056274454897491e-02
6.760504848039055048e+01 -1.410466281910983533e+01 -6.742244591522261743e-02
6.759622047186600469e+01 -1.405729861955873261e+01 -6.912539979972898152e-02
6.758657432285858135e+01 -1.401052538974633777e+01 -6.983487609708394217e-02
6.758137039489716358e+01 -1.396292971007563288e+01 -7.243290015066561338e-02
6.759215189432251236e+01 -1.391307411353564305e+01 -7.560383346528598558e-02
6.758047479473233921e+01 -1.386532065103681077e+01 -7.640561019310676549e-02
6.757889916143821551e+01 -1.384203030997622719e+01 -7.815768183786109269e-02
6.757303904267408257e+01 -1.379360344679460759e+01 -7.979986065146671415e-02
6.758021997784970836e+01 -1.374401331298435025e+01 -8.307423138656155892e-02
6.757059542009463371e+01 -1.369727312993616763e+01 -8.478206477643457362e-02
6.756253983620808867e+01 -1.364928954763700730e+01 -8.647870993927808669e-02
6.756389824345572492e+01 -1.360037343213334360e+01 -8.891199495683888010e-02
6.755286369392987922e+01 -1.355345376710601357e+01 -9.066864340775859787e-02
6.755282372390954038e+01 -1.352889052615800125e+01 -9.141022761698569532e-02
6.754619897103958692e+01 -1.348112005802598290e+01 -9.405653919267420449e-02
6.754317215512614325e+01 -1.343308853508668932e+01 -9.659900007568111846e-02
6.752990872134009237e+01 -1.338658094324270209e+01 -9.741111038187022508e-02
6.753646081015841673e+01 -1.333619545815104779e+01 -1.007277298837929713e-01
6.752322573188989452e+01 -1.328971875072027764e+01 -1.025387718501358236e-01
6.750776747644491138e+01 -1.324365214727229834e+01 -1.034055188387184021e-01
6.750630269182799736e+01 -1.319438072061606171e+01 -1.059360619111653357e-01
6.749088609605323086e+01 -1.317287486144297581e+01 -1.060613691359375554e-01
6.749743288051075751e+01 -1.312249343385164835e+01 -1.093775492499957647e-01
6.750476315815517125e+01 -1.307149136251346455e+01 -1.126879542329459749e-01
6.749812651130106644e+01 -1.302372577737098780e+01 -1.153332877728940886e-01
6.748344516308458196e+01 -1.297703935934411312e+01 -1.161938400786279857e-01
6.746578445017087233e+01 -1.293141477396803296e+01 -1.171147109894672411e-01
6.747535010785431098e+01 -1.290453571765607421e+01 -1.196290920680673775e-01
6.747309395350022498e+01 -1.285589034520880780e+01 -1.221645309574355132e-01
6.745402191944445747e+01 -1.281008611183936630e+01 -1.231345016118299274e-01
6.743920051064503696e+01 -1.276485527874217674e+01 -1.249559962526758383e-01
6.744148633697948014e+01 -1.271390892872265077e+01 -1.274192766175141767e-01
6.741645546132117772e+01 -1.267022664991339198e+01 -1.285100601005138010e-01
6.742017793796402714e+01 -1.261949315560186768e+01 -1.319230744267727573e-01
6.741871830509465724e+01 -1.259475663642601617e+01 -1.327128637481076456e-01
6.739728337523307289e+01 -1.255081541088801345e+01 -1.336993154071046686e-01
6.738778581309290416e+01 -1.250266240554164376e+01 -1.354429434850512592e-01
6.737593252213504513e+01 -1.245637233397549259e+01 -1.372034309143417286e-01
6.734428294958624406e+01 -1.241397762869811139e+01 -1.374592742000724233e-01
6.657097323935410316e+01 -1.213349513280402903e+01 -7.980835225778726283e-02
6.722201632973606422e+01 -1.189582333260394442e+01 -1.588364515943176958e-01
6.723252507235081055e+01 -1.184242838205803672e+01 -1.641189849519246735e-01
6.722287614033830039e+01 -1.179573660342637353e+01 -1.668226552203782020e-01
6.720517634738240531e+01 -1.175011911446648583e+01 -1.677418844650910845e-01
6.719787992853460423e+01 -1.170156804750284607e+01 -1.704280851227231164e-01
6.718462683138882596e+01 -1.167962116778893744e+01 -1.704979307392873178e-01
6.717435064512085319e+01 -1.163212984517631199e+01 -1.732446462229191297e-01
6.715808360457759818e+01 -1.158672640255074526e+01 -1.751135732813735579e-01
6.661481789358765582e+01 -1.519960047421614213e+01 -1.003982506277534270e-02
6.662935141675778539e+01 -1.515453217242322914e+01 -1.395402653675281712e-02
6.663019816105081361e+01 -1.510980955720680896e+01 -1.527968735154550117e-02
6.661601312133925035e+01 -1.506531158957308847e+01 -1.606404988566523251e-02
6.665034756098620505e+01 -1.504090278951677107e+01 -2.074074814904203201e-02
6.662012129151239037e+01 -1.499861666689338868e+01 -1.895329044306226507e-02
6.662759356112918852e+01 -1.495262503145581512e+01 -2.211303121471197564e-02
6.651698522902486843e+01 -1.491785692515581196e+01 -1.158287070032026911e-02
6.648455930401735259e+01 -1.487600707582009107e+01 -9.849986108564579013e-03
6.644193483584298576e+01 -1.483571841357017895e+01 -7.385663986233970135e-03
6.646162158665538300e+01 -1.478914352069248572e+01 -1.118447837244285203e-02
6.648811255749470206e+01 -1.476443525539198554e+01 -1.511235213234107810e-02
6.656073638906899248e+01 -1.471255093006136683e+01 -2.543558906252862961e-02
6.661310183453679201e+01 -1.466234101551254376e+01 -3.333409910358420269e-02
6.660814996993816806e+01 -1.461832848951262598e+01 -3.481698556949774925e-02
6.660979777757155773e+01 -1.457301774616225032e+01 -3.713501052801193580e-02
6.660706420117092819e+01 -1.452859345603185837e+01 -3.956215505763127638e-02
6.661548595924769245e+01 -1.450511753103576496e+01 -4.101051452105353157e-02
6.661213054516046839e+01 -1.445989135016549554e+01 -4.348096803532142118e-02
6.662599980634638541e+01 -1.441400641077586187e+01 -4.643757214840205094e-02
6.662042010279755289e+01 -1.436919358199950381e+01 -4.796342593835878354e-02
6.660826745531807092e+01 -1.432570930405675291e+01 -4.965313998860665379e-02
6.661510528003690013e+01 -1.427892599360099624e+01 -5.285459164558448109e-02
6.660291920608962357e+01 -1.423541050060164714e+01 -5.354506300959438470e-02
6.662375901103007436e+01 -1.420996789664608251e+01 -5.666876759688377341e-02
6.661519998889333749e+01 -1.416622165518637466e+01 -5.825443373926142421e-02
6.662343964564779242e+01 -1.411962286697099245e+01 -6.140644981577492167e-02
6.663027304121546024e+01 -1.407284475036940918e+01 -6.460751937352360308e-02
6.662609009875195909e+01 -1.402821611319004269e+01 -6.608362655693134080e-02
6.662854198708249953e+01 -1.398232272803081244e+01 -6.939363401577569590e-02
6.661274969690548176e+01 -1.393907161200107403e+01 -7.018727297917481955e-02
6.661957958630529220e+01 -1.389229676328936058e+01 -7.338775287994603325e-02
6.661498444122477736e+01 -1.387002360867210982e+01 -7.420211874601445601e-02
6.661158079620749106e+01 -1.382477513345635423e+01 -7.567219706086580899e-02
6.660379344303720472e+01 -1.378041009099362668e+01 -7.725155976681952197e-02
6.660182511162706476e+01 -1.373537429811417709e+01 -7.967141853333004065e-02
6.660724465630748625e+01 -1.368842263746813614e+01 -8.292052255949289297e-02
6.659284965847119508e+01 -1.364535170980753165e+01 -8.366476086789353950e-02
6.659266429905157736e+01 -1.362222774104936995e+01 -8.536843257032633581e-02
6.658627865837883064e+01 -1.357804550272812882e+01 -8.689829712194119260e-02
6.658728147482638349e+01 -1.353194815175703525e+01 -8.925736572820897052e-02
6.659269629617575958e+01 -1.348500130372805472e+01 -9.250598916150765127e-02
6.658571566199087499e+01 -1.344004922257023615e+01 -9.507810492840285121e-02
6.658230175387058125e+01 -1.339480618495282727e+01 -9.654725721091028667e-02
6.657751011472282698e+01 -1.334941336650065757e+01 -9.906443055456692903e-02
6.657212319718217941e+01 -1.332776417779259859e+01 -9.988388845845097563e-02
6.658054118639203978e+01 -1.327978985360258335e+01 -1.040705611775594175e-01
6.656109691803104056e+01 -1.323676994686724839e+01 -1.039680876842179469e-01
6.655911604550824734e+01 -1.319174132578504732e+01 -1.063866789856977579e-01
6.654189047173318272e+01 -1.314831174689775750e+01 -1.072283864313019475e-01
6.654729811343504764e+01 -1.310137277886778051e+01 -1.104760328231548794e-01
6.653370028470835962e+01 -1.305771491737827716e+01 -1.122127182237329102e-01
6.653207010791514620e+01 -1.303438312581585912e+01 -1.129657972530584420e-01
6.653309240691784510e+01 -1.298832703225136243e+01 -1.163225569364825240e-01
6.651288298585502901e+01 -1.294595971784570310e+01 -1.172244689483779023e-01
6.650585657339151169e+01 -1.290098227128171793e+01 -1.187965868683038551e-01
6.650546754392215121e+01 -1.285474652236637816e+01 -1.222022081030136320e-01
6.649405463036499953e+01 -1.281065044371313810e+01 -1.238836408206442918e-01
6.648542063077333353e+01 -1.274237711048242261e+01 -1.272074338210587019e-01
6.647838832925427255e+01 -1.269740296262328272e+01 -1.287790344619843541e-01
