6.725428755596281860e+01 -1.460669352601053106e+01 1.431227442967395014e+00
6.716985289785591817e+01 -1.457571221307190967e+01 1.430594673506848435e+00
6.714782373437711271e+01 -1.453521815990994526e+01 1.428595021220209649e+00
6.710449134956130024e+01 -1.449778459465221481e+01 1.428032924752606458e+00
6.708435951250334028e+01 -1.447861487018964333e+01 1.426784018593944658e+00
6.703440818335684526e+01 -1.444229525715181950e+01 1.426051862505172574e+00
6.697242080572874556e+01 -1.440984701093550591e+01 1.425070239542371775e+00
6.696601996768330878e+01 -1.436532528725367541e+01 1.423427384536560591e+00
6.692610415114590694e+01 -1.432918396299081287e+01 1.422012955778662935e+00
6.689080071447108367e+01 -1.429088124972676965e+01 1.420672249070161319e+00
6.687617309122950360e+01 -1.424866612773180918e+01 1.418848093468854543e+00
6.685358937627192688e+01 -1.423124771223908525e+01 1.418580820472010062e+00
6.683073630414219224e+01 -1.419133941176145441e+01 1.416575234200894595e+00
6.681526931698326166e+01 -1.414968779400551924e+01 1.415744376359574952e+00
6.682131447104237054e+01 -1.410356420638856179e+01 1.413437044565442058e+00
6.680062979871368611e+01 -1.406325187687794909e+01 1.412487198275420575e+00
6.678659148878793417e+01 -1.402185626340419233e+01 1.410708470685105187e+00
6.677114931614740101e+01 -1.398023659718779577e+01 1.408878811540178244e+00
6.675600841815750641e+01 -1.396113719514602636e+01 1.407788238175223139e+00
6.673832723014989199e+01 -1.391985629540936387e+01 1.406900935050417578e+00
6.676084595480160999e+01 -1.386915782933284902e+01 1.403958236719248243e+00
6.676023980517400958e+01 -1.382412046484226487e+01 1.402480503599533357e+00
6.676928874887987320e+01 -1.377703687987884607e+01 1.400236392509169647e+00
6.676206371561477226e+01 -1.373311518179488644e+01 1.398588747184763115e+00
6.678786445893216239e+01 -1.370394259101130885e+01 1.397446893484505459e+00
6.680594093619110652e+01 -1.365396391274014931e+01 1.395390606219596208e+00
6.681057864625337572e+01 -1.360762761511519869e+01 1.393033675693382545e+00
6.683026419090461445e+01 -1.355646124992609991e+01 1.390989337053166075e+00
6.687465539120816516e+01 -1.349842074470967646e+01 1.388491278227646619e+00
6.694819912788446459e+01 -1.343279762303196101e+01 1.384654199196400315e+00
6.728290370633494888e+01 -1.470130327289831662e+01 1.350101806882277655e+00
6.710904508148701098e+01 -1.470736706532596294e+01 1.352888932821039392e+00
6.701275575997036071e+01 -1.467881154548684108e+01 1.352966275581612754e+00
6.695319144609833018e+01 -1.464457938899973222e+01 1.352001913264377242e+00
6.681173922549288591e+01 -1.458118027371589598e+01 1.351544003983681241e+00
6.678525942472857935e+01 -1.454138623705621214e+01 1.350429407065018239e+00
6.676902694814940276e+01 -1.450035811988153078e+01 1.348593203338014801e+00
6.676351636225447805e+01 -1.447917407238116283e+01 1.347734574287441145e+00
6.676271431609436036e+01 -1.443554177927148530e+01 1.346294882580727492e+00
6.675610077204244419e+01 -1.439242955495297238e+01 1.344691060987156739e+00
6.675109323555656715e+01 -1.434812540308448092e+01 1.343098715195537807e+00
6.674370384670245926e+01 -1.430564352471903433e+01 1.340490313148015922e+00
6.674149693919528659e+01 -1.426178905749662107e+01 1.339000048252896757e+00
6.674259758094261485e+01 -1.423949014836515303e+01 1.338311566074959158e+00
6.674119279324004594e+01 -1.419504093785209520e+01 1.336827155773075981e+00
6.673901476056960291e+01 -1.415122078611734580e+01 1.334338144487051458e+00
6.675328025131216236e+01 -1.410278818526209221e+01 1.332212161224422431e+00
6.673399461019563716e+01 -1.406269810493878580e+01 1.331313126138457203e+00
6.673863533920592772e+01 -1.401634968727492847e+01 1.328954968986129526e+00
6.658340862893096812e+01 -1.400721470892898246e+01 1.330829172050771225e+00
6.675319515967045447e+01 -1.394622178447147931e+01 1.326135553519883548e+00
6.673113453411136220e+01 -1.390571512288956590e+01 1.324135908631974612e+00
6.674459399353061428e+01 -1.385788651738321420e+01 1.322004937131415980e+00
6.674622286243462099e+01 -1.381250973957047634e+01 1.319584851179605778e+00
6.673679234085189194e+01 -1.376895778736808751e+01 1.317880404269789363e+00
6.673618281276661435e+01 -1.372392226266107862e+01 1.316402864417742791e+00
6.673256313369843440e+01 -1.367985422459577372e+01 1.314862955421383539e+00
6.674051342269278564e+01 -1.365506578080105093e+01 1.313306937267626262e+00
6.671680582188241715e+01 -1.361571954125673578e+01 1.312295172082095673e+00
6.671702861916715221e+01 -1.357012380273922325e+01 1.309824788989565336e+00
6.672085838300945682e+01 -1.352438232737147139e+01 1.307462122798101145e+00
6.670921539432507075e+01 -1.348120512469289700e+01 1.305701506010771729e+00
6.670940472525353471e+01 -1.343558012096026921e+01 1.304230427940249903e+00
6.671263518670426151e+01 -1.338902160259227969e+01 1.301822997302424900e+00
6.671533720563886050e+01 -1.336554228379162979e+01 1.301147207207617562e+00
6.671194844205682273e+01 -1.332009732947791569e+01 1.298569755160873918e+00
6.671434155403926525e+01 -1.327410673501912441e+01 1.297155859476759154e+00
6.674007459192311842e+01 -1.322105205093064662e+01 1.294238639057980533e+00
6.729105999261301463e+01 -1.485122997328148919e+01 1.275138691439464456e+00
6.710968783485728295e+01 -1.483505504667084907e+01 1.277971228549868332e+00
6.704209141253569726e+01 -1.480169255000654971e+01 1.277785543656304812e+00
6.693555854459037846e+01 -1.477437308451892761e+01 1.278584645894004002e+00
6.672596570620906675e+01 -1.470069493275836514e+01 1.279673562628022232e+00
6.671194092313245960e+01 -1.465929197377225890e+01 1.277893645160203207e+00
6.670232293498641241e+01 -1.461714373070145179e+01 1.276226981117547288e+00
6.669791519788354606e+01 -1.457365568008575529e+01 1.274679295018977143e+00
6.669270329324706381e+01 -1.453076442653675748e+01 1.273125996152024930e+00
6.689698136014052920e+01 -1.446950643326275454e+01 1.266494138537488157e+00
6.668638703810182733e+01 -1.446594306701742028e+01 1.270827338540329698e+00
6.782718680568814307e+01 -1.400223557794326723e+01 1.230283051537887973e+00
6.778715080870824750e+01 -1.398635678112416869e+01 1.230523049521623058e+00
6.776172315266848045e+01 -1.394461429597700430e+01 1.228378238911226550e+00
6.663823114940697678e+01 -1.396604664203245427e+01 1.249120837198291145e+00
6.664093497515762010e+01 -1.394255841465487045e+01 1.248444156068888367e+00
6.777023501798497307e+01 -1.311468772919133841e+01 1.191759648430308127e+00
6.744755318628128293e+01 -1.315448098821365264e+01 1.199010403425694538e+00
6.733574645122438085e+01 -1.316248247449022202e+01 1.200790957811071147e+00
6.774797024124123368e+01 -1.299744704008874052e+01 1.186271282298663854e+00
6.663459494076379031e+01 -1.321991249920413836e+01 1.215839780847936202e+00
6.662193293311766240e+01 -1.317874840209915632e+01 1.214113277219084797e+00
6.661329044773569308e+01 -1.313460828065219488e+01 1.212415802344926297e+00
6.661210118767009192e+01 -1.308879670060427003e+01 1.209895574084865588e+00
6.724284373533642167e+01 -1.494230065251616857e+01 1.190504143540864090e+00
6.709726839693976785e+01 -1.494130472379879038e+01 1.193943549005279881e+00
6.713180925621267647e+01 -1.489177254329885969e+01 1.191410703394248705e+00
6.673289631378068520e+01 -1.482163056818778024e+01 1.197725528500421799e+00
6.671583578750927757e+01 -1.478116369788565621e+01 1.196882186157459227e+00
6.670181178212617112e+01 -1.473976018531773846e+01 1.195102125724077924e+00
6.669770416358569776e+01 -1.471879731966037497e+01 1.194294157273057433e+00
6.668224719785254706e+01 -1.467713676196424899e+01 1.193462186620446674e+00
6.691455073402063647e+01 -1.459142168177386267e+01 1.183907042409824584e+00
6.667406088741887515e+01 -1.459101012794189600e+01 1.189412861147469691e+00
6.788184784631783941e+01 -1.401000361057306343e+01 1.135139989404485128e+00
6.775857331466839639e+01 -1.398864149492763964e+01 1.137613676702487586e+00
6.753750243953284382e+01 -1.398771186362948704e+01 1.142707365259268304e+00
6.752999859709919406e+01 -1.396549718716277688e+01 1.141753781258992184e+00
6.667060246202328244e+01 -1.397218755808461665e+01 1.162239601796209554e+00
6.693198616450075633e+01 -1.382100944363434891e+01 1.149470729287085380e+00
6.695621099001046161e+01 -1.379305988734543398e+01 1.147318228486703173e+00
6.725218799824979499e+01 -1.367578047043037870e+01 1.134723868394342139e+00
6.697693704537350357e+01 -1.369570181993575098e+01 1.142808824027136794e+00
6.782018775650367104e+01 -1.299869196963777718e+01 1.089461549518921490e+00
6.780093021163320088e+01 -1.295357573480897528e+01 1.088402947325506576e+00
6.772822783846719119e+01 -1.292517745488234127e+01 1.088222201627277563e+00
6.784766698030117027e+01 -1.284097945986052380e+01 1.082212250332139636e+00
6.783809647086623329e+01 -1.279385556846256478e+01 1.079388758424579819e+00
6.662765032634489160e+01 -1.305314409340276072e+01 1.120136855635117001e+00
6.659055148234895682e+01 -1.304132860238651404e+01 1.120600790770296173e+00
6.653587927849582684e+01 -1.301219438411330742e+01 1.119957119104173948e+00
6.719984248845149466e+01 -1.498452625880065270e+01 1.118461474637743480e+00
6.710812839474236569e+01 -1.495376110187527274e+01 1.120611282050751667e+00
6.703550267294087917e+01 -1.492029549788700393e+01 1.121266361162290615e+00
6.672442681603475023e+01 -1.483816810209061110e+01 1.126926352319189029e+00
6.670706550101259324e+01 -1.481940877839944903e+01 1.126777744429064754e+00
6.668118661407062575e+01 -1.478043238689811112e+01 1.125707922301697916e+00
6.669364329406974434e+01 -1.473458884756151654e+01 1.123607999689362646e+00
6.665450454190559526e+01 -1.469781397366758924e+01 1.123197577618566534e+00
6.685675088126858157e+01 -1.461671138321696262e+01 1.112855335292473935e+00
6.792818086111236653e+01 -1.398777540176757661e+01 1.053780560346236239e+00
6.785773269559517473e+01 -1.395393722261958658e+01 1.054493087126505912e+00
6.749018272740507030e+01 -1.398652995281807598e+01 1.066118898135216098e+00
6.746027379035636784e+01 -1.394545560868122003e+01 1.065858152440137152e+00
6.745631932909503803e+01 -1.389919940772465168e+01 1.063235325349432880e+00
6.686125605214731138e+01 -1.398837598145299310e+01 1.084620038090533090e+00
6.658070513522956446e+01 -1.394149821110613097e+01 1.090375500518701468e+00
6.694523106193139483e+01 -1.376360139816151928e+01 1.071947276855973907e+00
6.696274542300797350e+01 -1.371283520467401296e+01 1.068846836059254013e+00
6.693242888598696538e+01 -1.367460863070461485e+01 1.067665242070226173e+00
6.721429379314761832e+01 -1.358045249905632446e+01 1.055380507115036615e+00
6.688372844643151893e+01 -1.336466728644649749e+01 1.054111290387562905e+00
6.691408331554326594e+01 -1.330945615524556835e+01 1.051267950400769813e+00
6.783653951928451420e+01 -1.280447345493656286e+01 9.996030063459926396e-01
6.782762479463303862e+01 -1.278204619503171102e+01 9.985998396929107734e-01
6.775628470276821247e+01 -1.275383798057433182e+01 9.994690421143986869e-01
6.786112440417504388e+01 -1.267168372881954497e+01 9.920698358608839307e-01
6.785673724188698941e+01 -1.262319659680246886e+01 9.903651119916963008e-01
6.784051314198316618e+01 -1.257715412945204747e+01 9.883707518298338046e-01
6.657471978852548489e+01 -1.292200126688532791e+01 1.041172087393028578e+00
6.657059117107993984e+01 -1.290105169602199098e+01 1.040365926193055124e+00
6.656578839825144200e+01 -1.285538819664040133e+01 1.037738479657702273e+00
6.657887548989708648e+01 -1.280538782791712649e+01 1.034527114368608558e+00
6.721447805694907629e+01 -1.506491862858482911e+01 1.024428331585452989e+00
6.703624850339664931e+01 -1.504627911724709044e+01 1.030281681192871446e+00
6.692436214688797236e+01 -1.504054225045408444e+01 1.033616054460417821e+00
6.668629906496225601e+01 -1.494476483859200755e+01 1.039105814878466205e+00
6.667147582403045192e+01 -1.490395517419759308e+01 1.037319722021743162e+00
6.665602196163222004e+01 -1.486229239439024141e+01 1.036487417682215639e+00
6.664039111494582812e+01 -1.482207965363237889e+01 1.034695728136385329e+00
6.664813909310477413e+01 -1.479868739719390902e+01 1.033177290541144044e+00
6.661561461122462902e+01 -1.476079372537093803e+01 1.032936534239589976e+00
6.679477000916573104e+01 -1.468538703633912945e+01 1.023060237052459076e+00
6.788445145417460935e+01 -1.399295331505146933e+01 9.514837745677505731e-01
6.784962920529228825e+01 -1.397573629635835246e+01 9.518429413766069658e-01
6.770700996873324584e+01 -1.395843752867063969e+01 9.568486624123131445e-01
6.750574422310882028e+01 -1.395412291949489969e+01 9.634507825717485430e-01
6.745053730465315311e+01 -1.391911533371404452e+01 9.635993472736800181e-01
6.685293384374632808e+01 -1.400485409493927769e+01 9.897986622102782350e-01
6.655464878400510997e+01 -1.396084916428184286e+01 9.980976736532414240e-01
6.655246036853942826e+01 -1.391702767028596277e+01 9.956088013638954015e-01
6.654803454634779314e+01 -1.387354554200893553e+01 9.940623847553552439e-01
6.679024854307724013e+01 -1.377082789903458249e+01 9.802644133088396217e-01
6.689558748483020167e+01 -1.369952461823680245e+01 9.732293424093509948e-01
6.692937383677183050e+01 -1.364560030680560487e+01 9.695327953160886025e-01
6.693945426809854382e+01 -1.343503099025272363e+01 9.580242644188519119e-01
6.693824735251834568e+01 -1.338918759563717842e+01 9.565027075477663399e-01
6.689364323208810958e+01 -1.335516196369128572e+01 9.560136394467482202e-01
6.784411396220612289e+01 -1.274920375828648567e+01 8.919444043379192166e-01
6.784217217140145806e+01 -1.269896119448040750e+01 8.892578585106960531e-01
6.782955686856496413e+01 -1.265277226544376532e+01 8.873710697380238210e-01
6.775821138286349310e+01 -1.262456147012679075e+01 8.882402580053734287e-01
6.768465473988497649e+01 -1.259671745750413940e+01 8.890524901139263969e-01
6.772173309498703020e+01 -1.253544607397364175e+01 8.842222354461187761e-01
6.652599991528845180e+01 -1.286096342669812564e+01 9.425844692746376818e-01
6.651482706261954547e+01 -1.279468736308890975e+01 9.400931134478328621e-01
6.652349931370642366e+01 -1.274542602558519633e+01 9.367683672451516674e-01
6.655167155319554695e+01 -1.269063996445967746e+01 9.328715292794427238e-01
6.716169085771389291e+01 -1.513292287636563493e+01 9.609257354832286824e-01
6.701878743804986982e+01 -1.510838143703880654e+01 9.656862953074100142e-01
6.690497658568747852e+01 -1.508128176895734640e+01 9.692683475807200022e-01
6.682347220975142932e+01 -1.504924100929103048e+01 9.716947564959145245e-01
6.676879702911136860e+01 -1.503534433666846226e+01 9.725430678851210153e-01
6.673264984005571421e+01 -1.499757376021981337e+01 9.731940134987973057e-01
6.669373055546284945e+01 -1.495938571226040281e+01 9.727440226208416973e-01
6.667226345798931675e+01 -1.491966280391387834e+01 9.717871221363225676e-01
6.665380350120695141e+01 -1.487896987080437228e+01 9.708926226528500347e-01
6.664258099832892412e+01 -1.483801073198720388e+01 9.692141090044738005e-01
6.663877327596851785e+01 -1.479533745173822901e+01 9.677110458298072704e-01
6.663106057928376913e+01 -1.477452130936285890e+01 9.667954516980716839e-01
6.662725102641360309e+01 -1.473184875394986193e+01 9.652925340352808137e-01
6.660437543985339914e+01 -1.469189864771632514e+01 9.642848723675307987e-01
6.659835813557714346e+01 -1.464959922284702287e+01 9.627254317133292494e-01
6.659454619079305360e+01 -1.460692661593873964e+01 9.612227359869145449e-01
6.661528062040325437e+01 -1.455884059685180887e+01 9.573064110604634358e-01
6.658334195199488192e+01 -1.452176484496018283e+01 9.571109812046145748e-01
6.660070870708491952e+01 -1.449629152547767141e+01 9.558251397003451055e-01
6.659027905193607921e+01 -1.445473784112229332e+01 9.541528538277959104e-01
6.659695056044014905e+01 -1.440945167769603508e+01 9.508905206035300761e-01
6.659614095504754516e+01 -1.436581543302136765e+01 9.494506426469118132e-01
6.659315634760480407e+01 -1.432258385187404137e+01 9.469552270589134402e-01
6.658653496082867207e+01 -1.427946728490591433e+01 9.453513467434377926e-01
6.658131273130049976e+01 -1.423657640036351424e+01 9.437984236053905684e-01
6.659206505865059000e+01 -1.421222492096384826e+01 9.423431898332508272e-01
6.658684127745495118e+01 -1.416933514747706013e+01 9.407904335386620964e-01
6.656950893859247742e+01 -1.397375882834242056e+01 9.319112646660179244e-01
6.656350803419017836e+01 -1.393150089224597110e+01 9.293542947240176488e-01
6.656069032612698777e+01 -1.388682649488363907e+01 9.278193190528853940e-01
6.674485082605578157e+01 -1.379790460068926983e+01 9.156622558391798172e-01
6.673986130645393189e+01 -1.375364254558972199e+01 9.130722124731988076e-01
6.679677169335829490e+01 -1.369405597099469141e+01 9.079107254894832613e-01
6.678733940195898811e+01 -1.365050645781499838e+01 9.062065715080197537e-01
6.707843723902037425e+01 -1.346018630555374074e+01 8.850902393406054891e-01
6.704146794433782475e+01 -1.342304231039880413e+01 8.847379601796887538e-01
6.704631432657164680e+01 -1.337530233612235797e+01 8.823425975355031481e-01
6.734944873854072966e+01 -1.288371632696041047e+01 8.438476684182697474e-01
6.706793565266980295e+01 -1.294440367809375658e+01 8.580617892769770716e-01
6.705789911637791079e+01 -1.290005472702121025e+01 8.563145448173259400e-01
6.682495617633801999e+01 -1.292372742754223047e+01 8.668403675497784455e-01
6.677567913213769657e+01 -1.289181760033294744e+01 8.672761000108967222e-01
6.679804230952456123e+01 -1.283754194300005658e+01 8.632143852115461424e-01
6.647772428051854376e+01 -1.289258511336014124e+01 8.790397027880345604e-01
6.652877187093680789e+01 -1.276044121882609517e+01 8.693495902162270417e-01
6.651710791383762000e+01 -1.271727083457632901e+01 8.675903909771169875e-01
6.651811664920927569e+01 -1.267109869027314062e+01 8.651279551589221573e-01
6.657991961414423088e+01 -1.260297700277748589e+01 8.588448798985505173e-01
6.659705912156016439e+01 -1.255004375383727577e+01 8.546645988517713732e-01
6.732121710148807381e+01 -1.517425127159902587e+01 8.641340208402477074e-01
6.707950441096379279e+01 -1.516197818921509466e+01 8.752228455368373794e-01
6.694901808580375757e+01 -1.513579238769751356e+01 8.803168996689657577e-01
6.684705982635829002e+01 -1.510626079752464435e+01 8.831883062513734561e-01
6.676192105928322462e+01 -1.507433509964082674e+01 8.865061475903800448e-01
6.671776317321513261e+01 -1.503745978962414220e+01 8.869364468409860480e-01
6.665954503679715515e+01 -1.500338477298305406e+01 8.880205371889837718e-01
6.663193828693304965e+01 -1.498586051721163770e+01 8.885935975556344957e-01
6.660546568496167197e+01 -1.494606015088862172e+01 8.874781833003470011e-01
6.659200866147334352e+01 -1.490543948461915846e+01 8.867418879588379044e-01
6.658158816073310504e+01 -1.486388217802989331e+01 8.850688149830774343e-01
6.656592465494431110e+01 -1.482363314113688801e+01 8.842759275627821713e-01
6.656071350058806502e+01 -1.478073314637313018e+01 8.827218592952137399e-01
6.654888807780758953e+01 -1.473895195148440962e+01 8.809980657145703997e-01
6.655058811220006021e+01 -1.471746532220168469e+01 8.803541354685593401e-01
6.654900923963074888e+01 -1.467445060427176884e+01 8.779087589574718908e-01
6.653718192099789519e+01 -1.463266841516732342e+01 8.761851123318092904e-01
6.652511472291880068e+01 -1.459227191586229644e+01 8.754999701619263774e-01
6.653839911307467503e+01 -1.454586502924678726e+01 8.724070174174904935e-01
6.651831554158464144e+01 -1.450636082540250804e+01 8.715013124864819938e-01
6.652745985435869613e+01 -1.448319686166661846e+01 8.700341275433358668e-01
6.653109050746327569e+01 -1.443884459520337415e+01 8.677082873056215506e-01
6.652810577863417052e+01 -1.439560958568261029e+01 8.652125768846689047e-01
6.652127636733732174e+01 -1.435390737157091223e+01 8.636478856580290797e-01
6.651986594581502743e+01 -1.430944872637037513e+01 8.621627822203492553e-01
6.651306667846051823e+01 -1.426777932657910419e+01 8.595992755154289178e-01
6.651004764302869887e+01 -1.422451388929232508e+01 8.581029252094023452e-01
6.651257557430689360e+01 -1.420246906015582589e+01 8.564662582211401975e-01
6.651479966345021921e+01 -1.415789877960023446e+01 8.540900767364355550e-01
6.650736772690027010e+01 -1.411537831817208044e+01 8.524806003735646565e-01
6.650133704951126390e+01 -1.407308319276933872e+01 8.509221951831607011e-01
6.650355831230218939e+01 -1.402851551859861701e+01 8.485464282607885211e-01
6.649692694388939174e+01 -1.398540142493543215e+01 8.469429733346117706e-01
6.649694200136237043e+01 -1.394120576441481063e+01 8.445106952088690111e-01
6.650107711254948128e+01 -1.391797226290161760e+01 8.428858558530323286e-01
6.650109068369761189e+01 -1.387377943248831258e+01 8.404537431276429826e-01
6.649445698499395974e+01 -1.383066700248955527e+01 8.388506277824031576e-01
6.650332253196854992e+01 -1.378502457449696195e+01 8.356466110874184450e-01
6.649227537632197027e+01 -1.374265634986354812e+01 8.339302674783362068e-01
6.649088541778159822e+01 -1.369824156030298035e+01 8.314476003498103562e-01
6.649751207170535849e+01 -1.365294132813655636e+01 8.291862047359849219e-01
6.648757651954443304e+01 -1.363249858718588925e+01 8.282147583549135383e-01
6.648615281580548242e+01 -1.358805414619056862e+01 8.267313749168134773e-01
6.649662383728511372e+01 -1.354122720292268056e+01 8.235395071114185450e-01
6.648637597509075192e+01 -1.349826684138349009e+01 8.218294326579045350e-01
6.649243430895195672e+01 -1.345218354114216019e+01 8.185244615703529680e-01
6.649184299220610228e+01 -1.340718060149605151e+01 8.160483525363299018e-01
6.647858153801820436e+01 -1.336518785024943234e+01 8.142760143335269207e-01
6.648187835807839008e+01 -1.334252586157007414e+01 8.136453348017496090e-01
6.648733717604832805e+01 -1.329562685116056997e+01 8.102955764931496496e-01
6.647547493701191001e+01 -1.325386149360740440e+01 8.085744322000019135e-01
6.648695373831620259e+01 -1.320503359033010327e+01 8.053500782704372529e-01
6.648415289941779349e+01 -1.316040621927738741e+01 8.028177689452727916e-01
6.647228888963491045e+01 -1.311864329977391996e+01 8.010969473523944506e-01
6.646808418058262191e+01 -1.307379186819458994e+01 7.985139446479500025e-01
6.647683366533655658e+01 -1.304841604286161427e+01 7.969646463395266833e-01
6.646797732343920018e+01 -1.300569034739965346e+01 7.953066581136877256e-01
6.646296689704561800e+01 -1.296143682588862944e+01 7.927181499404868381e-01
6.647825817677045279e+01 -1.291106002092608662e+01 7.895631479767898364e-01
6.647565816917915527e+01 -1.286502463251825645e+01 7.869922882679153409e-01
6.646984152938271961e+01 -1.282136996379597704e+01 7.843983496073533290e-01
6.646944867758354292e+01 -1.277496714098642272e+01 7.818845981048833105e-01
6.647378301430590852e+01 -1.275033643896458457e+01 7.802222277102843773e-01
6.646876897420062846e+01 -1.270608932144083170e+01 7.776342932848930856e-01
6.647743917569871996e+01 -1.265683003576717880e+01 7.743098484508985635e-01
6.646192466984770419e+01 -1.261518757936168456e+01 7.734812664346969457e-01
6.647584342962633741e+01 -1.256463097781015748e+01 7.692775254755523928e-01
6.647243514100861717e+01 -1.251919972928475389e+01 7.667018208151665792e-01
6.647617073302401991e+01 -1.249375275670195151e+01 7.649947286373723898e-01
6.648039486206505444e+01 -1.244520633068182924e+01 7.625562594767941738e-01
6.650659754602442320e+01 -1.238942004919694995e+01 7.575655203876121568e-01
6.651687521751196641e+01 -1.233898390220879548e+01 7.542537755760101437e-01
6.636769857529945682e+01 -1.234507118809324311e+01 7.608148577771902676e-01
6.655277322757244463e+01 -1.218273848679895011e+01 7.433164707632665680e-01
6.723537057447808252e+01 -1.522562732381850559e+01 7.900527313179893651e-01
6.707496421091281036e+01 -1.520256995118936061e+01 7.973190318866643089e-01
6.693529734189311853e+01 -1.519952316973713913e+01 8.048801081908403265e-01
6.682226274014089995e+01 -1.517179697613366507e+01 8.094668784511402926e-01
6.666359128444611315e+01 -1.515114337963966662e+01 8.178661588060778254e-01
6.674137141896670755e+01 -1.509633582956313802e+01 8.105029299518407004e-01
6.659657046421069992e+01 -1.507431592779943053e+01 8.172881703948411403e-01
6.655821555795877487e+01 -1.503691200942124695e+01 8.178820842266132374e-01
6.653340748982665787e+01 -1.501983473962343041e+01 8.185569273091027886e-01
6.653403963131408716e+01 -1.497644162883078600e+01 8.161674070573046169e-01
6.652722374314683407e+01 -1.493473206531475128e+01 8.146016450408269938e-01
6.651680234425661808e+01 -1.489317188490685950e+01 8.129283904257574855e-01
6.651299282373648225e+01 -1.485049285507463779e+01 8.114250235163061875e-01
6.651362080628305762e+01 -1.480710213472839243e+01 8.090359288134877369e-01
6.651120833365880003e+01 -1.476464912593823442e+01 8.075836432617581329e-01
6.651150584164449242e+01 -1.474293866374332751e+01 8.068886513868224197e-01
6.650027577581444405e+01 -1.470197556946917850e+01 8.052100705762073041e-01
6.650009649121201960e+01 -1.465918387219284469e+01 8.028155777042579322e-01
6.649407661015264637e+01 -1.461687925034910940e+01 8.012560060527500472e-01
6.649329873829918824e+01 -1.457326824035801138e+01 7.988165178962335355e-01
6.648343318636852928e+01 -1.453249830325620806e+01 7.981879963141638168e-01
6.649230650219651295e+01 -1.448683566377135890e+01 7.949818910886735646e-01
6.648458686186742739e+01 -1.446601805353800074e+01 7.940663901024251903e-01
6.649182042772045520e+01 -1.442151769308736498e+01 7.918480034496595543e-01
6.648278608579059323e+01 -1.438018599729651115e+01 7.902265533007752918e-01
6.649165769063540665e+01 -1.433452750907508211e+01 7.870209479639481698e-01
6.648422829973577564e+01 -1.429200405309642719e+01 7.854110952509949506e-01
6.648261018671905731e+01 -1.424896185434769613e+01 7.839655580536262214e-01
6.646394785740575628e+01 -1.420971313451303075e+01 7.821120026409222881e-01
6.649481190240997819e+01 -1.418066550691284533e+01 7.791293175101665636e-01
6.647692077033556757e+01 -1.414078978207592563e+01 7.782806049064575626e-01
6.647309363308758634e+01 -1.409812221114614061e+01 7.767787328927190371e-01
6.647534652986524861e+01 -1.405358452508051670e+01 7.734038660040470914e-01
6.648498591742168173e+01 -1.400730734216764617e+01 7.712038650782095939e-01
6.645302412385899515e+01 -1.397022237983924597e+01 7.710084859054330275e-01
6.645303679871692282e+01 -1.392602667755330792e+01 7.685761319969020011e-01
6.644972041275534025e+01 -1.390446866030763751e+01 7.677745000644391471e-01
6.645719548143429733e+01 -1.381440420173395900e+01 7.620871456996041182e-01
6.645721663613971941e+01 -1.372602165813571773e+01 7.572234317658480540e-01
6.646023570233847977e+01 -1.368086467327454869e+01 7.548542184870633553e-01
6.645884363444604048e+01 -1.363645022233032122e+01 7.523716755388306643e-01
6.645853281259722678e+01 -1.361392977358047673e+01 7.516328225222017601e-01
6.646298313188239604e+01 -1.356903398900292501e+01 7.483159002636438073e-01
6.645193097890827971e+01 -1.352666699421100205e+01 7.465999777526260983e-01
6.644448452524588333e+01 -1.348415576568207186e+01 7.449917816862168252e-01
6.644994393511024100e+01 -1.343725105523861174e+01 7.416415572502889075e-01
6.645155699131278482e+01 -1.339187682483238540e+01 7.392221644753450560e-01
6.643889229386614659e+01 -1.335070411113650479e+01 7.374949670689849857e-01
6.646191962810215159e+01 -1.332112201177966782e+01 7.352530822460450199e-01
6.644403690409050967e+01 -1.328128648397675882e+01 7.334067871867560040e-01
6.644564797232735032e+01 -1.323591602056030858e+01 7.309878134250596959e-01
6.644970214895911909e+01 -1.318879351001697842e+01 7.275872962993268356e-01
6.643703356955417405e+01 -1.314762357104114088e+01 7.258606053173620731e-01
6.642597161795282545e+01 -1.310526419308731327e+01 7.241455206731588490e-01
6.644983567741265063e+01 -1.307512634427445697e+01 7.209110162704971403e-01
6.643572998801565177e+01 -1.303370176034677641e+01 7.201325428991184330e-01
6.643978251528731960e+01 -1.298658511622658196e+01 7.167326433066094626e-01
6.643998834471227610e+01 -1.294099684687228446e+01 7.142635554866069159e-01
6.644323543162516899e+01 -1.289447849709404004e+01 7.108582313007570930e-01
6.643216874908311809e+01 -1.285212397630294134e+01 7.091436946218656612e-01
6.643478491765247895e+01 -1.280475536015574178e+01 7.066924217887917692e-01
6.643229350639136044e+01 -1.278264650675468239e+01 7.048988588223428220e-01
6.643490868283764428e+01 -1.273527977604836181e+01 7.024477359520596709e-01
6.643511187077940860e+01 -1.268969925855807901e+01 6.999794156280719770e-01
6.643170381741570907e+01 -1.264426344582897954e+01 6.974033304875448813e-01
6.642146783263791576e+01 -1.260135134627888043e+01 6.946961648465646011e-01
6.643314787113691011e+01 -1.255113065924411941e+01 6.914346063877101489e-01
6.641846443586553050e+01 -1.250892625103975497e+01 6.896130851389026262e-01
6.642440790067338696e+01 -1.248310957628669371e+01 6.879628107854736108e-01
6.643993332998414303e+01 -1.243136848423451823e+01 6.837711375196474650e-01
6.644499056301859241e+01 -1.238226129179507851e+01 6.803396523811069407e-01
6.644924321211574636e+01 -1.233375031903887376e+01 6.769024629329775111e-01
6.646193221301102483e+01 -1.228153193787094466e+01 6.736084426893461652e-01
6.646156394892481956e+01 -1.223517705272819356e+01 6.700972107375439135e-01
6.652763579228123092e+01 -1.216273285875057297e+01 6.628076392810765549e-01
6.647718398345168112e+01 -1.215811610434764845e+01 6.650910799854165001e-01
6.650985551140840357e+01 -1.209762014031563027e+01 6.591493671524054632e-01
6.771222022317400047e+01 -1.522828819771245534e+01 6.788706018415483490e-01
6.728486811574821047e+01 -1.523662764629058053e+01 7.048642342467553723e-01
6.693683662562224868e+01 -1.523824405192026710e+01 7.251030188272370447e-01
6.680128595647519774e+01 -1.521191880225926774e+01 7.320366526229638016e-01
6.672085174211197511e+01 -1.520178114527872637e+01 7.362081943184476396e-01
6.656802664465044472e+01 -1.513638708576467984e+01 7.423364218302586082e-01
6.652806579338542292e+01 -1.510017681106918452e+01 7.429189477327233782e-01
6.651982144799389118e+01 -1.505820991724988289e+01 7.423008698365142211e-01
6.651300760383610111e+01 -1.501649829606580866e+01 7.407349850828484072e-01
6.650783041375744631e+01 -1.497362662574272107e+01 7.381814772680432846e-01
6.650208391969827915e+01 -1.495382072919723804e+01 7.383606635063362233e-01
6.648520241379776508e+01 -1.467703137995599683e+01 7.258524999979144576e-01
6.647424217912738698e+01 -1.441865272327291514e+01 7.131285914843745743e-01
6.647152727025206786e+01 -1.439791312946284663e+01 7.123715983748744041e-01
6.647515448141611216e+01 -1.435356098567746841e+01 7.100458933041006171e-01
6.647958381610432355e+01 -1.430861410249343280e+01 7.077259237388969781e-01
6.646376158143945645e+01 -1.418141061426767280e+01 7.011081747165481826e-01
6.645885645893872606e+01 -1.411684377687847558e+01 6.978620055829172220e-01
6.646468400735648174e+01 -1.407212616309880815e+01 6.955936776093240015e-01
6.645504320403122733e+01 -1.402997728733579841e+01 6.939275929287114231e-01
6.645064679252696749e+01 -1.398652206519074426e+01 6.913816675258785960e-01
6.645426770490783497e+01 -1.394217912683332017e+01 6.890569018872051421e-01
6.643938990473014883e+01 -1.385714173489628642e+01 6.858388228744297654e-01
6.644936600888333089e+01 -1.383342496865157933e+01 6.833794975503545421e-01
6.645018163077391193e+01 -1.378863567200394158e+01 6.809533599489717703e-01
6.643752441096251005e+01 -1.374745701486436289e+01 6.792253665375698191e-01
6.644659315560463142e+01 -1.370039843532499013e+01 6.759818915436116571e-01
6.643533719309439789e+01 -1.365944511226483371e+01 6.743050288485097354e-01
6.643391209514392415e+01 -1.361499874017132683e+01 6.728215387524962843e-01
6.643363296518538164e+01 -1.359250999079430855e+01 6.710838225017941028e-01
6.644189583689002632e+01 -1.354605236542303359e+01 6.678350559966184097e-01
6.644190248250819764e+01 -1.350186624505471933e+01 6.654039605709349825e-01
6.644211471212852871e+01 -1.345626401879693113e+01 6.629333635414006443e-01
6.642864628530628579e+01 -1.341568544817957864e+01 6.612002416530364801e-01
6.642200117468487974e+01 -1.337258003091481307e+01 6.595980133735087625e-01
6.642966430398016087e+01 -1.332530801458547387e+01 6.563048536794272581e-01
6.641891847902795121e+01 -1.330546176344842380e+01 6.553278921263762102e-01
6.642798320794952360e+01 -1.325841718452385187e+01 6.520859425809052423e-01
6.643120167889382799e+01 -1.321185672562860702e+01 6.496785215071575470e-01
6.642619290000057219e+01 -1.316759733574845370e+01 6.470894553445655228e-01
6.641352298800717335e+01 -1.312642718083414373e+01 6.453627753492482411e-01
6.642723593896612044e+01 -1.307726517999500260e+01 6.411964538395007462e-01
6.641617215499523752e+01 -1.303490652493115576e+01 6.394815742510060463e-01
6.641889982404526904e+01 -1.301146031535595959e+01 6.378070766192559526e-01
6.642515678402864410e+01 -1.296397409368936948e+01 6.344640704742199322e-01
6.641569940692257035e+01 -1.292042732469562516e+01 6.327610126241305366e-01
6.640988110151140233e+01 -1.287677034643949625e+01 6.301667077987409549e-01
6.641694177097581075e+01 -1.282869321501200055e+01 6.268299698467051373e-01
6.641273105629790052e+01 -1.278384813592465719e+01 6.242477628264464506e-01
6.640467309166798771e+01 -1.274053066500191278e+01 6.225961462840301497e-01
6.641121320112961257e+01 -1.271553060915612221e+01 6.209904201749252284e-01
6.649966976905852789e+01 -1.259390898944117154e+01 6.078021416612267025e-01
6.640242066508056951e+01 -1.257947999626656888e+01 6.123142050468866060e-01
6.640503405088583122e+01 -1.253211893692757073e+01 6.098637485878690701e-01
6.640162359129296021e+01 -1.248668631185879008e+01 6.072880504632154341e-01
6.640346141113833767e+01 -1.243995598469249941e+01 6.038330348818293780e-01
6.639953330070954962e+01 -1.241759305788508172e+01 6.029879596986719159e-01
6.640521849375306829e+01 -1.236933855287362327e+01 5.986025889285649937e-01
6.640943874455533091e+01 -1.232079490546553302e+01 5.961645071047164679e-01
6.641067810039581332e+01 -1.227324869590390755e+01 5.926647315278847916e-01
6.642118972536182753e+01 -1.222143169150441722e+01 5.883151114220865896e-01
6.640790371646066603e+01 -1.217946035030682239e+01 5.865453909503668406e-01
6.641849755996580029e+01 -1.215153086933817583e+01 5.839709031764263036e-01
6.644186258441303039e+01 -1.209527374449013237e+01 5.798784666400370602e-01
6.647212016323315709e+01 -1.203656453513027458e+01 5.739193934802413466e-01
6.703195769409444438e+01 -1.522849278623003144e+01 6.316533731122632167e-01
6.682585235447261596e+01 -1.521244310301349678e+01 6.447300793316784739e-01
6.671828548158691774e+01 -1.520586846399326220e+01 6.511747726984480344e-01
6.663070722548755498e+01 -1.517569982825362906e+01 6.554746133435643829e-01
6.634710296320513123e+01 -1.213428661988001522e+01 4.991077337441272022e-01
6.634389198429613543e+01 -1.208744899678126927e+01 4.964937803895741464e-01
6.635580448315219826e+01 -1.203586494254866146e+01 4.921956472624245960e-01
6.657733052977890509e+01 -1.190137571262673788e+01 4.697265721759047441e-01
6.640825910732505122e+01 -1.191929963309587492e+01 4.810558832933395923e-01
6.716241039062148843e+01 -1.531502726050702989e+01 5.424305370155638739e-01
6.697642259320937796e+01 -1.529428134817742801e+01 5.539797324922108857e-01
6.685550017584334626e+01 -1.526594495363135273e+01 5.613038167546814394e-01
6.676450246999931437e+01 -1.523448497493298248e+01 5.664560782044485432e-01
6.668514477896128767e+01 -1.520200600869093499e+01 5.709368138050934238e-01
6.653081486812452283e+01 -1.518053625781264060e+01 5.814468610774100599e-01
6.651786422534182464e+01 -1.516102887045174974e+01 5.814111490476359112e-01
6.668373185708185247e+01 -1.489873767149998507e+01 5.560458279800374326e-01
6.671912621038916313e+01 -1.484866402705183219e+01 5.515202256758712229e-01
6.668216561779405538e+01 -1.481148397489508106e+01 5.521653633694303398e-01
6.672563564213368181e+01 -1.476058555101391256e+01 5.458627832887864573e-01
6.671378341221965513e+01 -1.471877616671044819e+01 5.451383588845802874e-01
6.672186189421252323e+01 -1.467371184169957843e+01 5.419263853526775643e-01
6.671444716736520775e+01 -1.463119076688208864e+01 5.403162331551042419e-01
6.669788440510123451e+01 -1.461183339031272510e+01 5.401734392798677176e-01
6.667637494201139248e+01 -1.457207704146365046e+01 5.402159067294313166e-01
6.640464715530740136e+01 -1.298843355656895682e+01 4.664468802367679467e-01
6.639903300068803560e+01 -1.289918598580272224e+01 4.613835382333784096e-01
6.639502496163572687e+01 -1.280875315598855124e+01 4.563321021724758841e-01
6.638579559163926547e+01 -1.271965782590904404e+01 4.511617738352092788e-01
6.638514175745079626e+01 -1.265081178859482058e+01 4.459126056214651745e-01
6.653445924746476692e+01 -1.250731838237350502e+01 4.269065337834292428e-01
6.668137622544426790e+01 -1.240978491784363058e+01 4.103124923210994535e-01
6.662116144589074906e+01 -1.238329699625082725e+01 4.125858726491724582e-01
6.655107216139663251e+01 -1.236025876535148527e+01 4.156642877097316280e-01
6.656467937781627597e+01 -1.233136300108435179e+01 4.131522195418910748e-01
6.652482911802164267e+01 -1.229881766344801264e+01 4.128614424838206176e-01
6.657643903508423477e+01 -1.223200528551277344e+01 4.053030358916636100e-01
6.665689262383820335e+01 -1.215547027891126319e+01 3.943252888792043720e-01
6.662628159623490376e+01 -1.211862547222735387e+01 3.941836470485526878e-01
6.656363915574685564e+01 -1.209391509217331873e+01 3.964392956722804229e-01
6.642783304220073148e+01 -1.209629477078565074e+01 4.052993715502668515e-01
6.635214282970966337e+01 -1.210125581836057407e+01 4.111102639289734295e-01
6.635277886921819857e+01 -1.205289515519291044e+01 4.075659814890535415e-01
6.640438988555460753e+01 -1.198609897251242984e+01 4.000090931679394224e-01
6.638748792058231629e+01 -1.194427395602913577e+01 3.981319312216617945e-01
6.640566407214356559e+01 -1.188938871878136716e+01 3.929216719730213025e-01
6.707936446596568203e+01 -1.534462715842506242e+01 4.587207961916648369e-01
6.691740746679154483e+01 -1.532118876422584641e+01 4.709312543221783054e-01
6.680652190020236958e+01 -1.529303088023118207e+01 4.775728762973774355e-01
6.669801022373061983e+01 -1.526304295365641828e+01 4.852301414297869320e-01
6.662064936974272200e+01 -1.523160609900626561e+01 4.898069455722831034e-01
6.657285759417648308e+01 -1.519484491388961978e+01 4.911284236338070430e-01
6.654963016140739285e+01 -1.517654299256301442e+01 4.928135011586903813e-01
6.653397347787657168e+01 -1.513629199515455959e+01 4.920202257599533002e-01
6.673525725958032240e+01 -1.501970077188178720e+01 4.704845099936323383e-01
6.676323755308986563e+01 -1.497133900498889503e+01 4.657830477460511709e-01
6.672488249124177173e+01 -1.493393813071050324e+01 4.663771755353621762e-01
6.653308462468551454e+01 -1.492227306304538281e+01 4.810432121800841676e-01
6.654082987790425818e+01 -1.489887866151624785e+01 4.795246193697439985e-01
6.651050875129594431e+01 -1.486060739868708680e+01 4.793400433111728587e-01
6.653604106418893593e+01 -1.481400234102799018e+01 4.756207212709814280e-01
6.651456367324385610e+01 -1.477427332629584456e+01 4.746637770406232359e-01
6.650714520191998247e+01 -1.473174380419562546e+01 4.730529931556877177e-01
6.649367906753172974e+01 -1.469112029741678249e+01 4.723166784077322822e-01
6.649933897587587239e+01 -1.464783958387969420e+01 4.690874553765923549e-01
6.651092608892952285e+01 -1.462291499721835208e+01 4.666381388466058766e-01
6.664549970638505272e+01 -1.455425197619901923e+01 4.525888463405952633e-01
6.673503108243482984e+01 -1.449347373303932152e+01 4.423969406462356924e-01
6.648223937323655264e+01 -1.441165997182933722e+01 4.578933504143062327e-01
6.648205388010451600e+01 -1.436887271682946299e+01 4.554995844600234767e-01
6.647492944484922361e+01 -1.434887625520245535e+01 4.546293911136762844e-01
6.648156364668760432e+01 -1.430355713659186634e+01 4.523661223699892986e-01
6.647636899547727296e+01 -1.426069388107142188e+01 4.498138954933579292e-01
6.647477969567421496e+01 -1.421768428265063910e+01 4.473694942605230818e-01
6.648144283397238041e+01 -1.417240119468743131e+01 4.441075967704916083e-01
6.646575629206560620e+01 -1.413215285015031242e+01 4.433155041128837848e-01
6.646797742975061851e+01 -1.408758174371416771e+01 4.409395614452228385e-01
6.647211164650727255e+01 -1.406434537227433168e+01 4.393144213624115002e-01
6.645865779656080008e+01 -1.402375928197147914e+01 4.375801963659793348e-01
6.646391746307399728e+01 -1.397825594612873701e+01 4.342679812050379562e-01
6.646914494163540610e+01 -1.393272185363360727e+01 4.319547042595652808e-01
6.646093343578090185e+01 -1.389083147072476265e+01 4.293408803657665640e-01
6.645793623384881244e+01 -1.384760363643518311e+01 4.268463275040874638e-01
6.647029319917702139e+01 -1.382206648310130959e+01 4.254031786267895576e-01
6.645543210061899231e+01 -1.378125817205541814e+01 4.236184535187459410e-01
6.645022713984171503e+01 -1.373840346052555894e+01 4.210676158409873970e-01
6.645768854525921654e+01 -1.369253659357068642e+01 4.178126462598086288e-01
6.645185225531405138e+01 -1.364883104412638914e+01 4.162155897621206968e-01
6.644283164622146387e+01 -1.360754040328545322e+01 4.135966918425653116e-01
6.644829065771692456e+01 -1.356063188019491150e+01 4.102460916982673123e-01
6.645462821550978560e+01 -1.353703257007108895e+01 4.086785052593180367e-01
6.644658388787713932e+01 -1.349369975716687620e+01 4.070251426139681605e-01
6.643916758187663163e+01 -1.345122134685035853e+01 4.044180119816125352e-01
6.644382170883814354e+01 -1.340491188859504845e+01 4.010620894509717704e-01
6.644161954744431853e+01 -1.336109906710560047e+01 3.985745628959405096e-01
6.644323161152379953e+01 -1.331572672214025488e+01 3.961553200837875099e-01
6.644046178730444296e+01 -1.327112685159364958e+01 3.926237504845970783e-01
6.644620010432879553e+01 -1.324671221362930318e+01 3.910115172438479725e-01
6.644864554752443553e+01 -1.320077948457229056e+01 3.875993988729811157e-01
6.643373817090153466e+01 -1.315994698410910502e+01 3.868149378262430993e-01
6.642712044321268650e+01 -1.311687870660133903e+01 3.842143071876622518e-01
6.644628727006748647e+01 -1.306499965667361352e+01 3.791290610816666629e-01
6.642395315756020580e+01 -1.302587288561474743e+01 3.781686205628862485e-01
6.643322193693086319e+01 -1.297742148975929233e+01 3.748882604112415695e-01
6.643293806171637073e+01 -1.295494083670061158e+01 3.731512572053485854e-01
6.643093552042755334e+01 -1.290972321029101622e+01 3.706254860862090439e-01
6.642672566589067173e+01 -1.286487606043694498e+01 3.680428802620367978e-01
6.643220858982728316e+01 -1.281802269125907934e+01 3.636955514060025152e-01
6.642799850877230483e+01 -1.277317686061511992e+01 3.611133396139727392e-01
6.641552585044385637e+01 -1.273059862180573276e+01 3.593481146484287514e-01
6.641271582664658979e+01 -1.268598134935212052e+01 3.568169821293034616e-01
6.644144015598334363e+01 -1.265232055927063470e+01 3.526195696924740997e-01
6.676330155777597497e+01 -1.249733810176227777e+01 3.175955787788820039e-01
6.647255481656921461e+01 -1.254889094007479500e+01 3.422373203686672749e-01
6.642441517042817622e+01 -1.251857358974568868e+01 3.437617505359709114e-01
6.641032981890721487e+01 -1.247718942919255447e+01 3.419855377284575226e-01
6.640772273018978922e+01 -1.243116379492951040e+01 3.394159092768276320e-01
6.640594980479124843e+01 -1.238457722980396269e+01 3.358530538975068591e-01
6.641714287790624383e+01 -1.235746306499987668e+01 3.333235701883634494e-01
6.643206892888710513e+01 -1.230490645394335303e+01 3.290871799111132479e-01
6.643554713984906357e+01 -1.225702451713680574e+01 3.246454111312813140e-01
6.640493180264552109e+01 -1.222017048294691932e+01 3.245033331254334463e-01
6.640998647571441893e+01 -1.217106952421358557e+01 3.210723894164726477e-01
6.662655719021675793e+01 -1.204163177359109760e+01 2.956083991486555540e-01
6.655845422520584975e+01 -1.201963412377768137e+01 2.987828622223707153e-01
6.639085491286597573e+01 -1.201243140893413752e+01 3.103473476079336990e-01
6.642817869491483407e+01 -1.194982361149633121e+01 3.034819293815922414e-01
6.635460522180501641e+01 -1.193052975011588401e+01 3.075744835170455271e-01
6.648227740235661543e+01 -1.183211343425626971e+01 2.913556285376985855e-01
6.709829356581678894e+01 -1.533911911476425693e+01 3.730448088974136489e-01
6.690085507590220004e+01 -1.534182006301919188e+01 3.890022586915515834e-01
6.677847038519135481e+01 -1.531319496184541329e+01 3.982734908393197326e-01
6.666031064992658628e+01 -1.528526462834012634e+01 4.066977253326733432e-01
6.657067581913793219e+01 -1.525398901702304677e+01 4.128994092309963282e-01
6.654918266946050665e+01 -1.521422918291200332e+01 4.129409596627158230e-01
6.652468125442383950e+01 -1.517543781895542665e+01 4.129203214862227078e-01
6.671947687690328621e+01 -1.503969803864483623e+01 3.895597351878614667e-01
6.656374689931270439e+01 -1.489035813196213276e+01 3.948762817779079004e-01
6.655803113313754693e+01 -1.482634241829411259e+01 3.926213670421681012e-01
6.648667564195493185e+01 -1.455811785967811645e+01 3.837003742413047647e-01
6.670578260975383955e+01 -1.447284478559408072e+01 3.607358208590965010e-01
6.645312382422827113e+01 -1.395408080574403620e+01 3.520665487103913360e-01
6.645018077778658494e+01 -1.382249415942655268e+01 3.437086621715157442e-01
6.644305831875223589e+01 -1.375830673658708037e+01 3.404068306879759476e-01
6.644306794445920161e+01 -1.371411496378810924e+01 3.379751662862540140e-01
6.643646642754191589e+01 -1.362684610205702640e+01 3.329417149701019429e-01
6.644031831889176942e+01 -1.358112796455690408e+01 3.295794643817722136e-01
6.642926903656902482e+01 -1.349457287847915588e+01 3.254322044605364450e-01
6.643423575612581544e+01 -1.347078143092399216e+01 3.228148122462553005e-01
6.642458092988988483e+01 -1.342864084339377051e+01 3.211499924245417859e-01
6.642237821453099400e+01 -1.338482725335703627e+01 3.186623041186793515e-01
6.643528923735108549e+01 -1.333625048118150858e+01 3.144893457238306933e-01
6.642286148356086528e+01 -1.324951224521590731e+01 3.092932899898437338e-01
6.643272839205036462e+01 -1.320187463621441282e+01 3.060573722260024887e-01
6.641512511104939165e+01 -1.318452177153492855e+01 3.059483059585048625e-01
6.641392894061935692e+01 -1.313870225018278859e+01 3.034276918253544508e-01
6.642382738726271896e+01 -1.309109938659990746e+01 2.991930652411458613e-01
6.641276304932675600e+01 -1.304873996298877259e+01 2.974780239018202099e-01
6.640554385013096805e+01 -1.300485326788338369e+01 2.948325758087779747e-01
6.641323433000877685e+01 -1.295762486573027061e+01 2.905414630023039901e-01
6.640902412942719479e+01 -1.291277560865886720e+01 2.879588968334867438e-01
6.641780381974653835e+01 -1.288743431280603247e+01 2.854109006913434499e-01
6.641884226082291320e+01 -1.284128622364484329e+01 2.819487527871082921e-01
6.640777319008648760e+01 -1.279893165525044552e+01 2.802343189569271864e-01
6.641948412187818462e+01 -1.274873504034835392e+01 2.759732053910923799e-01
6.662567322604162712e+01 -1.263560578901527442e+01 2.517114988912605433e-01
6.660574913032779421e+01 -1.259470474768713366e+01 2.507696585374841192e-01
6.640988632654041623e+01 -1.261327645022130994e+01 2.672908293696791837e-01
6.640274160566083594e+01 -1.259329101172781051e+01 2.664222719800053429e-01
6.638083028421611687e+01 -1.250720906624271223e+01 2.619563449189665771e-01
6.636981870251005944e+01 -1.237154202111229395e+01 2.532249077858494957e-01
6.639472889726962990e+01 -1.233945065924536166e+01 2.489598961419239309e-01
6.637568605214515571e+01 -1.220467810234818629e+01 2.400082784932782154e-01
6.636541081074491899e+01 -1.216174175918888523e+01 2.383011767893470356e-01
6.651547662679419659e+01 -1.205832797393547295e+01 2.186135626432581525e-01
6.638011605289425177e+01 -1.203757551211054277e+01 2.277415747004818414e-01
6.639829075420023230e+01 -1.198268663444285131e+01 2.225309125178682734e-01
6.668330476180372557e+01 -1.182476571114885822e+01 1.882694233295341135e-01
6.653492565853652252e+01 -1.183371786828625538e+01 1.999534898406476469e-01
6.705883930070017129e+01 -1.533342111546381226e+01 2.965544151696100084e-01
6.689241120885691316e+01 -1.531066171624407346e+01 3.106496708263775108e-01
6.674044932838666000e+01 -1.528735622737050370e+01 3.231758215105491328e-01
6.665221687398792483e+01 -1.525630749890337867e+01 3.294286023638370864e-01
6.660216216296663561e+01 -1.521985599865356953e+01 3.326915384760642524e-01
6.658954649415103688e+01 -1.517866806407429436e+01 3.309614370455711274e-01
6.657025498876227232e+01 -1.513853479022048099e+01 3.310596676089367918e-01
6.668076638549209179e+01 -1.510145314627219548e+01 3.192858133911018470e-01
6.658727674365917437e+01 -1.507170118960872962e+01 3.264179610611954718e-01
6.652899124874647896e+01 -1.503755564225738084e+01 3.294996593097858639e-01
6.652724488002746739e+01 -1.495173784516925508e+01 3.246584735028541502e-01
6.691507424608256827e+01 -1.484466559857722601e+01 2.842205301127749273e-01
6.652656662701205903e+01 -1.488782520648894803e+01 3.215626027572329182e-01
6.652055096651659483e+01 -1.484551990935852928e+01 3.200027232013060718e-01
6.652701863993105746e+01 -1.480163923197708264e+01 3.167787638140686646e-01
6.652984910515297656e+01 -1.475787623249297198e+01 3.144463536938115755e-01
6.654677058583457949e+01 -1.471134824349867642e+01 3.104614377617753718e-01
6.653553897205661372e+01 -1.467038626417213010e+01 3.087829047069527988e-01
6.651402637821858832e+01 -1.463062394980133618e+01 3.088250794083788886e-01
6.653285478734574099e+01 -1.460543684934753728e+01 3.055919297110853972e-01
6.653267500296223602e+01 -1.456264609089965667e+01 3.031976309081974019e-01
6.655120161582372873e+01 -1.451493148330471783e+01 2.992247844334403606e-01
6.653474547457676636e+01 -1.443107380868097600e+01 2.959932185748470612e-01
6.652350703668102483e+01 -1.439011378792388385e+01 2.943151330422990597e-01
6.651828385109934061e+01 -1.434721831829512695e+01 2.927617915327165310e-01
6.652826252953333608e+01 -1.432349207918870881e+01 2.903017596995642879e-01
6.652828295900901878e+01 -1.427929081773271847e+01 2.878686906614067453e-01
6.652529456916039408e+01 -1.423605725788390686e+01 2.853732712642056413e-01
6.652370610588423006e+01 -1.419304881812203689e+01 2.829289340261187391e-01
6.652596055432935884e+01 -1.414851002100080102e+01 2.795539002939884110e-01
6.651027329914180086e+01 -1.410826394812420226e+01 2.787619789307540508e-01
6.652155271179594820e+01 -1.406082486850476698e+01 2.755743998514403881e-01
6.652631705395751283e+01 -1.403844255519831030e+01 2.729955462328290672e-01
6.651667708343963170e+01 -1.399629483420222620e+01 2.713296446346302737e-01
6.651225008611547196e+01 -1.395280944783292831e+01 2.697829655113657132e-01
6.651894206132102738e+01 -1.390756714393862659e+01 2.655229495085882352e-01
6.650104382814632231e+01 -1.386769299339751882e+01 2.646746035517382190e-01
6.650570397876825268e+01 -1.382137394738660063e+01 2.613176011697486700e-01
6.650046943173325076e+01 -1.377848719397558952e+01 2.597656216334360835e-01
6.651509589776613041e+01 -1.375264619083475814e+01 2.563814104619634993e-01
6.650464549328148678e+01 -1.371109799791410389e+01 2.547103862808226538e-01
6.649884173733281045e+01 -1.366742531233952462e+01 2.521143519123107968e-01
6.649360436952473208e+01 -1.362454117115136398e+01 2.505626083068321908e-01
6.649304645937185398e+01 -1.357956578350665211e+01 2.470870170624068773e-01
6.649770368594874981e+01 -1.353325409924812739e+01 2.437308799325152986e-01
6.649550463160939273e+01 -1.348943905953944089e+01 2.412429006029013223e-01
6.649522401532600213e+01 -1.346695314026974089e+01 2.395053497525525543e-01
6.649162270040376654e+01 -1.342291464024655490e+01 2.369667469324270304e-01
6.648497870515157615e+01 -1.337981076786033796e+01 2.353646039792298694e-01
6.648662302066568941e+01 -1.333447089665308738e+01 2.319464810523361731e-01
6.649288494870354782e+01 -1.328697525556606607e+01 2.286024869180143249e-01
6.647720771114975946e+01 -1.324676997993559446e+01 2.268130529879679447e-01
6.647440603386466762e+01 -1.320214144827797398e+01 2.242807392118884025e-01
6.648539286186172603e+01 -1.317642454012043629e+01 2.217889271219311009e-01
6.647817788137008677e+01 -1.313253716778237035e+01 2.191432306683029907e-01
6.647316789127475545e+01 -1.308828099033718217e+01 2.165544703253128311e-01
6.648246914859814183e+01 -1.303986074902971026e+01 2.122748360267847634e-01
6.647525212037750464e+01 -1.299597543046769843e+01 2.096293813980103504e-01
6.647325091353691562e+01 -1.295075802194256909e+01 2.071035397483904639e-01
6.646995626710196348e+01 -1.292924236695360563e+01 2.053040368623750833e-01
6.645889049888489808e+01 -1.288688748277152207e+01 2.035894571994620872e-01
6.646374504640877490e+01 -1.283918084878221322e+01 2.001959224337874765e-01
6.647850006018101965e+01 -1.278805154512531317e+01 1.949982174836057958e-01
6.644629061744447540e+01 -1.275238473094354852e+01 1.948435987609482556e-01
6.690590692732607181e+01 -1.255348023650009637e+01 1.416693357421199284e-01
6.648563633332494760e+01 -1.264664953728491525e+01 1.846428468076928286e-01
6.642550370510817004e+01 -1.264404741812526112e+01 1.886914204545611096e-01
6.641948857920206706e+01 -1.255258273392350432e+01 1.835454822390740759e-01
6.644029576490302702e+01 -1.249956996194134362e+01 1.774751405026750994e-01
6.640888169751119108e+01 -1.246330884293448804e+01 1.773266573729257445e-01
6.641838307666006358e+01 -1.241349427299100583e+01 1.730097332187772174e-01
6.642567741396408110e+01 -1.236405055803871278e+01 1.686362338665099436e-01
6.642338796927383271e+01 -1.234053199884346519e+01 1.668038621316856318e-01
6.643288953143213860e+01 -1.229072257243313615e+01 1.624873504550523595e-01
6.641766506336233533e+01 -1.215439950699628824e+01 1.536050374970183707e-01
6.642051149955929645e+01 -1.210566937847949731e+01 1.501175997862105316e-01
6.643481844552354687e+01 -1.202848492364293875e+01 1.420641704769405322e-01
6.644452502162351948e+01 -1.197727327317205770e+01 1.377094283903372851e-01
6.639857120428004578e+01 -1.194658502758770169e+01 1.392913211819026831e-01
6.671958007359552312e+01 -1.526986766955977615e+01 2.558910185188911779e-01
6.660117465923987368e+01 -1.524331662456325986e+01 2.653536057808474347e-01
6.655915933705830412e+01 -1.520599902983599883e+01 2.678380293877244966e-01
6.656119445054962114e+01 -1.516282710575134018e+01 2.654990208758973846e-01
6.664710779535327845e+01 -1.510725007605102377e+01 2.543602825508026744e-01
6.652703267085736627e+01 -1.497456736047057468e+01 2.583248404230917838e-01
6.651420155663313949e+01 -1.489054984194396525e+01 2.551990062247309066e-01
6.652507708337374481e+01 -1.484592371506163389e+01 2.520881190848445197e-01
6.653899151361773079e+01 -1.480036098767882535e+01 2.480405896373278907e-01
6.650973788526509622e+01 -1.478399239760449113e+01 2.496011087885081636e-01
6.653693916343515014e+01 -1.473626147777819817e+01 2.438954607608303515e-01
6.651018413339181734e+01 -1.469780821721889552e+01 2.448175064178896854e-01
6.649640842227624660e+01 -1.452742579022849334e+01 2.358599213618348678e-01
6.651886565957752850e+01 -1.445788715398540702e+01 2.303008983072041271e-01
6.652028954967954633e+01 -1.441390612873298949e+01 2.279185042029538977e-01
6.653059383603211074e+01 -1.436850429942013108e+01 2.237647877537736196e-01
6.650826752932205466e+01 -1.432933859948681032e+01 2.238015229063277101e-01
6.651052396573288661e+01 -1.428479603537579834e+01 2.204260701609497275e-01
6.652299916239712729e+01 -1.423899365397969241e+01 2.173282559051912255e-01
6.652633231123554935e+01 -1.421635185360334219e+01 2.156972884547467828e-01
6.651812812370057770e+01 -1.417445856745860766e+01 2.130830016011107109e-01
6.652035059583381837e+01 -1.412988767890692898e+01 2.107069884029695306e-01
6.651655493883617964e+01 -1.408725314212802715e+01 2.082061708366373942e-01
6.651216013690290652e+01 -1.404379852019508945e+01 2.056603153225724512e-01
6.650693046208952808e+01 -1.400090710467716093e+01 2.041077389429066802e-01
6.651523048980047292e+01 -1.395447081653783883e+01 1.998590462329763451e-01
6.650446323715650010e+01 -1.393459078283464336e+01 1.998804247686163382e-01
6.650972274435399356e+01 -1.388909048719970762e+01 1.965685426528795965e-01
6.649927467016020444e+01 -1.384754063061462226e+01 1.948971788908018254e-01
6.650232748155752915e+01 -1.380241329718820964e+01 1.915286819215915592e-01
6.649712308590395082e+01 -1.375955936588159823e+01 1.889776487316670028e-01
6.649188727162311352e+01 -1.371667411558381744e+01 1.874256787388968171e-01
6.649052584745409433e+01 -1.367229154013156212e+01 1.839441262433223478e-01
6.649686467249280497e+01 -1.364869072689450924e+01 1.823765302608308936e-01
6.649711064731170040e+01 -1.360311815207147390e+01 1.789066495408706547e-01
6.648966630486114582e+01 -1.356060658687219700e+01 1.772982697503355798e-01
6.648746696795994637e+01 -1.351679115705188750e+01 1.748103881768048318e-01
6.649295807529387048e+01 -1.346991815181923435e+01 1.704611218753049329e-01
6.647725378969357735e+01 -1.342967783197313558e+01 1.696704079119539799e-01
6.648302452118781503e+01 -1.340529263145106498e+01 1.670588424235937008e-01
6.648082319632091242e+01 -1.336148096862052981e+01 1.645713798633103853e-01
6.647581773984160236e+01 -1.331721802963506640e+01 1.619818241569905837e-01
6.647966627270794504e+01 -1.327150991176749173e+01 1.586206314467151213e-01
6.647245278226068876e+01 -1.322761971321409646e+01 1.559746505050676468e-01
6.646965004936967603e+01 -1.318299134989164934e+01 1.534424285910509500e-01
6.647048765541940440e+01 -1.313825127419358552e+01 1.500189501581914442e-01
6.646796731141802184e+01 -1.311610639403713385e+01 1.492238968504211449e-01
6.646820555345310311e+01 -1.307054756017911679e+01 1.457555363266402892e-01
6.647005070027431373e+01 -1.302379967161675367e+01 1.422988630160364476e-01
6.647249427503084007e+01 -1.297787413597695938e+01 1.388875180352044936e-01
6.646447174854789353e+01 -1.293458540048916738e+01 1.362364020808624065e-01
6.646026216913377027e+01 -1.288973863296275013e+01 1.336539366759386116e-01
6.646049771364189951e+01 -1.284418584164701294e+01 1.301860473721130340e-01
6.645195364004946725e+01 -1.282397281829623381e+01 1.292662258631598338e-01
6.643563514215556154e+01 -1.278292088154001860e+01 1.284314734100413524e-01
6.661853732819945151e+01 -1.267690311621497479e+01 1.036743689478578645e-01
6.641352656704587787e+01 -1.269824701995000105e+01 1.240040913192292926e-01
6.638743439974284399e+01 -1.256735242737033786e+01 1.159570013404029876e-01
6.639966026866851223e+01 -1.249409539395877644e+01 1.099659606763576658e-01
6.638115855411473376e+01 -1.245344815209315925e+01 1.080758923685545270e-01
6.637473360623813790e+01 -1.240898026544431332e+01 1.054376893114703506e-01
6.640481149880145040e+01 -1.235170105272748842e+01 9.851771588139501823e-02
6.638085063776132699e+01 -1.231377170941029320e+01 9.754679330482329824e-02
6.657562594780225140e+01 -1.217141243900168845e+01 6.998501173430682343e-02
6.637078980810683504e+01 -1.215225843014842511e+01 8.600943387602111301e-02
6.640171316456985551e+01 -1.204521755151027662e+01 7.550712526498637445e-02
6.642436636032149977e+01 -1.198965667258189960e+01 6.841212530739548825e-02
6.645333504933832103e+01 -1.195463921800831919e+01 6.317837092454414716e-02
6.799915231598461673e+01 -1.484142235203134952e+01 8.583623489278435770e-03
6.655402117002512341e+01 -1.501919629279390733e+01 1.655179513871687380e-01
6.653755554629148605e+01 -1.497954200113753842e+01 1.647191498298046231e-01
6.664284137614998826e+01 -1.487569098436840598e+01 1.486143965223511998e-01
6.652502293217602869e+01 -1.487381213497513954e+01 1.608981737937174028e-01
6.655302930651993165e+01 -1.482548081553555974e+01 1.551979304709028007e-01
6.654180057699787199e+01 -1.478451794109187034e+01 1.535192195859744757e-01
6.654162361710699258e+01 -1.474172457431312466e+01 1.511245657645867713e-01
6.654004390615101272e+01 -1.469870869577830241e+01 1.486791848025841301e-01
6.650473541850438153e+01 -1.464000086306547921e+01 1.496789167457310832e-01
6.676018958012392090e+01 -1.454845223802677268e+01 1.186340762123980763e-01
6.652090789844973528e+01 -1.454989617567576232e+01 1.422558853539388490e-01
6.652817365597410060e+01 -1.450542657576950134e+01 1.390384413980390033e-01
6.672026508654428767e+01 -1.442383972754034716e+01 1.143508101552170864e-01
6.664512350240818250e+01 -1.406377586266309265e+01 1.003397054445294145e-01
6.664565381801286037e+01 -1.404068947454351601e+01 9.860714265189440830e-02
6.663822255495458080e+01 -1.399817320809009402e+01 9.699818241664193152e-02
6.663383003980348462e+01 -1.395472338523599021e+01 9.445279383129800976e-02
6.666829920399408138e+01 -1.390169844737009264e+01 8.780304631883106836e-02
6.665344594537060630e+01 -1.386089447605482228e+01 8.601846924844203102e-02
6.665506963858706513e+01 -1.381551378941540875e+01 8.359824305759877561e-02
6.663109836737956471e+01 -1.370948695651252436e+01 7.841674011632759900e-02
6.661881754608681661e+01 -1.282068543250883685e+01 1.724034647077821170e-02
6.651307093650022750e+01 -1.259927144820489886e+01 1.079161674573914098e-02
6.646490239376814202e+01 -1.256892301375975940e+01 1.331519655877677621e-02
6.644299372132532255e+01 -1.248284473736121569e+01 8.849472147773651542e-03
6.643355878271142956e+01 -1.243934129811926681e+01 6.148537129255338129e-03
6.641858544670536446e+01 -1.237466582266583259e+01 2.591152069736812891e-03
6.643879386966456480e+01 -1.232084001538632734e+01 -3.523627282694397067e-03
6.642711758632262331e+01 -1.227767700726153599e+01 -5.281896472070890525e-03
6.643766091247775307e+01 -1.222589171196483804e+01 -1.063067753110669145e-02
6.642263074788304777e+01 -1.213737286871290877e+01 -1.696131090795560681e-02
6.643093321477597613e+01 -1.208593030486052200e+01 -2.136745512741344832e-02
6.747530553920722696e+01 -1.534975908095058728e+01 -6.257481953864552082e-03
6.748222156491976875e+01 -1.530306346980013110e+01 -9.559911782337726649e-03
6.747445334940820771e+01 -1.525832259072391572e+01 -1.125436768280030364e-02
6.747560323879312705e+01 -1.523605687479327209e+01 -1.294242858486871484e-02
6.745895731962120578e+01 -1.519274541928738387e+01 -1.286495767864148654e-02
6.745922799502807266e+01 -1.514713938650816161e+01 -1.533779155922587734e-02
6.745589399251932150e+01 -1.510168389160400793e+01 -1.791793495598814623e-02
6.744952037322643434e+01 -1.505716726886084800e+01 -1.956126475074659865e-02
6.746003359921934361e+01 -1.501032706327902133e+01 -2.275558905800001419e-02
6.745834944838316005e+01 -1.498758410583592315e+01 -2.354609978658395164e-02
6.745137696299693175e+01 -1.494224778415836141e+01 -2.523444619749204421e-02
6.744419495746629423e+01 -1.489832863571457722e+01 -2.688314040004646799e-02
6.652419169531228249e+01 -1.499428607646640366e+01 7.769307318760332315e-02
6.652586729690666800e+01 -1.456257359256229478e+01 5.273052970769853687e-02
6.740916049458093084e+01 -1.435149409108186092e+01 -5.471815475660579686e-02
6.740965032937126011e+01 -1.430451604951688083e+01 -5.822766451034011581e-02
6.740105220338230652e+01 -1.426037869267556601e+01 -5.992616947737761102e-02
6.738881652687564383e+01 -1.421635691040624039e+01 -6.073320460974551693e-02
6.738546013125032630e+01 -1.417091277919792525e+01 -6.331164741337436119e-02
6.737626180843935231e+01 -1.412595550942973155e+01 -6.505521755374688020e-02
6.736875651203087045e+01 -1.410373718865111137e+01 -6.600908540033012528e-02
6.737284649112079649e+01 -1.405661537075134149e+01 -6.941049027455670206e-02
6.736504549318823365e+01 -1.401188450629885551e+01 -7.110289818179227339e-02
6.736633306976332847e+01 -1.396431543888371429e+01 -7.460597193649998182e-02
6.734443322015607691e+01 -1.392234522810277753e+01 -7.464614115727674637e-02
6.733141403820256699e+01 -1.387895459169706314e+01 -7.645737321606937975e-02
6.734074592694599914e+01 -1.383053113907145715e+01 -8.073818436170632218e-02
6.732575483422519369e+01 -1.380995788257832224e+01 -7.986972284532090072e-02
6.731133150699506018e+01 -1.376634280331834326e+01 -8.173178870264186102e-02
6.730575925744142296e+01 -1.372127525266044756e+01 -8.436594016886700409e-02
6.729494022973217682e+01 -1.367751400272729256e+01 -8.612020760799432573e-02
6.729538468646740057e+01 -1.363051464750964037e+01 -8.862933120494731476e-02
6.728396601962074897e+01 -1.358593425708887992e+01 -9.042862115424443736e-02
6.728444012609654123e+01 -1.353896866085808881e+01 -9.393654479191515527e-02
6.727248349909594083e+01 -1.351746080809123995e+01 -9.400432136576308828e-02
6.725340354355296313e+01 -1.347597269673611819e+01 -9.494101119024667135e-02
6.723753699177427734e+01 -1.343210265554124661e+01 -9.585446412141496175e-02
6.722754496094101739e+01 -1.338778032998969536e+01 -9.860159039826954519e-02
6.720765522866830111e+01 -1.334688776572774849e+01 -9.954387037612821842e-02
6.719399094234572090e+01 -1.330264677433509135e+01 -1.004005424117571099e-01
6.720221384962617606e+01 -1.327651882993878374e+01 -1.039928253480495446e-01
6.720184610722746754e+01 -1.323012144668424028e+01 -1.065069274591736725e-01
6.718215829421781393e+01 -1.318781422231278100e+01 -1.074882989294660973e-01
6.717296394540601057e+01 -1.314289915769734662e+01 -1.102291663956875833e-01
6.714277916649466249e+01 -1.310319818303401007e+01 -1.094510838915041528e-01
6.715674726974376085e+01 -1.305267001736979360e+01 -1.146547947207121609e-01
6.713019749569978956e+01 -1.301285646268496876e+01 -1.147678057011161101e-01
6.712711934046687645e+01 -1.298993328995316254e+01 -1.166064275059184308e-01
6.710822781526715630e+01 -1.294703139541963210e+01 -1.175816468234913703e-01
6.710424373840258738e+01 -1.290078470408127842e+01 -1.202027015071576166e-01
6.709039170939156804e+01 -1.285799677959786180e+01 -1.220182201661443866e-01
6.707453843417772532e+01 -1.281416226943809633e+01 -1.239297333085802588e-01
6.705161917489378709e+01 -1.277423643352879523e+01 -1.249338489198996704e-01
6.702807034417001830e+01 -1.273345730803340459e+01 -1.249840892445879259e-01
6.702054346747814861e+01 -1.271124332586857619e+01 -1.259369380260093596e-01
6.701959592775652652e+01 -1.266406816822141579e+01 -1.294937271020426550e-01
6.702025585794473272e+01 -1.261570473609315535e+01 -1.330390244770651709e-01
6.699512472066388113e+01 -1.257614794675472325e+01 -1.340996867774759682e-01
6.700484728402614110e+01 -1.252492747048691335e+01 -1.384556499375642069e-01
6.695934537672830800e+01 -1.249142759099113853e+01 -1.369518892897221285e-01
6.694929672583359093e+01 -1.244708468126550827e+01 -1.386981213811191438e-01
6.686816857241747414e+01 -1.244969122410036810e+01 -1.311309342973976388e-01
6.641151122581209165e+01 -1.255761967310147398e+01 -7.580101759671986628e-02
6.638959821513854820e+01 -1.247153864750816510e+01 -8.026684802392436424e-02
6.638016124125111617e+01 -1.242803402094066811e+01 -8.296764675325341010e-02
6.637721185905412824e+01 -1.233568053229070571e+01 -9.004794032787066804e-02
6.639187970491011015e+01 -1.226068455724992567e+01 -9.701917673757098903e-02
6.640242119869569137e+01 -1.220889998484321026e+01 -1.023677527408981547e-01
6.678913190529372912e+01 -1.201870610973295683e+01 -1.575282427339450564e-01
6.677769933677068082e+01 -1.197417576383013227e+01 -1.603237001559569830e-01
6.678380334244734229e+01 -1.192311431067198413e+01 -1.647858163951982924e-01
6.675399475335969157e+01 -1.188568009344841769e+01 -1.649210614016416443e-01
6.675170805358382609e+01 -1.186217185919280759e+01 -1.667524133109814510e-01
6.673260623318375906e+01 -1.182072602230556413e+01 -1.686856539349559370e-01
6.671427722145331529e+01 -1.177865378257417639e+01 -1.696140414050000267e-01
6.668690716355629888e+01 -1.173946932934067178e+01 -1.707304362238741824e-01
6.669220381870655956e+01 -1.168900841546435387e+01 -1.751976650219784215e-01
6.690534103018947576e+01 -1.535405096802429270e+01 -5.860578730031429373e-03
6.689841202196102188e+01 -1.533260882331846275e+01 -5.771563457827033616e-03
6.689021322153863025e+01 -1.529068303706119636e+01 -7.388182088590600216e-03
6.689386701217337361e+01 -1.524632532676652730e+01 -9.715386866423481038e-03
6.688587351319127094e+01 -1.520298304450816040e+01 -1.137140934495461941e-02
6.688511690856910263e+01 -1.515937378215686238e+01 -1.381142910772203969e-02
6.688132195440863370e+01 -1.511670188885333133e+01 -1.531464481202782224e-02
6.688360264371885933e+01 -1.507215542578944323e+01 -1.869137677119381280e-02
6.687806928731498601e+01 -1.505093736908149715e+01 -1.855132725534835991e-02
6.687730930423512632e+01 -1.500732994651377616e+01 -2.099115375044724452e-02
6.687291365533133103e+01 -1.496383908105781124e+01 -2.253930010286020469e-02
6.677113794972518690e+01 -1.493633438892946330e+01 -1.359001810835680502e-02
6.663831330037646694e+01 -1.491384747100595121e+01 5.606050340365431595e-04
6.651939488763315467e+01 -1.489003480209385089e+01 1.209832306720293182e-02
6.653170253633713571e+01 -1.484566455973482135e+01 8.039341695630808360e-03
6.652011389229377869e+01 -1.482634684773155698e+01 9.053675541656813763e-03
6.652237923662093522e+01 -1.478179380074779914e+01 5.676965114824072955e-03
6.651254904317937644e+01 -1.474105411918485231e+01 4.049110643431053091e-03
6.652422569388198781e+01 -1.469583513056076995e+01 9.443471472372344522e-04
6.682410499360454992e+01 -1.455295403696622003e+01 -4.139193212190317439e-02
6.683602678196803026e+01 -1.450636316335107878e+01 -4.553410735181384617e-02
6.683936477067805981e+01 -1.448372317528703590e+01 -4.716522239895093449e-02
6.683054713344992592e+01 -1.444098262892127416e+01 -4.882576869193444580e-02
6.683141293719764064e+01 -1.439622292876585163e+01 -5.225187171246536977e-02
6.681675209809894511e+01 -1.435397073916946908e+01 -5.307729762331891976e-02
6.680933122434507254e+01 -1.431145582178815445e+01 -5.468660525866475552e-02
6.681019442267917441e+01 -1.426669740296951083e+01 -5.811250911750720505e-02
6.680217468655152402e+01 -1.422336279054578156e+01 -5.976695245666863165e-02
6.679585621141026763e+01 -1.420277527559734487e+01 -6.063105066835028367e-02
6.681158502273457600e+01 -1.415463120427765098e+01 -6.470400573109236220e-02
6.681929846206988088e+01 -1.410737755270779026e+01 -6.899797123691508993e-02
6.681932303439101872e+01 -1.406318855118161082e+01 -7.143003287934024392e-02
6.682098558780042197e+01 -1.401783971061690615e+01 -7.484954993805348344e-02
6.679886417178589397e+01 -1.397726835630360398e+01 -7.485128048459088745e-02
6.680968096965523273e+01 -1.395298829883935277e+01 -7.830382523955159435e-02
6.679500726280417666e+01 -1.391073947571905833e+01 -7.912858838716729792e-02
6.676602822398608339e+01 -1.387266454028715401e+01 -7.826185242761507510e-02
6.679167852586525100e+01 -1.382113101810450573e+01 -8.513782611159204095e-02
6.676713838060585715e+01 -1.378234631936477683e+01 -8.515659219982785189e-02
6.675305777133630158e+01 -1.374091898541316681e+01 -8.593598307108196721e-02
6.676156730681580598e+01 -1.369308017830826607e+01 -9.022301413231992306e-02
6.675384130422069973e+01 -1.367227005639715287e+01 -9.113763378719585972e-02
6.674056070354392034e+01 -1.363024831582524321e+01 -9.191098634108829657e-02
6.674385388365247707e+01 -1.358374900998514434e+01 -9.631692752192599905e-02
6.672535631387638944e+01 -1.354306428891702829e+01 -9.720952913464331324e-02
6.671207255010138226e+01 -1.350104305724262410e+01 -9.798272519001249847e-02
6.672722776211631412e+01 -1.345213142546804264e+01 -1.030978398221167325e-01
6.671176738300064812e+01 -1.341051425321687951e+01 -1.049265243099681832e-01
6.671449948983382683e+01 -1.338706603941492190e+01 -1.066014261591154977e-01
6.670285144405862354e+01 -1.334388835336411816e+01 -1.083617990367737871e-01
6.668273753996501796e+01 -1.330439592690658301e+01 -1.092654411787048474e-01
6.667633400925694787e+01 -1.325991532479316781e+01 -1.119054194894619769e-01
6.667738497204096859e+01 -1.321376176193855656e+01 -1.153681905015799813e-01
6.665666954039667758e+01 -1.317344920856166368e+01 -1.163169463740316711e-01
6.664400514548606225e+01 -1.313228506482638025e+01 -1.180433769260891275e-01
6.664917803042332878e+01 -1.310708646756197382e+01 -1.206994825583358466e-01
6.663972842976897937e+01 -1.306354232119313963e+01 -1.224024504714986694e-01
6.662121482914231763e+01 -1.302286147549861894e+01 -1.232942328224548856e-01
6.662309529466351421e+01 -1.297615030911036094e+01 -1.277495516003899212e-01
6.658260581553369661e+01 -1.294272117560009505e+01 -1.260882349376526435e-01
6.657535881894104079e+01 -1.289880817846683669e+01 -1.277342234352996098e-01
6.659235332889679171e+01 -1.284734240379236958e+01 -1.338741645355840948e-01
6.656866117437344599e+01 -1.283185719217500775e+01 -1.321099958276803488e-01
6.655017266245806695e+01 -1.279120867937467665e+01 -1.340004092910789257e-01
6.654596340175498881e+01 -1.274636724459924153e+01 -1.365823324650305981e-01
6.651151705207354325e+01 -1.271103885730787653e+01 -1.357946895759434280e-01
6.648756764467967173e+01 -1.267310744973402947e+01 -1.367660378626702755e-01
6.648660325367596613e+01 -1.262592035842533811e+01 -1.403235046164028610e-01
6.648158653035896748e+01 -1.258167604428826181e+01 -1.429111329013359466e-01
6.647545195566449650e+01 -1.255968151159368240e+01 -1.438130843304428197e-01
6.646906214719798811e+01 -1.251524520747777558e+01 -1.474504644200393955e-01
6.646183563720138920e+01 -1.247137283655884943e+01 -1.500944794071941146e-01
6.642353130965790342e+01 -1.243756860892661642e+01 -1.483760971601475465e-01
6.643306416719734386e+01 -1.238778707118802558e+01 -1.536919073230569310e-01
6.641837749102967337e+01 -1.234558469393106250e+01 -1.555131650945718036e-01
6.640288370330917189e+01 -1.230397829564421741e+01 -1.573400349927567277e-01
6.639513751464218672e+01 -1.228317444344508225e+01 -1.582535289245574628e-01
6.638104582446931090e+01 -1.224179454178855586e+01 -1.600293231993601406e-01
