6.740881160847115439e+01 -1.457099783127058856e+01 1.377986910860837577e+00
6.727196826724537004e+01 -1.456052632402507641e+01 1.379243527675163783e+00
6.716328751888576676e+01 -1.456644289864831165e+01 1.380967305323970828e+00
6.704973077878059939e+01 -1.455101731700829149e+01 1.380797842381407570e+00
6.695497040782325371e+01 -1.453118308809416881e+01 1.381079375425488420e+00
6.686907052686750319e+01 -1.451013368039597751e+01 1.381603248023747454e+00
6.684931720340730976e+01 -1.447057343228965465e+01 1.379606255651667945e+00
6.683235230250106440e+01 -1.443155192976880841e+01 1.377717351633798160e+00
6.681313749151301806e+01 -1.439279775291042185e+01 1.376766732955621686e+00
6.678613516395907368e+01 -1.437810466144413368e+01 1.375394431854773947e+00
6.678353695032987503e+01 -1.433528889662861872e+01 1.373835817559229788e+00
6.676820912240035000e+01 -1.429512510773998457e+01 1.371960460161466333e+00
6.675427721793570868e+01 -1.425522981921332999e+01 1.370139201599250622e+00
6.676632871795166579e+01 -1.420724787197022465e+01 1.367871677016905707e+00
6.674546199897770293e+01 -1.416963618547738513e+01 1.366908025246233560e+00
6.674617809405131652e+01 -1.412457558488177156e+01 1.364377861276471648e+00
6.674525062757670923e+01 -1.408065789521458377e+01 1.361834440660479206e+00
6.675167072409578850e+01 -1.405636783740897044e+01 1.361203803828596515e+00
6.673855307443095342e+01 -1.401590614591045281e+01 1.359389793085435283e+00
6.673540697317216086e+01 -1.397229259401044033e+01 1.356786044344822084e+00
6.673222683799626509e+01 -1.392864666713516897e+01 1.355181272940787052e+00
6.672682872087816008e+01 -1.388530243544770570e+01 1.353515900592645593e+00
6.672893642065831443e+01 -1.384052098314261947e+01 1.351040723233688290e+00
6.672015848575703956e+01 -1.382059186848890953e+01 1.350073230985663564e+00
6.672169032433535563e+01 -1.377497217944436514e+01 1.347550915748767952e+00
6.672319195446510776e+01 -1.372931896351302328e+01 1.346027690894164186e+00
6.671535606632426152e+01 -1.368772639319788809e+01 1.343343896547731564e+00
6.672074947168894710e+01 -1.364066895106191524e+01 1.340896245043311730e+00
6.671008807151683584e+01 -1.359850414920974160e+01 1.339103471050369532e+00
6.670550568944085512e+01 -1.355459911296796705e+01 1.337445827763894091e+00
6.671277861318498026e+01 -1.352978344644859021e+01 1.335824109570270313e+00
6.671759498887961115e+01 -1.348189285418079386e+01 1.333329757917381286e+00
6.671440842227855228e+01 -1.343826126931250187e+01 1.331726561314162449e+00
6.670763827307966665e+01 -1.339469487595937736e+01 1.329009793501026548e+00
6.670387518589120646e+01 -1.335022578289774486e+01 1.327359552630457351e+00
6.670178773485547197e+01 -1.330465177380417430e+01 1.324724051706007932e+00
6.669802307060297153e+01 -1.326018545933087012e+01 1.323074095396030270e+00
6.674423399861774442e+01 -1.321963664768588131e+01 1.320157762751719810e+00
6.738010906420073809e+01 -1.473027933607296802e+01 1.306473985302152085e+00
6.721612380576402757e+01 -1.472620720316546894e+01 1.309082720955117241e+00
6.713156610861416596e+01 -1.470178621074292913e+01 1.309532928334785407e+00
6.699529411259135259e+01 -1.469214966616198836e+01 1.310836483191415214e+00
6.699574611254088552e+01 -1.464845832176274598e+01 1.309344634414432607e+00
6.687665404219616505e+01 -1.463558159128903746e+01 1.310086520684352607e+00
6.673318426074870047e+01 -1.456397129688946634e+01 1.309023095234028711e+00
6.670706998523395725e+01 -1.452752993005893600e+01 1.307930620505348918e+00
6.670447253147719380e+01 -1.448470677061648537e+01 1.306371415311458506e+00
6.669357918239232674e+01 -1.444393398775435955e+01 1.304616927403540405e+00
6.669322938996717198e+01 -1.440084528953424936e+01 1.302119814445330537e+00
6.670658069709105575e+01 -1.437426459258053235e+01 1.300630971058519103e+00
6.653188094350321080e+01 -1.438115611905697655e+01 1.304275557725927737e+00
6.667928651175476773e+01 -1.429530813348110563e+01 1.297035247415596615e+00
6.662990545264631237e+01 -1.388975372359048244e+01 1.278481574619928285e+00
6.663201075066771750e+01 -1.384496871876579860e+01 1.276006226043758351e+00
6.773768979280259828e+01 -1.313955105478656193e+01 1.223112218815804786e+00
6.772393365345195093e+01 -1.309464049422716059e+01 1.221126491243064383e+00
6.772319151201585896e+01 -1.304571315689837974e+01 1.218418836973638619e+00
6.794192601194072267e+01 -1.291707924115942241e+01 1.207992634726451797e+00
6.743782592486300587e+01 -1.305217917726090704e+01 1.223508756812244247e+00
6.772564582734480609e+01 -1.289693085690968744e+01 1.210377959512505708e+00
6.665476846926199528e+01 -1.324739296545661205e+01 1.245163626031891235e+00
6.662511832810912438e+01 -1.318990274611046765e+01 1.242236235962364432e+00
6.661691160132518519e+01 -1.314603761352903355e+01 1.240464953511384305e+00
6.662394230962513575e+01 -1.309786037719496932e+01 1.238032832282452755e+00
6.661880835324002703e+01 -1.305316232286285327e+01 1.235330549239673337e+00
6.732167208610393061e+01 -1.482642045302953626e+01 1.224823213465592087e+00
6.719803710827085297e+01 -1.481045063991883559e+01 1.227314590058591559e+00
6.710959192089879366e+01 -1.478744361966019127e+01 1.228689820739030214e+00
6.672115459578367336e+01 -1.468725440059394316e+01 1.231797391905034011e+00
6.671330522249581918e+01 -1.464560362614331090e+01 1.230109712710087955e+00
6.671070974785530439e+01 -1.460277828209858519e+01 1.228550196915585202e+00
6.670169224259805674e+01 -1.458425547087765040e+01 1.227622525193873049e+00
6.669383956679820358e+01 -1.454260662616039923e+01 1.225935105074119180e+00
6.693873359392915745e+01 -1.443265665472411818e+01 1.214983462305764483e+00
6.792007460010518116e+01 -1.395111178811447061e+01 1.168796912083391204e+00
6.784908076739181126e+01 -1.392350617544979130e+01 1.168572832646114890e+00
6.779549403598812773e+01 -1.389123155909535257e+01 1.168746237827593015e+00
6.753133065836486537e+01 -1.392155826463230639e+01 1.176336229736000938e+00
6.750961441014199238e+01 -1.388091972575796262e+01 1.174240410017107106e+00
6.663779618929586945e+01 -1.390022926545896453e+01 1.194001206009907445e+00
6.695231926698615155e+01 -1.370775603611559035e+01 1.177438758039488720e+00
6.684403146561523101e+01 -1.369834206588410552e+01 1.179649287298767613e+00
6.699652719082487806e+01 -1.362526590384690195e+01 1.172012765445747062e+00
6.778360381974972881e+01 -1.294501700493901097e+01 1.118784352618659605e+00
6.778614952177993302e+01 -1.289381683879785712e+01 1.116104283782653139e+00
6.773369818726861524e+01 -1.286324472380846018e+01 1.115373977725108823e+00
6.781505626157664324e+01 -1.278369081906451576e+01 1.109240167581898584e+00
6.780902130974621400e+01 -1.273591209352920472e+01 1.107404198937533168e+00
6.783417839927288640e+01 -1.270003659001923779e+01 1.104975087777564813e+00
6.777457039647002546e+01 -1.267318306576056131e+01 1.104143711114835336e+00
6.659810848379012782e+01 -1.302894734712655733e+01 1.148740787536556951e+00
6.660763557719823780e+01 -1.297909988022524175e+01 1.145330573076670522e+00
6.686307641876277330e+01 -1.283147320804198444e+01 1.132426460943958713e+00
6.659954927167868277e+01 -1.288937987046895195e+01 1.140986579806129164e+00
6.755337870223172558e+01 -1.483110970007811069e+01 1.146321662527892915e+00
6.730723796860702635e+01 -1.486649682572184972e+01 1.154663779626631248e+00
6.721880209036973497e+01 -1.484349846639977244e+01 1.156039492443626804e+00
6.705336077079989821e+01 -1.483909118743483369e+01 1.160591945362378086e+00
6.722329002560528011e+01 -1.475245968642344785e+01 1.152042714891799324e+00
6.671525694661039552e+01 -1.472743726288990018e+01 1.164918232765043360e+00
6.671573288241691557e+01 -1.468377016791508183e+01 1.162426887884226101e+00
6.668962204279192463e+01 -1.464732706865581058e+01 1.161334165246246553e+00
6.669838951189574061e+01 -1.460161166346624206e+01 1.159038422267560264e+00
6.666233828270978279e+01 -1.456836047161930559e+01 1.157737052339227413e+00
6.687262729090528524e+01 -1.446629648274163316e+01 1.146948414792315019e+00
6.787621478759926674e+01 -1.388065734926529160e+01 1.088879809841308610e+00
6.782788275702830560e+01 -1.384720934921673319e+01 1.089181385880886754e+00
6.753763702886625708e+01 -1.391032736662824476e+01 1.100067599350323055e+00
6.751284856530531897e+01 -1.387052768289502680e+01 1.098903302975794416e+00
6.747729763503474487e+01 -1.383448496106024095e+01 1.097523289806810798e+00
6.685763000409787082e+01 -1.389104636705265605e+01 1.117642402882487618e+00
6.660018170923451919e+01 -1.386207782278870937e+01 1.122405390453068419e+00
6.694308100300243325e+01 -1.361180689842339930e+01 1.099758561104798193e+00
6.720184942119375648e+01 -1.347783784884876468e+01 1.085425326313138594e+00
6.716414024007727335e+01 -1.318350131959887150e+01 1.070086774262229756e+00
6.782524184677144774e+01 -1.276747976901323156e+01 1.029922115731376042e+00
6.781172903023805532e+01 -1.272117186279782253e+01 1.027897089850859480e+00
6.768686048652770637e+01 -1.271945695806685350e+01 1.030843457476445124e+00
6.782457609992809466e+01 -1.261594662180862514e+01 1.021688693677464732e+00
6.785116331502433695e+01 -1.258037905639812593e+01 1.018315164098311465e+00
6.784537379196154916e+01 -1.253119928387592097e+01 1.016439418502552039e+00
6.785123878172990430e+01 -1.247777187160620649e+01 1.012789139539487238e+00
6.781343855274688792e+01 -1.244204926571802616e+01 1.011351289912157059e+00
6.656056205987877661e+01 -1.285103155670779529e+01 1.067340845354788126e+00
6.656236022036779332e+01 -1.280406805906192247e+01 1.063782485144274759e+00
6.658068402669698571e+01 -1.274937433789156671e+01 1.060488268350396446e+00
6.709350894340423110e+01 -1.499611180983242775e+01 1.074192662589267711e+00
6.703304696880869074e+01 -1.496614494133902085e+01 1.074222876899291634e+00
6.703435781514751568e+01 -1.492190962727467252e+01 1.071737950275429618e+00
6.703788465489023451e+01 -1.487737308548334525e+01 1.069313845293934584e+00
6.668008610085729515e+01 -1.481144108099027434e+01 1.078589084792072272e+00
6.666366588826112149e+01 -1.477321433909547821e+01 1.077745375290998231e+00
6.664366461878150005e+01 -1.473505482139863787e+01 1.075788187060760182e+00
6.665771736344944998e+01 -1.468819328689414050e+01 1.072621079370756902e+00
6.663287167034775393e+01 -1.467312836166136947e+01 1.073307004919966889e+00
6.680008657716089715e+01 -1.458606071399431414e+01 1.062654435744784687e+00
6.656295230590764334e+01 -1.460628213101689177e+01 1.071763535218814622e+00
6.797069134084169661e+01 -1.392005352108448690e+01 9.871489391227109556e-01
6.790188130855615611e+01 -1.389211191863032369e+01 9.879844857421189452e-01
6.784607806332483904e+01 -1.386014116885080583e+01 9.880973830354572440e-01
6.750926078032851763e+01 -1.391193077714308757e+01 1.003106679334377915e+00
6.745987807693265381e+01 -1.388048306473380578e+01 1.002442359351333190e+00
6.745275555631342002e+01 -1.385942516601785357e+01 1.001488907940401463e+00
6.772246463417144469e+01 -1.372900708333950703e+01 9.856248373108043026e-01
6.689557969071648813e+01 -1.393826350471827169e+01 1.024378807259249902e+00
6.681904943713307432e+01 -1.391678368520375386e+01 1.026190749088638610e+00
6.655460323135368128e+01 -1.389002260929598442e+01 1.033808525120016197e+00
6.654840742289319167e+01 -1.384727856902919285e+01 1.031137368457667236e+00
6.689101907489003906e+01 -1.364440713042745834e+01 1.008110580885912766e+00
6.712661231805887496e+01 -1.351908162435170979e+01 9.933316796090037037e-01
6.681575698831180432e+01 -1.357871746348692632e+01 1.007441403164605509e+00
6.694970871761815090e+01 -1.332434727507773076e+01 9.879683638292000580e-01
6.711467504608557988e+01 -1.321809852442834199e+01 9.765881584405401439e-01
6.685755003664769447e+01 -1.326412021833476018e+01 9.879479619721167616e-01
6.772140782382152224e+01 -1.272612988807657430e+01 9.280653757446877261e-01
6.781031014217471409e+01 -1.259205241446704449e+01 9.172965674060252761e-01
6.781313348366043670e+01 -1.253949110342912121e+01 9.135785143686990795e-01
6.793230930569988857e+01 -1.246734737929894976e+01 9.059089451113673253e-01
6.776069094723943920e+01 -1.248416293300308055e+01 9.119986455403680248e-01
6.649531709432307025e+01 -1.275283278339756166e+01 9.687729992665348178e-01
6.650143558014367784e+01 -1.272635536887249685e+01 9.670583253672924151e-01
6.652143438112470619e+01 -1.267056089346314884e+01 9.627791517036736746e-01
6.743197171449534721e+01 -1.502582052483508335e+01 9.959744187008130467e-01
6.727613804404691678e+01 -1.501596594670449747e+01 1.001648066214964494e+00
6.712168991628210790e+01 -1.500636791760107691e+01 1.007375002354372828e+00
6.701217807270934657e+01 -1.498800936755295332e+01 1.010236721614784727e+00
6.693339078396010677e+01 -1.496318315130558751e+01 1.012859784720575140e+00
6.682526129893048505e+01 -1.494507984718401694e+01 1.015774763967229877e+00
6.677282911186701142e+01 -1.491445861219003888e+01 1.016040061362635916e+00
6.673137587975145379e+01 -1.490346697241637841e+01 1.017334711445235795e+00
6.669391084199352804e+01 -1.486991494574268557e+01 1.016978055704230277e+00
6.667609655629559029e+01 -1.483141903354011681e+01 1.016080164347699766e+00
6.666521032323640839e+01 -1.479063803522183917e+01 1.014324754632818681e+00
6.663910026887162985e+01 -1.475419268965177721e+01 1.013231800110094172e+00
6.664847233855175546e+01 -1.470934687566528432e+01 1.009984041339936578e+00
6.664505387388159363e+01 -1.466708864132919388e+01 1.008417498147092140e+00
6.677647048890864312e+01 -1.461100720232313144e+01 9.996870985307946267e-01
6.661903616474113221e+01 -1.460949644699126715e+01 1.006598871650302263e+00
6.789137598973640308e+01 -1.390955043085337905e+01 9.181707617089882589e-01
6.771344656892672731e+01 -1.391354463800409569e+01 9.256169785558170382e-01
6.750677340632584844e+01 -1.392870004556440122e+01 9.345280117683579801e-01
6.742304327779508810e+01 -1.390731431461662382e+01 9.361121201193094432e-01
6.742199790335905618e+01 -1.388451170728498063e+01 9.352934043457564739e-01
6.742769252146962344e+01 -1.383609050584510669e+01 9.318065577943076550e-01
6.700456347805992152e+01 -1.392126859920211857e+01 9.532065008125285566e-01
6.682923501971133362e+01 -1.393084288895381739e+01 9.599273192260164844e-01
6.655044124349393542e+01 -1.388666706801299000e+01 9.684876684800505231e-01
6.655783342494254384e+01 -1.384074172337917474e+01 9.651416262141598867e-01
6.656592519013264564e+01 -1.381534769482393799e+01 9.635258730364300028e-01
6.673654715445192664e+01 -1.371379300485641295e+01 9.514859199728360473e-01
6.678126114286661164e+01 -1.365329822795178494e+01 9.458321131568442341e-01
6.677446302280112889e+01 -1.360969309483269285e+01 9.441136401951322199e-01
6.705371756310606202e+01 -1.339751396764756386e+01 9.207390305211304860e-01
6.702700618150494449e+01 -1.336025405425420232e+01 9.196019843319364062e-01
6.702574982460937747e+01 -1.331411810868567791e+01 9.169736537027592949e-01
6.778838286189701989e+01 -1.271499623296378445e+01 8.527443765577076285e-01
6.776381989252772087e+01 -1.267381201922268907e+01 8.515425627568327105e-01
6.780208244895703729e+01 -1.260923470030776627e+01 8.455439205127939228e-01
6.798377974124656475e+01 -1.248669275379412724e+01 8.321394813413658387e-01
6.699840882380350138e+01 -1.282598009275369577e+01 8.883015910185083630e-01
6.685881338250693773e+01 -1.285769906492144798e+01 8.959296011301486340e-01
6.679227900081127700e+01 -1.283670313784926620e+01 8.970798723945946351e-01
6.680041405450168668e+01 -1.278659803037604448e+01 8.936165396121266147e-01
6.652776764218859284e+01 -1.268605278654241175e+01 8.964404638001334247e-01
6.649440891765796380e+01 -1.265330672892870822e+01 8.962486868004054807e-01
6.674187436634952064e+01 -1.249928810959263359e+01 8.768644099275397785e-01
6.722649597317921177e+01 -1.506642543466167794e+01 9.177034919641243738e-01
6.709030637281674103e+01 -1.505161367770368130e+01 9.228349871503399582e-01
6.696844540268313040e+01 -1.505779881166240664e+01 9.291505516307527746e-01
6.689437309247274754e+01 -1.503098964758977196e+01 9.308552215053573775e-01
6.681115195425203979e+01 -1.500676483649251836e+01 9.333567237505173697e-01
6.675204093510842540e+01 -1.497701791751349454e+01 9.344390093229522076e-01
6.670179199419865768e+01 -1.494605646715644731e+01 9.357637678444675755e-01
6.667183060352586210e+01 -1.491105719649722161e+01 9.345967092912649266e-01
6.663423267249440585e+01 -1.489861682664142606e+01 9.359650214120166511e-01
6.662391991868197749e+01 -1.485867394786196805e+01 9.342567283937156519e-01
6.661524913050953955e+01 -1.481758750245951362e+01 9.325617967775335915e-01
6.658971149683222279e+01 -1.478198041409653030e+01 9.315159892954515408e-01
6.658325484131898975e+01 -1.474059169273537861e+01 9.298819022080422325e-01
6.657600767051383173e+01 -1.469980866789327933e+01 9.272423045198566749e-01
6.655514633190884410e+01 -1.466218449213103625e+01 9.262772577324797085e-01
6.656520954381716138e+01 -1.463787965951904191e+01 9.247611054605628933e-01
6.656625193486902958e+01 -1.459505051735299119e+01 9.223171821243301149e-01
6.656061204294479694e+01 -1.455309399349200561e+01 9.206901959943273317e-01
6.655114280530366955e+01 -1.451261684299008259e+01 9.179903990154260063e-01
6.654607389884318991e+01 -1.447150326833452461e+01 9.164109753237499323e-01
6.653821312547641753e+01 -1.442985096441684512e+01 9.147235915159634967e-01
6.652791906899234675e+01 -1.438994673774124067e+01 9.120173282476257137e-01
6.653199687229125914e+01 -1.434625079119154556e+01 9.096415502332069192e-01
6.654148464659975559e+01 -1.432111345999803298e+01 9.080787121323279365e-01
6.652893897055159300e+01 -1.428147914130464002e+01 9.063109778295338481e-01
6.653855170858146550e+01 -1.423523546363583137e+01 9.030240558515505445e-01
6.652822097584049743e+01 -1.419530177098909718e+01 9.013172932063859832e-01
6.651509784268229453e+01 -1.415482855986167898e+01 8.995025257815418840e-01
6.651859795596607228e+01 -1.411030019069020724e+01 8.970801709980903427e-01
6.650653088246899358e+01 -1.409264880140431941e+01 8.960853114982815226e-01
6.651860582601160843e+01 -1.404470060063871628e+01 8.928192618642237788e-01
6.651298586374673505e+01 -1.400279136697274751e+01 8.901949441997143442e-01
6.650207583007622247e+01 -1.396202116587103603e+01 8.884414106613066631e-01
6.651168570882688869e+01 -1.391579029819330415e+01 8.851557374341856299e-01
6.650241713459219284e+01 -1.387388089163831140e+01 8.834158201102315644e-01
6.649934766259893593e+01 -1.380912961254013283e+01 8.800874932514233251e-01
6.650312301645796254e+01 -1.376323654906049043e+01 8.766268937428931540e-01
6.649442622219646637e+01 -1.372217126932238074e+01 8.749347844657122675e-01
6.649114638961374624e+01 -1.363407734809462113e+01 8.697960019404457066e-01
6.649151723931194624e+01 -1.352120225278794408e+01 8.629210851291394535e-01
6.647950538223358308e+01 -1.323256303462459726e+01 8.446001624075613057e-01
6.648266905700613449e+01 -1.318581717074461856e+01 8.420932476977118775e-01
6.647701060500915560e+01 -1.293490199323312595e+01 8.262792172394126666e-01
6.647326597186236086e+01 -1.289047630391008248e+01 8.236314023383212168e-01
6.647789359835529410e+01 -1.244221297836204343e+01 7.933647819229138198e-01
6.649320579275676835e+01 -1.238844078349391964e+01 7.890057103678848049e-01
6.650157769953713682e+01 -1.233694238920822528e+01 7.855035490562197742e-01
6.652675894065976081e+01 -1.230111190497060392e+01 7.820769843896909768e-01
6.654231948121386608e+01 -1.224593957160691815e+01 7.776781421904974678e-01
6.765257342277969599e+01 -1.508222513168131407e+01 8.187904806712509309e-01
6.729560879487296177e+01 -1.511340606288154120e+01 8.394504683238254161e-01
6.713199615765425676e+01 -1.510637694007816023e+01 8.469741263428474110e-01
6.702710751145269796e+01 -1.508593825484006423e+01 8.519143866625440431e-01
6.691742899610370898e+01 -1.508865766203028258e+01 8.575000430884217595e-01
6.683946679103389954e+01 -1.506325891449374943e+01 8.601296543531306016e-01
6.676371366832687215e+01 -1.503755211988821294e+01 8.628195078254174977e-01
6.670131764320541379e+01 -1.501009074742953331e+01 8.638752194172666377e-01
6.663913279972830139e+01 -1.498117859983056732e+01 8.658887746721584122e-01
6.660995926525527011e+01 -1.494557140266485717e+01 8.657271230730866352e-01
6.657084825668729877e+01 -1.491315701933068105e+01 8.653568900285886212e-01
6.655138774380540667e+01 -1.487580007403585824e+01 8.644454591702839252e-01
6.654787305828061506e+01 -1.485468295834453656e+01 8.636045022914183855e-01
6.652758956461831019e+01 -1.481789654668059342e+01 8.626865215279629906e-01
6.651445523697775286e+01 -1.473656043723197051e+01 8.584597387391853518e-01
6.646430346119667831e+01 -1.225326817367615106e+01 7.023495995507249567e-01
6.662279796645309204e+01 -1.208272985403658240e+01 6.835541262714622812e-01
6.649061912286590825e+01 -1.202267652089337702e+01 6.852673968403658611e-01
6.755891058275905436e+01 -1.514288267111522046e+01 7.447982053214168285e-01
6.697143569670470242e+01 -1.515610247431127000e+01 7.794684764484888229e-01
6.687236989163520207e+01 -1.513532062858798888e+01 7.845836967625687830e-01
6.679826617178999015e+01 -1.510847445406993295e+01 7.872869987044436302e-01
6.673305326571514229e+01 -1.508044509849321102e+01 7.892337390013847154e-01
6.658621500913329783e+01 -1.509267207266193900e+01 7.979598298668858503e-01
6.664603679947560977e+01 -1.503647521111032148e+01 7.919334460204661141e-01
6.656419907835733341e+01 -1.501250550827136543e+01 7.944881779078066808e-01
6.653945565415455121e+01 -1.497628966946448514e+01 7.944475357777851521e-01
6.754569374874674281e+01 -1.512598153590868932e+01 6.576956708294834364e-01
6.731401514998009361e+01 -1.513116169500733221e+01 6.724671945035224363e-01
6.707596999153699358e+01 -1.513945244237047305e+01 6.881429454665775047e-01
6.688370670014597863e+01 -1.513843441153604985e+01 6.999604216930296330e-01
6.678685128661544468e+01 -1.511734305129088085e+01 7.051359946820000557e-01
6.669749207177997619e+01 -1.509479683435533026e+01 7.095006598358104544e-01
6.664629338102390932e+01 -1.508552322446615435e+01 7.125439319894842916e-01
6.661047321896074891e+01 -1.505082511781068533e+01 7.122001069269382478e-01
6.768783747220346925e+01 -1.513420221479637107e+01 5.634290760856973668e-01
6.685095095542098420e+01 -1.515692276239503933e+01 6.224622284381298165e-01
6.676988725558408078e+01 -1.513232901228420069e+01 6.270222928441456789e-01
6.671518131844403854e+01 -1.510194247548631097e+01 6.292246356487254388e-01
6.658891400449674336e+01 -1.508750004326707383e+01 6.366895263139045191e-01
6.656046214643170345e+01 -1.232137067624363169e+01 4.494842782868362363e-01
6.660123478368480221e+01 -1.225516800909596071e+01 4.415101353963513109e-01
6.664916413695365804e+01 -1.218525875152245597e+01 4.336382580356406002e-01
6.662544868786920915e+01 -1.217189892733390266e+01 4.334208144409292807e-01
6.661446618289743071e+01 -1.212755882695532428e+01 4.305459727415452686e-01
6.658828320707425519e+01 -1.209114532635337369e+01 4.294584593985879550e-01
6.656374433747843966e+01 -1.205359313003592803e+01 4.283846653209240074e-01
6.649580924162734163e+01 -1.203592402822953566e+01 4.306074028121589237e-01
6.672777823965168409e+01 -1.516370064312640054e+01 5.466653531068961236e-01
6.663838604579329683e+01 -1.514112020262227887e+01 5.520286967377782128e-01
6.657064113132859973e+01 -1.511472976097623366e+01 5.559527915670384735e-01
6.655729256592253762e+01 -1.507565480248335810e+01 5.541766775512374510e-01
6.653852875752640728e+01 -1.505884025472002286e+01 5.549970220869406834e-01
6.679984543450905221e+01 -1.478102221176818176e+01 5.177575702458718787e-01
6.661146692187070073e+01 -1.478574254583156034e+01 5.319002885708798978e-01
6.662374744132945636e+01 -1.476113331643923843e+01 5.304445319735587860e-01
6.653968578000026923e+01 -1.474104621073079713e+01 5.350645766416515237e-01
6.652325746137456974e+01 -1.470281429353019043e+01 5.342207837813445215e-01
6.654534105049172865e+01 -1.461090386012362075e+01 5.257541721117640066e-01
6.672078600048210717e+01 -1.451982482884880277e+01 5.072188436636991815e-01
6.673873080485228115e+01 -1.447156460277657963e+01 5.031279288200563027e-01
6.674050250963773578e+01 -1.444931493651234433e+01 5.014168914816010680e-01
6.670515448420992755e+01 -1.237555420099388748e+01 3.538684230948110354e-01
6.658626160216833512e+01 -1.196673582794707258e+01 3.290186217461996687e-01
6.650945885297031168e+01 -1.195384569000989750e+01 3.331236126129817343e-01
6.662035142850498914e+01 -1.172623952856097951e+01 3.058421088715201908e-01
6.650981350454975427e+01 -1.173142477364967462e+01 3.144926811174038050e-01
6.656345953336369803e+01 -1.517245947954692120e+01 4.806288821405084732e-01
6.653872060169096869e+01 -1.513624176857091186e+01 4.805880212948225871e-01
6.673648895418475036e+01 -1.489850207949721650e+01 4.496988484169786027e-01
6.654001360321312575e+01 -1.490380501973234217e+01 4.656041674516866458e-01
6.669946102988785697e+01 -1.443261455151896122e+01 4.224398282767438673e-01
6.669303132149178737e+01 -1.439127157304962878e+01 4.198079255979259017e-01
6.668817496842714831e+01 -1.247719273201048296e+01 2.777275858683727616e-01
6.651587822467590172e+01 -1.197276167648175615e+01 2.488848939370975621e-01
6.662101015909499324e+01 -1.174913252959132492e+01 2.215550566500146257e-01
6.661186241664246666e+01 -1.517670514703788598e+01 4.032403986331223322e-01
6.658044440881630521e+01 -1.514136479589470596e+01 4.040165643619886282e-01
6.655959563029588821e+01 -1.510373534688649322e+01 4.030506647867826420e-01
6.654539374804006968e+01 -1.506519720404945240e+01 4.022669014691375722e-01
6.677333706901447385e+01 -1.494793970143966710e+01 3.744994234569967162e-01
6.655651564009255594e+01 -1.495721790107864280e+01 3.948945995608157400e-01
6.654306851676132339e+01 -1.483280428864067346e+01 3.871695035412434649e-01
6.659406048649526610e+01 -1.477787215304523905e+01 3.799032765984156068e-01
6.674551111591905794e+01 -1.469600435056850607e+01 3.609151595263371259e-01
6.655503531878729007e+01 -1.472430640754834386e+01 3.788070048516385402e-01
6.673398475939055174e+01 -1.450346211173445177e+01 3.489032078739422449e-01
6.660494876760368754e+01 -1.443003651557972766e+01 3.552490401645280738e-01
6.663097226983421706e+01 -1.256273124093466897e+01 2.107573982043731142e-01
6.658985133546136126e+01 -1.253282937986601731e+01 2.114159511987963036e-01
6.657917907758707088e+01 -1.518307584899869589e+01 3.413440463736989727e-01
6.655516298608266368e+01 -1.516744166862377341e+01 3.420366603797646565e-01
6.654096269894843374e+01 -1.512890247366444108e+01 3.412524344842409185e-01
6.668637147532467679e+01 -1.501153390974090662e+01 3.198435921199129783e-01
6.660640883304731119e+01 -1.438698906696374102e+01 2.857373420062623293e-01
6.661375613935160800e+01 -1.259694809401453597e+01 1.453081904057742513e-01
6.695102607449511822e+01 -1.508710954121715275e+01 2.088046602720050604e-01
6.672273370603639364e+01 -1.509558488747066640e+01 2.318073529150999068e-01
6.663384528039905774e+01 -1.507377028193383772e+01 2.392158107506872078e-01
6.661286470947737826e+01 -1.505726093260217624e+01 2.399754470491786140e-01
6.671525391369637248e+01 -1.499054510277264995e+01 2.259418099076222486e-01
6.680407005863675352e+01 -1.492703266714137555e+01 2.125845471003351417e-01
6.654249343754705137e+01 -1.494716505195253831e+01 2.399274340171366759e-01
6.654872900095897137e+01 -1.481784363754429634e+01 2.306623953071378352e-01
6.661491167985116135e+01 -1.477979482177268977e+01 2.214621184126845943e-01
6.654476592542366120e+01 -1.462747739766043686e+01 2.179659169168541855e-01
6.653362118308854178e+01 -1.458810535842295941e+01 2.162514506954231752e-01
6.661043290680737528e+01 -1.452301776765226649e+01 2.034574362816139459e-01
6.652977800729124169e+01 -1.452392671226466803e+01 2.119141401214696963e-01
6.677891882519993771e+01 -1.441105326502307271e+01 1.789740111878013185e-01
6.654849407168586595e+01 -1.438984346106538936e+01 1.998853459815814748e-01
6.666440457448854318e+01 -1.431276381981917112e+01 1.829272466555229570e-01
6.656085067662162658e+01 -1.429970131119850763e+01 1.921706778012377548e-01
6.655523518917499359e+01 -1.425778506533578494e+01 1.895455442566720272e-01
6.656393364667222556e+01 -1.423325520433096258e+01 1.869773555857452418e-01
6.656442763254922568e+01 -1.418963091703654911e+01 1.834885222521240866e-01
6.655573914066631858e+01 -1.414855576848148289e+01 1.817952630120633906e-01
6.655094240517416893e+01 -1.410607295943889028e+01 1.791773973174832779e-01
6.655307693760602206e+01 -1.406131152191373701e+01 1.757022223040756170e-01
6.655217209842597015e+01 -1.401742296372151131e+01 1.721599405297664642e-01
6.655266267763899179e+01 -1.397380556131624907e+01 1.686715950436517009e-01
6.655689313320324629e+01 -1.394984967010106658e+01 1.669814981537183218e-01
6.655294708626776412e+01 -1.390683638350933649e+01 1.633721336965248128e-01
6.654121329231358573e+01 -1.386663896856568812e+01 1.616121035246187443e-01
6.654334520683391929e+01 -1.382188558732474348e+01 1.581378405802562614e-01
6.655408640546706067e+01 -1.377374877669781128e+01 1.528210889822410046e-01
6.654399394027657877e+01 -1.373241366888522919e+01 1.510749621431892731e-01
6.654086599917006595e+01 -1.368883626894545458e+01 1.474729299735257904e-01
6.655732061078927586e+01 -1.366147199803639722e+01 1.440556308244906880e-01
6.654336316447249544e+01 -1.362158151991587118e+01 1.422355662512597707e-01
6.653412204164014554e+01 -1.357971349301085162e+01 1.394976380612598099e-01
6.654954557006176685e+01 -1.352957704385974580e+01 1.342630456675932837e-01
6.653336723192086311e+01 -1.348998906750501270e+01 1.323825232830757592e-01
6.653574352397976099e+01 -1.344383819879554487e+01 1.288690507622702874e-01
6.654858200412382985e+01 -1.341651234802427517e+01 1.253374901382633411e-01
6.653379881648815797e+01 -1.337719683859195285e+01 1.235112990698437052e-01
6.653395449385999427e+01 -1.333135058443507326e+01 1.199374512030393358e-01
6.653496402429816214e+01 -1.328497001372991448e+01 1.153715955859411224e-01
6.652182150891908918e+01 -1.324451754308297069e+01 1.135593121544173911e-01
6.652504838346369809e+01 -1.319784114990800283e+01 1.090546291810099433e-01
6.652212907265841579e+01 -1.315283646569993437e+01 1.064127274727271200e-01
6.652721080760944972e+01 -1.312836289681971991e+01 1.037320737198506038e-01
6.652596635345365428e+01 -1.308225554910690036e+01 1.001049652293390935e-01
6.653637734193517872e+01 -1.303190193863478896e+01 9.470352060816389361e-02
6.652630325280881607e+01 -1.299062204584956959e+01 9.196076534649622047e-02
6.652588021161861320e+01 -1.294395036701644131e+01 8.834096881491837472e-02
6.652606404767547588e+01 -1.289815505748751789e+01 8.376982380522957072e-02
6.650765360449044294e+01 -1.285888025725745720e+01 8.183016647397378662e-02
6.651109373716305129e+01 -1.281077490702184107e+01 7.828534687447730178e-02
6.652503630344520502e+01 -1.278152250557144853e+01 7.372270180519868710e-02
6.651520643501089580e+01 -1.273883978176904819e+01 7.094030724989641712e-02
6.651006258513643843e+01 -1.269415094573965064e+01 6.823913008164095295e-02
6.650494947800812895e+01 -1.264949813363246989e+01 6.453926501665363524e-02
6.650948995299296485e+01 -1.259945728426555078e+01 5.996257083370970520e-02
6.685995373695769217e+01 -1.240073135590025544e+01 1.030862595498582834e-02
6.650666161067749726e+01 -1.252980677607223825e+01 5.347556938172792762e-02
6.663436024980862271e+01 -1.196370523143962394e+01 -8.917856827405090669e-03
6.793680287969007736e+01 -1.474280056746662915e+01 -7.713755981486603019e-03
6.792362700137954334e+01 -1.469866923349254151e+01 -8.657084401282322261e-03
6.792041054074115891e+01 -1.467620097636407550e+01 -1.053614758645071703e-02
6.667526269391045446e+01 -1.447479641566133246e+01 1.057662296271493219e-01
6.769243856260558800e+01 -1.516381641108857536e+01 -1.604488149803029451e-02
6.766765895653506391e+01 -1.512397794466462742e+01 -1.621223352731715472e-02
6.766702218564705618e+01 -1.507865120346246179e+01 -1.879762211358015911e-02
6.764223939543605013e+01 -1.503881143393790509e+01 -1.896500278188106847e-02
6.765484627794400296e+01 -1.501286789951044121e+01 -2.245902138808753001e-02
6.764810019982812150e+01 -1.496925796721086321e+01 -2.417980297491251207e-02
6.762635080156731249e+01 -1.492854329163329474e+01 -2.427974343647809619e-02
6.763020430575170394e+01 -1.488268141165449343e+01 -2.874125158828122473e-02
6.763120528319170432e+01 -1.483621508671312483e+01 -3.131291805377589554e-02
6.760337505686564441e+01 -1.479724989392573420e+01 -3.154724830819910508e-02
6.761023242757890728e+01 -1.475048229192423221e+01 -3.494228852110348171e-02
6.759115398829280252e+01 -1.473143650095473411e+01 -3.420878572744645574e-02
6.658186448488847020e+01 -1.493196375708627954e+01 9.049967247973955686e-02
6.665989703162277635e+01 -1.443916560671291194e+01 4.598145475151671491e-02
6.729864620918004903e+01 -1.368263135914267892e+01 -8.172354653872315744e-02
6.727297150407548543e+01 -1.357418622359195126e+01 -8.728011683621472727e-02
6.720855761237648096e+01 -1.345524043939385805e+01 -9.043474826993458393e-02
6.720352470974606263e+01 -1.338583573942567639e+01 -9.598713744408948756e-02
6.717456488233976586e+01 -1.334884531893762372e+01 -9.618568616222855638e-02
6.717498788116733976e+01 -1.330160655172846518e+01 -9.979926308040054650e-02
6.715989497685475840e+01 -1.326006366300665817e+01 -1.017120030198572778e-01
6.713646955529307547e+01 -1.322052643414205164e+01 -1.028215016185345387e-01
6.710586005635047968e+01 -1.318467499688510713e+01 -1.030334616003485415e-01
6.709609960009044016e+01 -1.311725508784952510e+01 -1.076669036355870634e-01
6.706323435533654731e+01 -1.308166915823631271e+01 -1.069405611233180675e-01
6.707530368220157868e+01 -1.303018767944574741e+01 -1.123281669821125650e-01
6.703692760196386757e+01 -1.299718078795797993e+01 -1.116895676840239382e-01
6.702900885519557050e+01 -1.295195617657901543e+01 -1.144990696105729899e-01
6.699838756642243709e+01 -1.291610433611861453e+01 -1.147107075694011602e-01
6.699493620434162722e+01 -1.287031677080382863e+01 -1.183972217195137233e-01
6.698310941214829484e+01 -1.285127035398820539e+01 -1.194309195070291096e-01
6.696964632661153871e+01 -1.280859319186979661e+01 -1.213290533410649186e-01
6.693265650864069016e+01 -1.277585413463681974e+01 -1.206364510987527616e-01
6.693252317849821509e+01 -1.272782553885829238e+01 -1.252942326427530784e-01
6.692295306667705290e+01 -1.268374592420488867e+01 -1.281166330958765087e-01
6.687262539269364936e+01 -1.265635654510419883e+01 -1.246638699342461631e-01
6.685918748843212711e+01 -1.261371569856788177e+01 -1.275605027387902712e-01
6.689054787351011555e+01 -1.257624087901531595e+01 -1.338494225961999184e-01
6.685108247545595361e+01 -1.254520871197548360e+01 -1.331768479634456437e-01
6.682044369816561868e+01 -1.250935655852259742e+01 -1.333878670635615382e-01
6.681168877095043968e+01 -1.246471191788555544e+01 -1.362028224609894700e-01
6.680296629962880672e+01 -1.242010242977603340e+01 -1.400164408655550918e-01
6.677536492600233942e+01 -1.238338300758686827e+01 -1.401596246486638275e-01
6.673810876602512110e+01 -1.235204984277141804e+01 -1.394259607314516369e-01
6.661327362932485130e+01 -1.201773696484745990e+01 -1.589055595740529458e-01
6.659981974296285046e+01 -1.197510825986921645e+01 -1.618003754416810214e-01
6.657445518948779295e+01 -1.193812770697005377e+01 -1.628807679247785689e-01
6.655158899543964424e+01 -1.189947473372104270e+01 -1.649394153951995179e-01
6.652232186222590826e+01 -1.186389605346922593e+01 -1.650952743414018098e-01
6.650804023771695483e+01 -1.182183936175383998e+01 -1.679965032679979764e-01
6.651057152178809417e+01 -1.179544734336195333e+01 -1.708229087279491409e-01
6.686067952658061131e+01 -1.518264298430721482e+01 -1.704808428939585951e-02
6.685341658700032497e+01 -1.514182564184696389e+01 -1.868928746482145797e-02
6.685662088417730331e+01 -1.511987052006572441e+01 -2.134626362179115056e-02
6.683738934747404414e+01 -1.508107379143188886e+01 -2.129937209059229453e-02
6.683929973065981756e+01 -1.503770228295539368e+01 -2.473650006323713235e-02
6.683896088007456626e+01 -1.499460080380600502e+01 -2.723519696437537441e-02
6.682726015547250142e+01 -1.495439267412757367e+01 -2.899727906989846282e-02
6.680887689343943237e+01 -1.491505848839456760e+01 -2.994244570517068382e-02
6.681344149367807006e+01 -1.489334055344692587e+01 -3.154615103177471624e-02
6.685338810979867219e+01 -1.483995801213217547e+01 -4.011455198799884769e-02
6.671583893201898263e+01 -1.483039846141549134e+01 -2.483398076810416910e-02
6.671450845521671624e+01 -1.450721307245403935e+01 -4.903176501760264649e-02
6.671804828051392633e+01 -1.446271184491103412e+01 -5.245390183120424155e-02
6.670633180784882654e+01 -1.442250768123369831e+01 -5.421504071251703749e-02
6.668935654387314571e+01 -1.438347936740566446e+01 -5.610415777628596778e-02
6.668231850032415764e+01 -1.434126127320331889e+01 -5.778435730861697373e-02
6.668022681797251039e+01 -1.432045689025357227e+01 -5.956937759944214150e-02
6.666403861917942208e+01 -1.428082289001345195e+01 -6.045267721124258919e-02
6.666538937280213872e+01 -1.423666348477309818e+01 -6.493381027222100421e-02
6.666281407302665230e+01 -1.419388068136078651e+01 -6.749111335844237836e-02
6.663111504215298453e+01 -1.415995176707335190e+01 -6.667285340332740340e-02
6.664103877183343627e+01 -1.411237319604040152e+01 -7.199747921960830688e-02
6.665974126110987186e+01 -1.408473007076908701e+01 -7.635415701006031952e-02
6.664272559746891034e+01 -1.404567019243435766e+01 -7.724366814014649307e-02
6.662795706740557478e+01 -1.400634399231979899e+01 -7.907131031121394926e-02
6.660704461941385546e+01 -1.396869285535103167e+01 -7.903598139698786440e-02
6.660392168279854275e+01 -1.392510922828880382e+01 -8.263866570774336395e-02
6.657914477026626798e+01 -1.388890007801988702e+01 -8.267746920652840892e-02
6.658824331560757059e+01 -1.384190241113772224e+01 -8.800775830312979053e-02
6.658167779271498432e+01 -1.382167017685069510e+01 -8.891458035202504107e-02
6.657383682871704877e+01 -1.378006839388989846e+01 -9.159894844241422973e-02
6.655598774246205096e+01 -1.374158234135077095e+01 -9.249463473763452903e-02
6.652344889993023003e+01 -1.370822121030269258e+01 -9.168272749268768784e-02
