6.752426639256989915e+01 -1.452293451876854746e+01 1.381898962881257242e+00
6.735904999281252969e+01 -1.453409251087518328e+01 1.384008328892829320e+00
6.721838294171813288e+01 -1.453904638256204507e+01 1.385672568809165339e+00
6.712491531233922615e+01 -1.452678802530062185e+01 1.386203735737243647e+00
6.701634190755275711e+01 -1.452063348341471638e+01 1.387480504389171143e+00
6.695694303587178808e+01 -1.449847507180464845e+01 1.386732279569280912e+00
6.690873844047970920e+01 -1.447152769904738534e+01 1.385162369527783932e+00
6.688071363845203621e+01 -1.445935687914445111e+01 1.384800958878968036e+00
6.687103677215137054e+01 -1.441836201777163140e+01 1.382939646275614276e+00
6.685271019358340538e+01 -1.438055760125351057e+01 1.380920515394286952e+00
6.683015521513989654e+01 -1.434543771552506541e+01 1.379867987210416924e+00
6.678165016641806062e+01 -1.431988412976551928e+01 1.378341541955909522e+00
6.677364591343697953e+01 -1.427780159481291733e+01 1.376493390173292974e+00
6.677012932779000209e+01 -1.423529095216868612e+01 1.373772449130647111e+00
6.677366314557417581e+01 -1.421117910377732230e+01 1.372975079869775961e+00
6.676397981642594459e+01 -1.417018830537318763e+01 1.371114400823148172e+00
6.675907296123953927e+01 -1.412736972174377570e+01 1.368337342651579025e+00
6.675807122568610907e+01 -1.408323157271853177e+01 1.365636279329489611e+00
6.674448001270015141e+01 -1.404356488906374523e+01 1.363700138447673682e+00
6.675073982377836046e+01 -1.399593167073119560e+01 1.361101001462690085e+00
6.674449363090347731e+01 -1.397695451394717381e+01 1.360183042065330916e+00
6.674126283047692709e+01 -1.393305368223243335e+01 1.357419553792488687e+00
6.673799910668073210e+01 -1.388911702009957416e+01 1.355654960979079116e+00
6.673644515162349933e+01 -1.384413162245256856e+01 1.352904680730234066e+00
6.673795919771673368e+01 -1.379837099935519973e+01 1.350224016895136714e+00
6.673414446452972015e+01 -1.375358365295276997e+01 1.348409905422710331e+00
6.672784444788746328e+01 -1.371046682015887797e+01 1.345577725071045005e+00
6.673224902526251867e+01 -1.368586006418453316e+01 1.343789160208661126e+00
6.673627957982807857e+01 -1.363847454863247677e+01 1.341128528063910696e+00
6.673330346784597111e+01 -1.359314879598465708e+01 1.339321459385465873e+00
6.672700164567925185e+01 -1.355003802286500658e+01 1.336489841347098473e+00
6.672405713963782148e+01 -1.350475314876006294e+01 1.333684356762605105e+00
6.671129708649925760e+01 -1.346455767263146797e+01 1.331756401394455835e+00
6.671393737138133417e+01 -1.341686955963266925e+01 1.329040125899147773e+00
6.671998833230280468e+01 -1.339114450779031174e+01 1.328263884399083494e+00
6.672124008731879030e+01 -1.334314763484859512e+01 1.325491456847723848e+00
6.671745417628962116e+01 -1.329841459101438161e+01 1.322680190610459272e+00
6.664847104846836601e+01 -1.328360596012379347e+01 1.321903966658692475e+00
6.677705054714502353e+01 -1.317654646237681959e+01 1.314992958493459208e+00
6.745268951038845273e+01 -1.467905822162877172e+01 1.313409548942026550e+00
6.727793431420029435e+01 -1.469388874926855237e+01 1.317352781973987419e+00
6.720180648980442584e+01 -1.467529174498697131e+01 1.317201087673430138e+00
6.708795415331570666e+01 -1.467016407977001791e+01 1.318346294879441105e+00
6.703170417782891377e+01 -1.466773328490022266e+01 1.319446357948993231e+00
6.698905725282537560e+01 -1.463833995867151572e+01 1.318963729545003849e+00
6.675003528192681301e+01 -1.454934310162394695e+01 1.316911920161929928e+00
6.673372269232267229e+01 -1.453320150105793829e+01 1.316777570209257897e+00
6.671762088279427871e+01 -1.449515655904616729e+01 1.314820811153508018e+00
6.671968725806273426e+01 -1.445022554376460810e+01 1.312187705559227258e+00
6.670664943693120108e+01 -1.441140439295526221e+01 1.310300485025786665e+00
6.671823513994009147e+01 -1.436278087662889646e+01 1.306833302675693087e+00
6.670519714482384188e+01 -1.432396123433141000e+01 1.304946343336038872e+00
6.692837774806200457e+01 -1.419196897348214037e+01 1.295129796697376490e+00
6.669485064846161038e+01 -1.426157300818470475e+01 1.302255516497472509e+00
6.666042569137360374e+01 -1.389515394823506611e+01 1.281297140446157279e+00
6.665380290216235437e+01 -1.385339219461370597e+01 1.279506746754596636e+00
6.775163460963399586e+01 -1.315795483963410462e+01 1.223504858936053985e+00
6.774061058347942321e+01 -1.311305473835493807e+01 1.221455050190788594e+00
6.773436314230519883e+01 -1.306633058748459852e+01 1.218489039218386694e+00
6.773651054110801795e+01 -1.301417184229936552e+01 1.215588094066189617e+00
6.759981614383704596e+01 -1.302724051688578655e+01 1.218690930839540165e+00
6.760254059208763522e+01 -1.297597346601464707e+01 1.214841212066044118e+00
6.777770318329909571e+01 -1.286920792183204654e+01 1.206436411044204515e+00
6.777984969076388211e+01 -1.281705845851119641e+01 1.203536271012209280e+00
6.669164960683879428e+01 -1.328323557794093190e+01 1.245183592256188687e+00
6.665092003776199192e+01 -1.325503616589100986e+01 1.243810054202802995e+00
6.662651855465355766e+01 -1.317271462780556845e+01 1.239918733814481033e+00
6.663338556212787012e+01 -1.312235893298261402e+01 1.236237347570715350e+00
6.665768157754253309e+01 -1.308616093664046964e+01 1.233650984798750461e+00
6.664995273019836475e+01 -1.304271638487938745e+01 1.231763359935384772e+00
6.756520335013304646e+01 -1.476997882960088759e+01 1.230362051322183792e+00
6.741121316161613208e+01 -1.479679497734567484e+01 1.235427322260071570e+00
6.728450718364801730e+01 -1.479387289377590875e+01 1.238244094103252646e+00
6.719047723820560236e+01 -1.478073537771042822e+01 1.239724484823129691e+00
6.725292552240426858e+01 -1.471500724064672383e+01 1.234243646006551787e+00
6.673085888028437296e+01 -1.465367581718430046e+01 1.242142891948176509e+00
6.672566598969463314e+01 -1.461224168266021550e+01 1.239407734716480691e+00
6.670620883941546708e+01 -1.457637395595189389e+01 1.237425085315941420e+00
6.670349916695711556e+01 -1.453326961609680090e+01 1.235708210635054316e+00
6.669830516299229828e+01 -1.449183729216890271e+01 1.232973504727950864e+00
6.695175392835774630e+01 -1.437547515658271458e+01 1.221718230417027984e+00
6.782227214535944881e+01 -1.390721054284788849e+01 1.175982626132517694e+00
6.780958067597829597e+01 -1.386337954427164831e+01 1.173917678055226510e+00
6.756927870681209924e+01 -1.390949009537340331e+01 1.180938834701386497e+00
6.754202350363178198e+01 -1.387261192840269430e+01 1.179669130649469544e+00
6.752994432747544806e+01 -1.385380260717452927e+01 1.178569552546702592e+00
6.665238589652553003e+01 -1.391123456365786737e+01 1.199544746829829922e+00
6.665389720280029451e+01 -1.386546962095795266e+01 1.196863739057807852e+00
6.684484645763760113e+01 -1.373882180500460848e+01 1.185211663188494580e+00
6.697142901460375697e+01 -1.363786778835524771e+01 1.177464157728725258e+00
6.779183170260584745e+01 -1.295850563856238225e+01 1.120150598689545696e+00
6.778167733435090270e+01 -1.291310711047581350e+01 1.117109214710680920e+00
6.780867157455045913e+01 -1.279785929937074940e+01 1.109623728891601768e+00
6.785958646169675035e+01 -1.274940903387800795e+01 1.105428882971663418e+00
6.783851673796516479e+01 -1.270739489460268068e+01 1.103165594244535530e+00
6.785858727169164695e+01 -1.264613209625104062e+01 1.099497409627684164e+00
6.785769971778175602e+01 -1.259480597987298545e+01 1.095529919089318627e+00
6.779768159756135049e+01 -1.257177129513307889e+01 1.095733605804540156e+00
6.784859300190797171e+01 -1.249557585805916915e+01 1.089491034350617893e+00
6.660792227100645846e+01 -1.302996351406057052e+01 1.146828037031272007e+00
6.661478971905343371e+01 -1.297961385966653225e+01 1.143147344608433924e+00
6.685610269322586419e+01 -1.281110760453837472e+01 1.128535177719679261e+00
6.656127903048253813e+01 -1.291123207760111669e+01 1.139847852235839065e+00
6.759178578824285921e+01 -1.479940126790378585e+01 1.159241440901609632e+00
6.740191860680798186e+01 -1.481663926136387133e+01 1.165792304966476012e+00
6.729699147412600269e+01 -1.480689874357361191e+01 1.168051384762230249e+00
6.726026171852353741e+01 -1.477373908559747129e+01 1.166615166807232207e+00
6.731487107103066592e+01 -1.471062269895012165e+01 1.161981784497612580e+00
6.671614902378294687e+01 -1.467807575810040710e+01 1.175509112344128582e+00
6.669837107435360224e+01 -1.464111649248541980e+01 1.173539091346008867e+00
6.670127637170575952e+01 -1.459563507529784587e+01 1.170911861403881371e+00
6.669977560560690222e+01 -1.457478300819545325e+01 1.170075179817248623e+00
6.667809083448952379e+01 -1.453914775060098563e+01 1.168029667521261805e+00
6.691054418411586369e+01 -1.440858012275000632e+01 1.154559990378027035e+00
6.786563977282672511e+01 -1.388123559504977322e+01 1.098301340642924728e+00
6.784346009547363110e+01 -1.384113898989700431e+01 1.096072076645592697e+00
6.759273211637407996e+01 -1.389141242350607008e+01 1.105918573878461153e+00
6.752800456748846614e+01 -1.387024170101354059e+01 1.106038293759513458e+00
6.747837781776831889e+01 -1.384296466376179779e+01 1.105412453550569385e+00
6.747490675471473764e+01 -1.379683202159825051e+01 1.102556532087189956e+00
6.749766905002690009e+01 -1.371564489932339903e+01 1.097218818118995021e+00
6.693068600634765630e+01 -1.390301599804087118e+01 1.123088897995505819e+00
6.685721693118466646e+01 -1.388861862918794543e+01 1.124184834522627963e+00
6.681257155160935213e+01 -1.386170415398270528e+01 1.123733499376128542e+00
6.663513977086908824e+01 -1.384652728831491686e+01 1.126459662414382112e+00
6.660865992208681519e+01 -1.381272968014591740e+01 1.125332246627941846e+00
6.683765925715800904e+01 -1.364350257426231217e+01 1.109292423603118527e+00
6.697270524902565114e+01 -1.353720064110208376e+01 1.099613216654609538e+00
6.693796924970843065e+01 -1.324634899537497290e+01 1.081509115457141679e+00
6.781466402278286409e+01 -1.278403153969092543e+01 1.031198882865152822e+00
6.780228003969877193e+01 -1.273887124221502276e+01 1.028095091243815151e+00
6.780689641655088451e+01 -1.263322529259232141e+01 1.021253890084571125e+00
6.782506837075536055e+01 -1.259859835285946872e+01 1.018529799902191169e+00
6.784039133714544789e+01 -1.253920352576983532e+01 1.014779613897214272e+00
6.774192114195427905e+01 -1.248412894585410449e+01 1.013538919521320913e+00
6.779648217701883084e+01 -1.240437060325924001e+01 1.007279691140052780e+00
6.771824061607608769e+01 -1.239184646037978332e+01 1.008295231172432249e+00
6.656576795751712439e+01 -1.285447284686040703e+01 1.064761966414699224e+00
6.656226494950898598e+01 -1.280835754020968409e+01 1.061909020721788721e+00
6.656467190386197785e+01 -1.275848057304403227e+01 1.058103207871708529e+00
6.758123548679864712e+01 -1.488557053847607214e+01 1.070048312211258068e+00
6.736063341078113353e+01 -1.491050111806074874e+01 1.078903758789087286e+00
6.727216266076860052e+01 -1.489492005451997514e+01 1.081471751861589503e+00
6.735371334693452638e+01 -1.484597466653224984e+01 1.075238327184558251e+00
6.731053590330361658e+01 -1.481573801811080493e+01 1.074706050653698508e+00
6.723296220526987099e+01 -1.479675974607833133e+01 1.076495580925369122e+00
6.719929592120641360e+01 -1.476281772347908827e+01 1.075128588693010645e+00
6.742610155068132372e+01 -1.464193804790227560e+01 1.060840829936718022e+00
6.668493739581973045e+01 -1.478580220378999144e+01 1.093472749434279745e+00
6.667106393025269995e+01 -1.474751702617075821e+01 1.091578130758404930e+00
6.664066933821797534e+01 -1.471499356675650105e+01 1.091371792035143784e+00
6.665280285964844609e+01 -1.466721036209356299e+01 1.087953417999668604e+00
6.663947640505634240e+01 -1.462978203562441237e+01 1.086109082123847713e+00
6.679201899259000186e+01 -1.453028369193991409e+01 1.074243946003045513e+00
6.785717197260620992e+01 -1.387794787019262444e+01 9.997837677761934883e-01
6.783331343467959584e+01 -1.383893977777757911e+01 9.975415911077450959e-01
6.756048258335455614e+01 -1.392147524397091196e+01 1.011900363770737776e+00
6.746496229676979794e+01 -1.391161927692631650e+01 1.014459881690941145e+00
6.744080202901983512e+01 -1.387399761611484195e+01 1.012260607357675646e+00
6.763512942953342133e+01 -1.374886836855902672e+01 9.987712359167206788e-01
6.691194561421832532e+01 -1.390232808891779293e+01 1.031347588549696548e+00
6.680246593736480065e+01 -1.392443053731253855e+01 1.035666606822429170e+00
6.679529762349598343e+01 -1.388181605726558843e+01 1.033826285964672520e+00
6.656744022217500856e+01 -1.388812458103294922e+01 1.040746755177357041e+00
6.654741513868209779e+01 -1.385140977579606414e+01 1.038715670815558934e+00
6.688780908755778398e+01 -1.361305730218858301e+01 1.012637765952276725e+00
6.714417027763470003e+01 -1.347713637409441034e+01 9.967339736992819610e-01
6.696827339384094557e+01 -1.331822169559189462e+01 9.910813646483813688e-01
6.693398013820140591e+01 -1.328708138142141948e+01 9.898036883159266885e-01
6.712408650989861769e+01 -1.317575979188266899e+01 9.767016771830520083e-01
6.781539933566082823e+01 -1.270253877458623037e+01 9.240197791633890656e-01
6.780721239943541434e+01 -1.265466415471085782e+01 9.209488315247525980e-01
6.766610569053308666e+01 -1.259433340268199863e+01 9.211413932912254632e-01
6.772292444210503959e+01 -1.251437218313241395e+01 9.139457118816173287e-01
6.750203990216517980e+01 -1.239293370311653675e+01 9.122721190988957174e-01
6.650296079550923878e+01 -1.275758327015694249e+01 9.669750884435313054e-01
6.649864794617160157e+01 -1.271205169939867474e+01 9.631171516132482902e-01
6.670094138671592532e+01 -1.255682659575418114e+01 9.467504245873257229e-01
6.757246152895500302e+01 -1.495077078554147931e+01 1.008153813030990165e+00
6.734793044698288611e+01 -1.497699756261484083e+01 1.017932811465753318e+00
6.725162335631642918e+01 -1.496403055333035503e+01 1.021348433238214781e+00
6.714666540719755972e+01 -1.495425218154557001e+01 1.024606070608513164e+00
6.705100243316996966e+01 -1.496267038515755488e+01 1.028851650755509883e+00
6.700139770944727502e+01 -1.493538175325658202e+01 1.028223809031772795e+00
6.693527033310984109e+01 -1.491385777595971440e+01 1.029284430088756697e+00
6.684536289770316841e+01 -1.490160005053115988e+01 1.031932151102989526e+00
6.673151294214980567e+01 -1.485389563943479985e+01 1.033469247844062799e+00
6.670505951962958591e+01 -1.482008802889331278e+01 1.032339795141460126e+00
6.669575238097839076e+01 -1.480187940713508610e+01 1.031351414487169160e+00
6.668746238356820299e+01 -1.476118000127252650e+01 1.029545241707923831e+00
6.665932703774637957e+01 -1.472846142015390569e+01 1.028403095625508357e+00
6.667536563734496724e+01 -1.467935502185557439e+01 1.025060366874466666e+00
6.673645243106201974e+01 -1.461335892877217191e+01 1.018525018572068230e+00
6.683836429090248998e+01 -1.453316420031598355e+01 1.009764014799484189e+00
6.786506783142516497e+01 -1.384309239466774955e+01 9.276334806265404964e-01
6.764448728564072155e+01 -1.388108036161869308e+01 9.379863840385357365e-01
6.752131462764390335e+01 -1.390593991365382109e+01 9.439709716240975990e-01
6.745655102902080102e+01 -1.388472843335425111e+01 9.450893265556056244e-01
6.744187981868378756e+01 -1.384337549963066749e+01 9.430546347922289518e-01
6.750444914840466026e+01 -1.377045774672113687e+01 9.363070199288110462e-01
6.750659390734350040e+01 -1.372195649470436507e+01 9.325413943378271231e-01
6.690888258398403821e+01 -1.392266672347637524e+01 9.669372049195695817e-01
6.685891218467014596e+01 -1.389672610845708078e+01 9.673524168098003306e-01
6.686722458306077499e+01 -1.387079513834090960e+01 9.656392780958302779e-01
6.656414628939414513e+01 -1.386371016072239826e+01 9.756400127344591056e-01
6.656565415216130077e+01 -1.381794513378016376e+01 9.729591291925315799e-01
6.658230451649141912e+01 -1.376612167943583032e+01 9.685345069550743702e-01
6.679868960901222863e+01 -1.364755137793284234e+01 9.530002741816694378e-01
6.708160889851971831e+01 -1.333272131810732120e+01 9.211850889448158775e-01
6.702658973420327015e+01 -1.331004841315000675e+01 9.215623268493893239e-01
6.783299335952560227e+01 -1.270867785377710923e+01 8.527291013096345296e-01
6.781163217242159647e+01 -1.266806098537355751e+01 8.505092838622216878e-01
6.781544000579512499e+01 -1.256300259819037635e+01 8.426633401391399047e-01
6.781259012116096585e+01 -1.253823329876219539e+01 8.416372804691704124e-01
6.766624235085517114e+01 -1.255853756735116278e+01 8.477070585146497805e-01
6.712578225997540926e+01 -1.277620179591619909e+01 8.815825801165190212e-01
6.689779991039166873e+01 -1.284159696009342255e+01 8.937355734690149989e-01
6.683994852378127405e+01 -1.282194361643316682e+01 8.941368595351166793e-01
6.682049661364740700e+01 -1.278246521035142358e+01 8.920221526864815509e-01
6.643345765616695076e+01 -1.281330869268141726e+01 9.067670376271217414e-01
6.650346774724444288e+01 -1.263184659675427568e+01 8.911635422888174451e-01
6.673106036533270924e+01 -1.246046627226504100e+01 8.719980436479936037e-01
6.746491136656841547e+01 -1.504707152166971795e+01 9.302371146847216998e-01
6.730074135604333208e+01 -1.505248614597410217e+01 9.371680544310233563e-01
6.716249944939445982e+01 -1.505199890709498334e+01 9.437097231526219154e-01
6.705834934294996685e+01 -1.504163721166035650e+01 9.479724819591988094e-01
6.697377576383763653e+01 -1.502472049035262813e+01 9.506153264689517490e-01
6.690148993041120207e+01 -1.500471873299170156e+01 9.525362104033330279e-01
6.683704009462148576e+01 -1.498210060057553683e+01 9.536093654226647232e-01
6.679250645066613856e+01 -1.497569839476978260e+01 9.549364190235353211e-01
6.672856660295184383e+01 -1.495389303868664754e+01 9.570580943402604568e-01
6.669653358009409772e+01 -1.492249862854569287e+01 9.558399828291048728e-01
6.666223986424763837e+01 -1.489129884133786597e+01 9.555577321380109845e-01
6.663968828717334247e+01 -1.485616472339216010e+01 9.545038123671282237e-01
6.662413774423832535e+01 -1.481896552654033883e+01 9.525960623499705182e-01
6.661978198690093222e+01 -1.477697817168319716e+01 9.498667042513857517e-01
6.660179299649075801e+01 -1.476192183851254747e+01 9.497192472578404043e-01
6.659404767607638576e+01 -1.472207738438895142e+01 9.479631492435891538e-01
6.658326927158401531e+01 -1.468304891171390025e+01 9.451390316599147523e-01
6.657720081116474375e+01 -1.464211635480888773e+01 9.433960361454051258e-01
6.657255335446564004e+01 -1.460153302462449432e+01 9.407108188470535426e-01
6.655644601888317879e+01 -1.456348115299075197e+01 9.387536449550707429e-01
6.656215430486193441e+01 -1.451865987363786559e+01 9.352407237252922112e-01
6.656458998140081462e+01 -1.449652155130814180e+01 9.334811720699875970e-01
6.655713082424547622e+01 -1.445528216207360828e+01 9.316822374029619658e-01
6.655025214061151928e+01 -1.441493808252887376e+01 9.289346592330958163e-01
6.654672879676667208e+01 -1.437241678653753496e+01 9.262130011728786361e-01
6.653032857018189361e+01 -1.433576884294781273e+01 9.243000452296965541e-01
6.654497549656529998e+01 -1.428636832249579669e+01 9.209024904026974490e-01
6.654211477190173696e+01 -1.426524536983349378e+01 9.190109379129797196e-01
6.653688042496270327e+01 -1.422377977042173747e+01 9.172756721933092994e-01
6.652302659173405175e+01 -1.418553975606296191e+01 9.143836685994951585e-01
6.653544598405554211e+01 -1.413637896577652597e+01 9.109238309477039053e-01
6.651542438486154651e+01 -1.409965718480149199e+01 9.088920541289863264e-01
6.651832117785238552e+01 -1.405419264405781199e+01 9.062666895774009745e-01
6.651873184164951169e+01 -1.401040084452234780e+01 9.026233442156557096e-01
6.651667757363934186e+01 -1.398869951008357049e+01 9.017375356179829771e-01
6.652212354237532566e+01 -1.394164550401765545e+01 8.981333133745116326e-01
6.651859649657058071e+01 -1.389913974882733605e+01 8.954132664864041802e-01
6.650586524812587186e+01 -1.385896470277444159e+01 8.924850644885508055e-01
6.651131195706355470e+01 -1.381191542741053446e+01 8.888813462457697545e-01
6.651843557996261325e+01 -1.376378169236575211e+01 8.852906931246036226e-01
6.651826440720986966e+01 -1.371910668552994927e+01 8.825971878702055795e-01
6.651540153001401734e+01 -1.369799281070875807e+01 8.807066903164989524e-01
6.650906082944771924e+01 -1.365483504037992724e+01 8.788733166290917387e-01
6.651705691014612398e+01 -1.360620195055486903e+01 8.742910834142380017e-01
6.651465544311734845e+01 -1.356176588427233298e+01 8.715352355115356664e-01
6.650414936431116075e+01 -1.352136875781675940e+01 8.686711114005187806e-01
6.649557940559705571e+01 -1.347844800090524586e+01 8.667753545263325865e-01
6.648842966961007050e+01 -1.343587879999280688e+01 8.639374400944392907e-01
6.653067721100927656e+01 -1.339427421623179271e+01 8.587207179806093382e-01
6.649381798860966342e+01 -1.336471114929626580e+01 8.584214247222347050e-01
6.649564544784374220e+01 -1.331760385256154144e+01 8.547002777785172034e-01
6.649579256581276354e+01 -1.327158629423740166e+01 8.509661577190338333e-01
6.649199948853500075e+01 -1.322685086165521717e+01 8.481550456487833012e-01
6.648904705151289818e+01 -1.318157308059479860e+01 8.453505619601954235e-01
6.649255212522444936e+01 -1.313338777246638855e+01 8.416430488223832773e-01
6.648997624514120730e+01 -1.311088561875162029e+01 8.397101165548658264e-01
6.648873357767568848e+01 -1.306456444685864327e+01 8.359203894443488769e-01
6.661054323166132463e+01 -1.295617457278062901e+01 8.237360526987933529e-01
6.653779472252664107e+01 -1.294481240528899590e+01 8.259732643920839612e-01
6.656600929567147773e+01 -1.288325399571614227e+01 8.195531673015312712e-01
6.655016866250758767e+01 -1.284384776288705510e+01 8.175574880414225865e-01
6.654443579343451631e+01 -1.279796317445620346e+01 8.146415398305963951e-01
6.647790656646354535e+01 -1.280920990651161162e+01 8.179317716614198375e-01
6.646099353449699265e+01 -1.267385221436690657e+01 8.082792554048587874e-01
6.646507730997709018e+01 -1.262289420668661144e+01 8.044870537516265463e-01
6.646244331039025610e+01 -1.257628123115259555e+01 8.006426603099615624e-01
6.646652853741088052e+01 -1.252532729449952065e+01 7.968509006242082693e-01
6.648216994892453613e+01 -1.249233162293045041e+01 7.941077041125443881e-01
6.650114834853803814e+01 -1.243308562615401769e+01 7.884799765949386252e-01
6.649741387069775556e+01 -1.238477192936923998e+01 7.845365607869245750e-01
6.652702377101593356e+01 -1.231987490164470422e+01 7.790379681900573283e-01
6.653563118643465657e+01 -1.226486242090635059e+01 7.742379980762992275e-01
6.758413246139593866e+01 -1.505218286544445583e+01 8.481652028007973243e-01
6.736596960998627992e+01 -1.507538821270300389e+01 8.600372918894026997e-01
6.721996368313867265e+01 -1.509802395110013862e+01 8.692063810525676448e-01
6.711749711676569063e+01 -1.508657755546785140e+01 8.734821114220671090e-01
6.702731625692028672e+01 -1.507204290892857657e+01 8.770356321851952019e-01
6.694803389775276514e+01 -1.505411155495514919e+01 8.798105771568653921e-01
6.687407090374051677e+01 -1.503519920895939421e+01 8.817185781766018193e-01
6.680791202108522953e+01 -1.501363273149748601e+01 8.837776754373870558e-01
6.675013692014037758e+01 -1.499030794570317582e+01 8.850391595272812939e-01
6.671508621419977203e+01 -1.498016482013764161e+01 8.865301081347602974e-01
6.667130854556765485e+01 -1.495270435097846118e+01 8.860836890972607627e-01
6.664007983784128442e+01 -1.492072461886151657e+01 8.858706276656105327e-01
6.661501260447653294e+01 -1.488722386084975824e+01 8.847973273380159709e-01
6.659636351068616023e+01 -1.485076424085611535e+01 8.838189997180032620e-01
6.657858415911890404e+01 -1.481379742106203068e+01 8.818483448945277914e-01
6.657066316416769780e+01 -1.479589736255980270e+01 8.809163598880019874e-01
6.656152969865733837e+01 -1.475573941045493065e+01 8.791036120411046539e-01
6.654597426543891459e+01 -1.471853963058954662e+01 8.771960397149489719e-01
6.654048691363813361e+01 -1.467849804176272421e+01 8.745040754329619359e-01
6.652967411394050146e+01 -1.463943142063434522e+01 8.726788659289718142e-01
6.652140792223097776e+01 -1.459876950378302496e+01 8.698742531321037585e-01
6.651675727908275348e+01 -1.455818649378512930e+01 8.671891242217878437e-01
6.651693226647951462e+01 -1.453624279896113869e+01 8.663653143271070611e-01
6.651173069908156776e+01 -1.449480567638221729e+01 8.636303588014174748e-01
6.650569046487918001e+01 -1.445391401431339062e+01 8.608890775328690292e-01
6.649096706355618380e+01 -1.441617434770476081e+01 8.589886661703656223e-01
6.649360698194266206e+01 -1.437213484310249889e+01 8.554068754981060119e-01
6.649705482319234306e+01 -1.432751392436161630e+01 8.528305209084310334e-01
6.648710611166400497e+01 -1.428794900335487483e+01 8.500139788560120424e-01
6.648727952745825576e+01 -1.426600995565628160e+01 8.491905950621957411e-01
6.648462409909882354e+01 -1.422298570484738534e+01 8.454770122117201137e-01
6.647858082131423885e+01 -1.418210171540718534e+01 8.427366434426534214e-01
6.648147705968487742e+01 -1.413663273870946568e+01 8.401109712452796696e-01
6.647488243526214546e+01 -1.409489575105965820e+01 8.373208050129493651e-01
6.646828577634528301e+01 -1.405316089781026001e+01 8.345307147036873374e-01
6.646866440027358180e+01 -1.400932932038550760e+01 8.318861715784141575e-01
6.647700366435208252e+01 -1.398342997562754064e+01 8.291739890717304551e-01
6.646479091950874363e+01 -1.394406866333891593e+01 8.272943208645138213e-01
6.646464923637854838e+01 -1.389942407057199958e+01 8.236012729538173538e-01
6.645805256866282207e+01 -1.385769455057266519e+01 8.208119243066562820e-01
6.645955770705488419e+01 -1.381192701186032323e+01 8.181310353170545557e-01
6.645212008098208400e+01 -1.377074468234267357e+01 8.153354726921616669e-01
6.645113995905546744e+01 -1.372664947421652926e+01 8.116366151936953433e-01
6.645889718075095232e+01 -1.369986481386205135e+01 8.098738867745037817e-01
6.646379171275540898e+01 -1.365196657572065675e+01 8.062207976267887766e-01
6.645328434186821198e+01 -1.361156562957693339e+01 8.033562463530803388e-01
6.646040804192709572e+01 -1.356343914415234941e+01 7.997664709511642656e-01
6.645325800645512970e+01 -1.352086590942838740e+01 7.969282725611427365e-01
6.645340463469347014e+01 -1.347483867329055229e+01 7.931933472345610303e-01
6.644541431646474905e+01 -1.343281191453306356e+01 7.903489889320768347e-01
6.645963059611011658e+01 -1.340312394894125880e+01 7.876836819140127233e-01
6.645415838397772745e+01 -1.335946947101080440e+01 7.848589402768074708e-01
6.645039824661867556e+01 -1.331476633428389711e+01 7.810487676931496814e-01
6.644799321014987470e+01 -1.327034067205095980e+01 7.782939202037241211e-01
6.644981846379002377e+01 -1.322323702165796178e+01 7.745730210822829864e-01
6.644379519488802543e+01 -1.317873356789790051e+01 7.716990635885370153e-01
6.643919240384838076e+01 -1.313458207227942864e+01 7.678829722247439982e-01
6.644950290644470670e+01 -1.310622154139900530e+01 7.651423392649684407e-01
6.644263918753274822e+01 -1.306226608011934687e+01 7.622622746985299180e-01
6.645034177099458361e+01 -1.301136896231645323e+01 7.585879557212151791e-01
6.644909789437774350e+01 -1.296505122721443826e+01 7.547985005780999401e-01
6.644394429390996493e+01 -1.292005292576187081e+01 7.509332846899838820e-01
6.643313845926110162e+01 -1.287738368668991917e+01 7.489765621133909201e-01
6.644600183513966840e+01 -1.284743951926737893e+01 7.452574744625199976e-01
6.644249597711213084e+01 -1.280132150206159913e+01 7.424044519483862237e-01
6.643986141237050447e+01 -1.275470051145864936e+01 7.385594340217034315e-01
6.644365490750747938e+01 -1.270513629445026993e+01 7.348102501306702505e-01
6.644945074520246919e+01 -1.265312782357053933e+01 7.300321897471565569e-01
6.644849621021197095e+01 -1.260542728810095880e+01 7.262008247645198589e-01
6.644527830990062967e+01 -1.255792250460863180e+01 7.233053373058627722e-01
6.645252270620058255e+01 -1.253035265760260231e+01 7.204966082045337616e-01
6.645269677028764477e+01 -1.248071766497295343e+01 7.166289031158113998e-01
6.645765387280063408e+01 -1.242926345273026811e+01 7.118452704397806308e-01
6.645950832908999928e+01 -1.237854770489955314e+01 7.079910641616414813e-01
6.645716246262483651e+01 -1.233054823955196611e+01 7.041042220607195423e-01
6.646153767836773341e+01 -1.227820895847922777e+01 7.002701773364065074e-01
6.647492699225621493e+01 -1.222137724147343718e+01 6.945542421659057775e-01
6.647432006657336956e+01 -1.219641030291490225e+01 6.925927667962722412e-01
6.667329705852426969e+01 -1.203045534773431591e+01 6.707104182498910827e-01
6.651054758369070896e+01 -1.202352991797248905e+01 6.772318796833884935e-01
6.753806764017133446e+01 -1.512767972923462523e+01 7.754472914124868055e-01
6.729781501867691418e+01 -1.515538532845205211e+01 7.897816798682150141e-01
6.719616207905252736e+01 -1.514336294436386865e+01 7.950628809033076783e-01
6.707998637672412201e+01 -1.513465175027778287e+01 8.010028771599684294e-01
6.699826689010724579e+01 -1.513886890236709881e+01 8.055384938640196557e-01
6.690666311495095897e+01 -1.512398201532467468e+01 8.100339992238199116e-01
6.684134795937762874e+01 -1.510187449082019917e+01 8.120995761804792323e-01
6.678693270772579638e+01 -1.507637247066538499e+01 8.133867076278111785e-01
6.669251018179201651e+01 -1.506450678818676003e+01 8.179060433435770827e-01
6.668396539136229251e+01 -1.502523926270211518e+01 8.151440132748443146e-01
6.656900029900859295e+01 -1.499990512009833310e+01 8.204947850903200335e-01
6.654254428463316628e+01 -1.496608986103532146e+01 8.193647161812102064e-01
6.653228373142243868e+01 -1.492787231007897475e+01 8.175887049149123120e-01
6.651282717299631031e+01 -1.489199126769474191e+01 8.156049664360428553e-01
6.651459951838506868e+01 -1.484844100695052838e+01 8.130138091988946547e-01
6.650349787540308455e+01 -1.481077044083199823e+01 8.112316911704728906e-01
6.649494432302404334e+01 -1.477150335560397387e+01 8.084701707641035462e-01
6.649205392262692271e+01 -1.475033366236635501e+01 8.075765730055447511e-01
6.650085982132044649e+01 -1.470476242230589392e+01 8.031334421878365548e-01
6.648443111448929699e+01 -1.466806783934219460e+01 8.022182447678081196e-01
6.648371616011296226e+01 -1.462619738140725900e+01 7.986098175475265792e-01
6.647680524828774651e+01 -1.458580788225737379e+01 7.968604607754433689e-01
6.647554055553240460e+01 -1.454308340151123069e+01 7.932023083803776409e-01
6.647647159541222095e+01 -1.450008869295401226e+01 7.906059035665764512e-01
6.648758657702225605e+01 -1.447479940986579550e+01 7.880055163279934272e-01
6.648406187154272118e+01 -1.443227418679176388e+01 7.852836037723265328e-01
6.647718084623646462e+01 -1.439192819869069240e+01 7.825360556862763772e-01
6.647281624262626565e+01 -1.434995005708320903e+01 7.798079592199180787e-01
6.646928958284141231e+01 -1.430742887792080609e+01 7.770864372336254711e-01
6.647276765280966515e+01 -1.426284844634610138e+01 7.735115475315675893e-01
6.646278531340495022e+01 -1.422324658559987398e+01 7.716939250920943349e-01
6.646047395505271993e+01 -1.420297885465168974e+01 7.698525495592184464e-01
6.646730692491095738e+01 -1.415622585442148917e+01 7.663038039377535471e-01
6.646855743864237809e+01 -1.411188333717785426e+01 7.626665012756694839e-01
6.645802264691762673e+01 -1.407143029796342759e+01 7.607992945786490324e-01
6.646401817442205129e+01 -1.402522647282323121e+01 7.572447635145395095e-01
6.646303801309791481e+01 -1.398112229520540062e+01 7.535450231429420276e-01
6.644998545526502198e+01 -1.394230463607187076e+01 7.516588630686770189e-01
6.643508030709764967e+01 -1.392650869687384585e+01 7.505825219048738450e-01
6.642370406122715565e+01 -1.388660385054536661e+01 7.487094221089113377e-01
6.640506365440681691e+01 -1.385019529624503676e+01 7.467345971908329050e-01
6.642170927930172297e+01 -1.379836793339762124e+01 7.423097910802167743e-01
6.645772718752144215e+01 -1.373780335298932975e+01 7.351750877370162307e-01
6.644788611712205295e+01 -1.365218184058467621e+01 7.296234936300550755e-01
6.645144773378240188e+01 -1.362811733922358570e+01 7.278284903699179242e-01
6.644736604262212154e+01 -1.358476585630977240e+01 7.250595348303684462e-01
6.643685743463882432e+01 -1.354436652426358911e+01 7.221953039779844818e-01
6.644036210294319744e+01 -1.349616276532844594e+01 7.184862336032108443e-01
6.643799053994409576e+01 -1.345176667667503168e+01 7.147319995677072768e-01
6.642915960363461636e+01 -1.341028408223028734e+01 7.118811430187944600e-01
6.644001881748165772e+01 -1.338277061405051960e+01 7.091898750588135902e-01
6.643063752905335662e+01 -1.334043480955909899e+01 7.062893047214813258e-01
6.642907221769212356e+01 -1.329546357551462776e+01 7.035408725716739697e-01
6.643176846897979715e+01 -1.324785292248554391e+01 6.988275750201176084e-01
6.643527285665696525e+01 -1.319966297275923139e+01 6.951198614521250096e-01
6.643231655758543752e+01 -1.315438622640051669e+01 6.923154120863037608e-01
6.642209441124047942e+01 -1.311260133545020246e+01 6.894091320824987656e-01
6.643072534971820176e+01 -1.308532820912929040e+01 6.866555808402604599e-01
6.643678091261320162e+01 -1.303555372651971744e+01 6.819693232949818329e-01
6.643721621548887413e+01 -1.298814798135811799e+01 6.781928104325580797e-01
6.642699248782440691e+01 -1.294636950309989309e+01 6.752870837038941199e-01
6.642910626159465437e+01 -1.289788175452138574e+01 6.715239596391603394e-01
6.643205953420019227e+01 -1.284885342236562700e+01 6.677677932602863464e-01
6.642635566949559234e+01 -1.280300382952282234e+01 6.638529401111810113e-01
6.643359807796315408e+01 -1.277542728679743078e+01 6.610437105912565503e-01
6.642505273412886879e+01 -1.273257023114744868e+01 6.581517401463585770e-01
6.642070530015786289e+01 -1.268700021261527766e+01 6.552926341002959232e-01
6.643884023003599282e+01 -1.262828498023335655e+01 6.496574434880260096e-01
6.642722466887924782e+01 -1.258620678380078672e+01 6.466964318651112764e-01
6.642290953275372090e+01 -1.254068051527009153e+01 6.428391022283418410e-01
6.642056385838711208e+01 -1.249267244829420243e+01 6.389516375803460102e-01
6.643032736153168116e+01 -1.246347646097873607e+01 6.361627374738955121e-01
6.641732028067839622e+01 -1.242109191595407935e+01 6.331458383683246094e-01
6.642563464738762491e+01 -1.236747064328842605e+01 6.283887570682171742e-01
6.641514742091530366e+01 -1.232346113696165624e+01 6.253918160697453654e-01
6.640268928626676370e+01 -1.228193649114874297e+01 6.224252003130013033e-01
6.641720673021279708e+01 -1.222316423655907869e+01 6.166726166781818508e-01
6.641990006049512374e+01 -1.217191582245588677e+01 6.128257713306536347e-01
6.642155470308419751e+01 -1.214675742146275894e+01 6.099286444818059483e-01
6.643520237373280679e+01 -1.208849766108731316e+01 6.051688291029978517e-01
6.646965884986468609e+01 -1.201819133704386822e+01 5.976205771308497061e-01
6.650444033270323985e+01 -1.194652989573213731e+01 5.890306688958676373e-01
6.751551098402048012e+01 -1.509516693684716593e+01 6.893863237014461465e-01
6.729808996047511016e+01 -1.511771347145197275e+01 7.042609339714591687e-01
6.715282095524372608e+01 -1.511925917039050660e+01 7.126556021708643218e-01
6.705707002765821301e+01 -1.512757446517774440e+01 7.198979465540458200e-01
6.693414414289000547e+01 -1.512317685050397564e+01 7.267851595205536697e-01
6.683608485536709054e+01 -1.511120776536379751e+01 7.321845115874032750e-01
6.677831498579952552e+01 -1.508788588109569773e+01 7.334459777311046480e-01
6.691298361583106669e+01 -1.500123069254738084e+01 7.194870305067541105e-01
6.667699311291856645e+01 -1.503562399112871617e+01 7.362148790793918707e-01
6.659799961887053144e+01 -1.504040314380769772e+01 7.418610393066245035e-01
6.653766856248131489e+01 -1.501866604237403280e+01 7.441014517274708862e-01
6.651960129644194808e+01 -1.498309496293079235e+01 7.421740256622120224e-01
6.650233894753293384e+01 -1.494694128902563435e+01 7.412516545197707085e-01
6.647978290366934573e+01 -1.491180013129966575e+01 7.401973797445549064e-01
6.645693631158141557e+01 -1.487805946777877253e+01 7.391867892910987115e-01
6.647526013890644947e+01 -1.482878283238542849e+01 7.339083848192777815e-01
6.645781892405921099e+01 -1.481457921211080730e+01 7.338108376752606743e-01
6.646659089923794284e+01 -1.476896700307194976e+01 7.303662234529320063e-01
6.644935562266752527e+01 -1.473285240750275449e+01 7.284456385511383081e-01
6.645757918252203922e+01 -1.468638647792528040e+01 7.249511147898499708e-01
6.644340696168967497e+01 -1.464949598364490413e+01 7.231000501871552855e-01
6.644265922613708142e+01 -1.460758635951395767e+01 7.204904247458806532e-01
6.643577862817151924e+01 -1.456723391921879696e+01 7.177422249050575687e-01
6.644009549087661526e+01 -1.452209753884207721e+01 7.141727847626764270e-01
6.643862350205634471e+01 -1.450128011088042257e+01 7.123372965704997117e-01
6.643480803674947310e+01 -1.446015326685638058e+01 7.096588609058942509e-01
6.642792561012291230e+01 -1.441980506925779792e+01 7.069111230079945241e-01
6.644092398705157620e+01 -1.437152477343033929e+01 7.025014279573519316e-01
6.644046390011374115e+01 -1.432822433776979310e+01 6.998493512620204138e-01
6.641063060427525500e+01 -1.429658911680957090e+01 6.986946117881918106e-01
6.644020856914048068e+01 -1.426302352869434031e+01 6.953749638656162579e-01
6.640814510385266090e+01 -1.423162210239074810e+01 6.941575091035262490e-01
6.642927845755674809e+01 -1.417934535480413061e+01 6.888581138359120004e-01
6.641593684483650861e+01 -1.414192163552536385e+01 6.870148378065171757e-01
6.640204460076407145e+01 -1.410364248593659653e+01 6.851217536955276355e-01
6.640580973465770853e+01 -1.405766853589496179e+01 6.815038721286299506e-01
6.641264157555345093e+01 -1.401092088196694441e+01 6.779557131208726606e-01
6.640025420605265083e+01 -1.399349136709100350e+01 6.768987531181428485e-01
6.641186475238156106e+01 -1.394491944554154017e+01 6.724344520173295425e-01
6.640219787229563053e+01 -1.390396344693694530e+01 6.695754395894886191e-01
6.640034473684377758e+01 -1.386036850003231891e+01 6.668683580821466172e-01
6.639290587093401541e+01 -1.381918243764431509e+01 6.640727313947910604e-01
6.639444090079732064e+01 -1.377345307215811587e+01 6.603930284885592972e-01
6.638364395513590921e+01 -1.373444525015260531e+01 6.575716115329957034e-01
6.639311172656340432e+01 -1.370660952500552021e+01 6.548231314522341417e-01
6.640333226108491260e+01 -1.365774075511971830e+01 6.503035951723104002e-01
6.639534234994529527e+01 -1.361570573061993983e+01 6.474583954501003102e-01
6.638873990253144086e+01 -1.357398491175773003e+01 6.446699700844240599e-01
6.639056453805569902e+01 -1.352686603779819663e+01 6.409478098385483769e-01
6.638005380192642235e+01 -1.348646691463706659e+01 6.380837569709595369e-01
6.638074867438918147e+01 -1.344129491097916329e+01 6.343989130825453682e-01
6.638459883758976332e+01 -1.341583566776459158e+01 6.325609188724988785e-01
6.638868302347609074e+01 -1.336853105516641627e+01 6.279035601796653099e-01
6.636609321845482157e+01 -1.333341505705105234e+01 6.268529804273522688e-01
6.637298594172936816e+01 -1.328308383212025845e+01 6.221720295477558560e-01
6.637061121142706099e+01 -1.323869521959682416e+01 6.184185771084660388e-01
6.637020470294616814e+01 -1.319182285275606326e+01 6.146347551211689408e-01
6.637286698608116353e+01 -1.314417828615643558e+01 6.109206614512551203e-01
6.635792129397172801e+01 -1.312834875843614491e+01 6.108440403577346522e-01
6.637127362981632928e+01 -1.307511866422206026e+01 6.052608185250538675e-01
6.637170630976247310e+01 -1.302771056495271296e+01 6.014841305086716661e-01
6.635418228078781056e+01 -1.298938035529126012e+01 5.994748526971301894e-01
6.635125547004555813e+01 -1.294414827547537250e+01 5.956724822492851512e-01
6.636150779551302037e+01 -1.289166436502389601e+01 5.910194265218773335e-01
6.634569145330385709e+01 -1.285229103968688769e+01 5.880246695261267531e-01
6.636695246795349590e+01 -1.281691669237186204e+01 5.843711463785976612e-01
6.636095594621203020e+01 -1.277246604848402001e+01 5.804997307131757323e-01
6.635408787696758282e+01 -1.272852154353420318e+01 5.776209012604670567e-01
6.635313037795366142e+01 -1.268081633544422715e+01 5.737892013790625301e-01
6.634545397986261150e+01 -1.263745616798004257e+01 5.699052737202701113e-01
6.634701556203033590e+01 -1.258812656001341601e+01 5.660935285275419115e-01
6.635118874961803215e+01 -1.256132866695467243e+01 5.632152819747259231e-01
6.635275050370314887e+01 -1.251200289172831859e+01 5.594038088962959288e-01
6.633382987887891602e+01 -1.247337614279011930e+01 5.573395724949297136e-01
6.633035163111702559e+01 -1.242731051797562181e+01 5.534892826995720938e-01
6.632632302298355853e+01 -1.238039166712576034e+01 5.495890395164404474e-01
6.633970891628649724e+01 -1.232355277847696939e+01 5.438727183984495284e-01
6.631910553740647174e+01 -1.228601731055207225e+01 5.417959079316880810e-01
6.633678264175634354e+01 -1.225062279395099196e+01 5.370257090484349405e-01
6.633104249056947310e+01 -1.220475879083591053e+01 5.341119871989685741e-01
6.633883913007660738e+01 -1.215033035379010329e+01 5.283070672543466184e-01
6.633677988214765264e+01 -1.210094201432951344e+01 5.243778747078009506e-01
6.633220111534100738e+01 -1.205318272824472103e+01 5.204291307729194127e-01
6.633912695349600597e+01 -1.199926694811781580e+01 5.156171908373410329e-01
6.637161631864920253e+01 -1.190373312787918891e+01 5.050533400005770002e-01
6.796102018698941549e+01 -1.506751034486937613e+01 5.745343655421769613e-01
6.755650617213309772e+01 -1.514137462803878975e+01 6.073509832260960417e-01
6.745766900377590503e+01 -1.512632812547418837e+01 6.126083247698889123e-01
6.730034358127142013e+01 -1.512949180958940865e+01 6.236794105965847157e-01
6.713881692132336809e+01 -1.513537033669614118e+01 6.347179548023654805e-01
6.697782975163170249e+01 -1.514209385860777424e+01 6.458059044330701770e-01
6.688765544597913504e+01 -1.514798769668657386e+01 6.531363749462451018e-01
6.681979152227924601e+01 -1.512747740352050130e+01 6.561813597453018954e-01
6.680370255344892882e+01 -1.508942242034438408e+01 6.542231677540915058e-01
6.671092542938879433e+01 -1.507642977116092453e+01 6.597542233844305715e-01
6.660527164573149150e+01 -1.506931260325199773e+01 6.660938313841889835e-01
6.655307108787565085e+01 -1.504356486348064337e+01 6.674432572566768584e-01
6.650532222794927861e+01 -1.501734482418340377e+01 6.689183697875316081e-01
6.651380701740488632e+01 -1.497312593939913228e+01 6.655165569970558082e-01
6.648965638071568662e+01 -1.495958679938302538e+01 6.662290667851564763e-01
6.649985084910498756e+01 -1.491431725814186215e+01 6.618415495615342925e-01
6.645825620343869389e+01 -1.488657543268292294e+01 6.624563384765490559e-01
6.647880823547369289e+01 -1.483706369043146545e+01 6.572408934974524053e-01
6.644585832583260299e+01 -1.480612892073413178e+01 6.580135423242937653e-01
6.646473187696788898e+01 -1.475771163454314383e+01 6.527857832785148862e-01
6.644757777068394944e+01 -1.474210744039373822e+01 6.526445569833948523e-01
6.645860988120220725e+01 -1.469630151257669581e+01 6.482643373681603594e-01
6.643911226177505114e+01 -1.466038427984110726e+01 6.472796652112677851e-01
6.646440794566024124e+01 -1.460901798968726695e+01 6.421476848914272617e-01
6.643319365072278515e+01 -1.457706984594553212e+01 6.409359517529855665e-01
6.644841959755240168e+01 -1.452854809779470102e+01 6.365885939029729546e-01
6.643982884319279947e+01 -1.448924912762259254e+01 6.348266685687578015e-01
6.644703798892227553e+01 -1.446528184088745306e+01 6.321503268638855033e-01
6.643063444750318070e+01 -1.442862867173138142e+01 6.302370034514029884e-01
6.646435377932964172e+01 -1.437186959606470182e+01 6.241716183760879222e-01
6.642890627442206153e+01 -1.434260730961029928e+01 6.239269802724115577e-01
6.644190549309857374e+01 -1.429433012514898493e+01 6.195177899904931174e-01
6.642801684338192558e+01 -1.425604773431301808e+01 6.176242200852480879e-01
6.643149243236943846e+01 -1.421146873338932437e+01 6.140493648528533299e-01
6.642695219967789910e+01 -1.419143327667694265e+01 6.121451381214636500e-01
6.643378472112623001e+01 -1.414467957041104107e+01 6.085964105763124188e-01
6.641821574077968648e+01 -1.410748872010233512e+01 6.066903548688493686e-01
6.642424162759925821e+01 -1.406132024309059503e+01 6.021367374632429215e-01
6.642493905117264319e+01 -1.401612554202247907e+01 5.984497913244614109e-01
6.641020690704625906e+01 -1.397839347161395551e+01 5.965505828324995097e-01
6.640751474729103165e+01 -1.393533985773118289e+01 5.938367071130984387e-01
6.640855686615118714e+01 -1.391290087747707460e+01 5.920215997272380015e-01
6.641571089594526711e+01 -1.386479722812434900e+01 5.874318984107356201e-01
6.640097579914765902e+01 -1.382706940889191216e+01 5.855331158727415941e-01
6.642243276283278419e+01 -1.377345492999960541e+01 5.791931643812794350e-01
6.639255418251133278e+01 -1.374178755440932065e+01 5.790384646477997332e-01
6.641597857548511286e+01 -1.368569163676031408e+01 5.726685650127787408e-01
6.639478421158740673e+01 -1.365088104165488403e+01 5.716734856834776446e-01
6.640819209119730715e+01 -1.362176661679098899e+01 5.680023650995593698e-01
6.639206468555789797e+01 -1.358373298525802042e+01 5.660476901800077787e-01
6.641294142561646652e+01 -1.352923962371797018e+01 5.606579760384404754e-01
6.638870847169427236e+01 -1.349524523752574900e+01 5.585951257468021458e-01
6.640819583614826627e+01 -1.344044534364246601e+01 5.531493476182623992e-01
6.639067573896426211e+01 -1.340210529659519878e+01 5.511387447856630484e-01
6.640848621629595527e+01 -1.334839702748149470e+01 5.456803566248107362e-01
6.638317455261896782e+01 -1.333679644378643658e+01 5.464305244156673069e-01
6.640605466712855787e+01 -1.327986936074156787e+01 5.400127893849957506e-01
6.637364633838480188e+01 -1.324983985011939325e+01 5.398396204191135972e-01
6.639429720051644779e+01 -1.319314978735075883e+01 5.333593236125062642e-01
6.637900380296458991e+01 -1.315458472807429402e+01 5.314124967791977738e-01
6.638505707733595784e+01 -1.310480663532733558e+01 5.267257879261024733e-01
6.638638830486215170e+01 -1.308098626839765899e+01 5.248688771482945548e-01
6.639583274248784051e+01 -1.302907670524541928e+01 5.192099957006337529e-01
6.636597156278880050e+01 -1.299745809584842249e+01 5.180579773213767059e-01
6.638604132847174810e+01 -1.293989133347967169e+01 5.125278541484883377e-01
6.637106650895685789e+01 -1.289997348804832455e+01 5.095394916019813092e-01
6.637880000140174275e+01 -1.284912149215059785e+01 5.048670165316209157e-01
6.636211320765450239e+01 -1.281025425157690734e+01 5.028647597171436168e-01
6.639322583722247373e+01 -1.276984019589112762e+01 4.973356248015345926e-01
6.636083965551246422e+01 -1.273985624743073686e+01 4.961648094049702085e-01
6.638291452165562134e+01 -1.267985848259173487e+01 4.896067061752455984e-01
6.635724480826222305e+01 -1.264553278568627803e+01 4.884884051813620509e-01
6.637201962510083320e+01 -1.258899080869375808e+01 4.828271671550457000e-01
6.635058021427428798e+01 -1.255199070502943925e+01 4.807430718386571655e-01
6.636367476426680412e+01 -1.249654036909980803e+01 4.750693539320376413e-01
6.633554248733612724e+01 -1.248796518011100964e+01 4.758438705905445598e-01
6.637700207161606158e+01 -1.241557745425729919e+01 4.674403929648098810e-01
6.666397198574111371e+01 -1.220691821511721997e+01 4.317593236702905735e-01
6.663723765760360607e+01 -1.217093938625704297e+01 4.295439796918376629e-01
6.660119687330957561e+01 -1.214085419225471796e+01 4.292539403574715529e-01
6.660505763425817349e+01 -1.208770934298546429e+01 4.243721046577573208e-01
6.657127770671800704e+01 -1.205743156580338038e+01 4.231464074925914698e-01
6.654427173520970484e+01 -1.204692186691985079e+01 4.238846869550618734e-01
6.634852038847138544e+01 -1.206087232088967198e+01 4.371404958632001403e-01
6.634313405174557943e+01 -1.201369500674205959e+01 4.321864680308840079e-01
6.635542213862936478e+01 -1.195516851407428405e+01 4.263721324079072783e-01
6.636318885348873664e+01 -1.190071610080585884e+01 4.215672270360455443e-01
6.639657942108206612e+01 -1.182875282539953687e+01 4.129217435906917810e-01
6.710836500697774909e+01 -1.516841482287551024e+01 5.538875762187771556e-01
6.701447732633222643e+01 -1.515369313051910538e+01 5.603181289216749850e-01
6.695223088026266112e+01 -1.513081149445824281e+01 5.624531790791307273e-01
6.688134709987843962e+01 -1.513155440547890862e+01 5.682076452543739498e-01
6.670350502228602352e+01 -1.514538983958840390e+01 5.820255956390245622e-01
6.672544902783879195e+01 -1.509618159798374570e+01 5.768657047075194111e-01
6.660492466582361715e+01 -1.509370551141262418e+01 5.859056025846289817e-01
6.657063158699757821e+01 -1.506250138487948576e+01 5.856229670991792702e-01
6.654469299848638286e+01 -1.502950350201557583e+01 5.855415967324998361e-01
6.654004770990700024e+01 -1.498890755828407251e+01 5.828551892090217956e-01
6.651421906977846277e+01 -1.497646006066227642e+01 5.835548148569785765e-01
6.650873312343269106e+01 -1.493640999882869913e+01 5.808619737706720576e-01
6.651750773236364012e+01 -1.489079303593561221e+01 5.774169039848002782e-01
6.665241479963755467e+01 -1.475817509938350902e+01 5.577233569642694455e-01
6.678668439002908030e+01 -1.466717394309211642e+01 5.405845090604146641e-01
6.676664859186055878e+01 -1.463041200410639320e+01 5.395506042927364909e-01
6.677470115749383694e+01 -1.460589962737194192e+01 5.368806964444858831e-01
6.678686954168537682e+01 -1.455816243314151670e+01 5.324640894611907260e-01
6.676124857152572645e+01 -1.452381381919906289e+01 5.313418280998494225e-01
6.674511368888519769e+01 -1.448573102986340899e+01 5.303838225244681404e-01
6.672816977192968579e+01 -1.444823146754886523e+01 5.284207726613754375e-01
6.646258569581732445e+01 -1.446254496160180025e+01 5.484440822481364552e-01
6.648270436058577104e+01 -1.443274326701305910e+01 5.439607605708627336e-01
6.646459135183597766e+01 -1.439714286946896316e+01 5.430333490222247761e-01
6.647145728489351768e+01 -1.435041863853326305e+01 5.384851694793615362e-01
6.647884136953527445e+01 -1.430451470780938195e+01 5.349858242255092211e-01
6.646020851195444834e+01 -1.426809845839391322e+01 5.330099331151758602e-01
6.646145853484948418e+01 -1.422375160573186648e+01 5.293723287292184665e-01
6.646748444879622753e+01 -1.417757960673196038e+01 5.248182188561831829e-01
6.647327397948041039e+01 -1.415327063145116782e+01 5.230851494685411218e-01
6.646332279952977728e+01 -1.411370894549842170e+01 5.202690696696141703e-01
6.646318302058523386e+01 -1.406905667029194795e+01 5.165755495082322568e-01
6.645490736968066869e+01 -1.402841012413640698e+01 5.137726537434614826e-01
6.645305631417843983e+01 -1.398481133210510663e+01 5.110652530402943761e-01
6.645346504310427349e+01 -1.394102004534788364e+01 5.074220438993701787e-01
6.643905418234459148e+01 -1.390192876761287621e+01 5.044807824080239644e-01
6.645468927709740115e+01 -1.387257410990526552e+01 5.008719150393226016e-01
6.645115842918043825e+01 -1.383006948537966707e+01 4.981520274553346006e-01
6.643813460975810870e+01 -1.379129352765365013e+01 4.952675694726320632e-01
6.644218958116732665e+01 -1.374393399784196923e+01 4.916076276617415974e-01
6.644934298245175341e+01 -1.369584004164135926e+01 4.870185170342251624e-01
6.643573624710722925e+01 -1.365617382968665261e+01 4.850831758836513519e-01
6.643510030745609640e+01 -1.363482819112159916e+01 4.832557252789986268e-01
6.643918631733924940e+01 -1.358751398657264531e+01 4.785975796891737133e-01
6.643374658031066815e+01 -1.354388928948617377e+01 4.747734868904840422e-01
6.643780013067745926e+01 -1.349654176838724240e+01 4.711145571730281922e-01
6.644356447224731710e+01 -1.344814712263051426e+01 4.664699752410585987e-01
6.642743613092011401e+01 -1.341011914129291682e+01 4.645158451712407821e-01
6.642590304226835940e+01 -1.336518263291781139e+01 4.607684226560762042e-01
6.643453276803629137e+01 -1.333790225173837740e+01 4.580143148839461720e-01
6.642909113938048904e+01 -1.329428704149444584e+01 4.541911221197709736e-01
6.642309890731726796e+01 -1.324981822363393569e+01 4.503180728200784078e-01
6.642240520623766997e+01 -1.320434451658412911e+01 4.465777343970160906e-01
6.642116022038044321e+01 -1.315801790957403838e+01 4.427876639623240518e-01
6.641568534736866525e+01 -1.311437170748597580e+01 4.399638703560906361e-01
6.641783053601631082e+01 -1.306591384876659134e+01 4.352013650628321351e-01
6.642003428815463906e+01 -1.304158888748328771e+01 4.323523170403076321e-01
6.641710996031640946e+01 -1.299635537930269180e+01 4.285498525930806490e-01
6.641922329539377756e+01 -1.294786515912178970e+01 4.247866194303839826e-01
6.641574857959770384e+01 -1.290178016305231168e+01 4.209343868188994975e-01
6.640807441230447239e+01 -1.285841282497192495e+01 4.170497784001208075e-01
6.640795829595933242e+01 -1.281015931431515398e+01 4.132242038146192176e-01
6.640364260824259190e+01 -1.276462326972144368e+01 4.093660034591175556e-01
6.641482682295696804e+01 -1.273576892362038393e+01 4.056342227222269337e-01
6.641471006564430013e+01 -1.268752152471452987e+01 4.018089815162009248e-01
6.639750410525378754e+01 -1.264784306929475832e+01 3.987585646296465391e-01
6.640077928044762245e+01 -1.259746541098376937e+01 3.939611028325977760e-01
6.639814302514719202e+01 -1.255085244326355287e+01 3.901168755318977777e-01
6.695090286208811392e+01 -1.219669901351096186e+01 3.214548311822660320e-01
6.646678484385697061e+01 -1.241529867088913974e+01 3.731980408746942146e-01
6.642795935343050928e+01 -1.241230758926850974e+01 3.758416483902060623e-01
6.641243194063535782e+01 -1.237155259621034631e+01 3.728051907766796180e-01
6.641515687742628415e+01 -1.232033437699489120e+01 3.679592208254869323e-01
6.641788222486476911e+01 -1.226911858368662678e+01 3.631132379518615672e-01
6.638913850449455367e+01 -1.223557645806450722e+01 3.619263123935914095e-01
6.639018392756634057e+01 -1.218544928535822791e+01 3.570677447003622884e-01
6.641455728019693083e+01 -1.212164587183308662e+01 3.494401357307226341e-01
6.650474368359478206e+01 -1.204359412991975198e+01 3.363831759202691174e-01
6.655613262968762456e+01 -1.196259367774873006e+01 3.249716480200592894e-01
6.638115174041507771e+01 -1.196445318696373050e+01 3.364373822965336380e-01
6.638248702468089846e+01 -1.191294224747561614e+01 3.315364666761542178e-01
6.641982073168193779e+01 -1.183970148838578140e+01 3.219683680045157814e-01
6.644170853824336120e+01 -1.177389939354952020e+01 3.141863201250121307e-01
6.676519146131626314e+01 -1.520350083995505130e+01 5.041103965819004884e-01
6.669813112318117021e+01 -1.518240229622765725e+01 5.081604147733198573e-01
6.663416445057031012e+01 -1.516055825480584751e+01 5.112805656559333833e-01
6.658033821951789832e+01 -1.515637960985737998e+01 5.153960516407225523e-01
6.656001540975502451e+01 -1.512100414307594676e+01 5.144042133327453303e-01
6.652485106174124496e+01 -1.509030480806079133e+01 5.151136438653598493e-01
6.650901056517579946e+01 -1.505449813670602666e+01 5.132488735754188180e-01
6.649736216553650081e+01 -1.501596577689833900e+01 5.114160524210968894e-01
6.658776826074038979e+01 -1.490108046967801769e+01 4.949642236124374151e-01
6.679209279073400296e+01 -1.480988131817690601e+01 4.720639851357193439e-01
6.652728444101353489e+01 -1.485875225092289043e+01 4.974227139622793281e-01
6.649998317340912024e+01 -1.482548097530157349e+01 4.962863481854031811e-01
6.648271720219953806e+01 -1.478932871995019305e+01 4.953645112911402304e-01
6.646154416185989078e+01 -1.475450007962203891e+01 4.943669212924743928e-01
6.647202726274811369e+01 -1.470783771289752906e+01 4.899365491760920843e-01
6.645956582845464311e+01 -1.466989474470516086e+01 4.870995074048154461e-01
6.646984095464861753e+01 -1.464514548538932814e+01 4.844923084989969375e-01
6.647554821349910981e+01 -1.460031724592588986e+01 4.809790270942284618e-01
6.648774095445301668e+01 -1.455261128501125967e+01 4.755634592418058748e-01
6.668201951206155798e+01 -1.443651348645431653e+01 4.513993434452716613e-01
6.668550408826550324e+01 -1.439193262243679072e+01 4.478241102218154523e-01
6.644759570525340564e+01 -1.439565247421734284e+01 4.663361553085056954e-01
6.644441343631805807e+01 -1.437588831988009375e+01 4.654868107196690197e-01
6.644398430300117298e+01 -1.433262595071685830e+01 4.618358906450288348e-01
6.644523373543698597e+01 -1.428827638425856961e+01 4.581979242374452088e-01
6.644089903585647505e+01 -1.424633822028020802e+01 4.544714416382857891e-01
6.644047026580838633e+01 -1.420307998546412520e+01 4.508208114436889069e-01
6.643442354836275854e+01 -1.416219591635421260e+01 4.480804478452791173e-01
6.644498987481270547e+01 -1.413605966195574482e+01 4.454309396476923144e-01
6.643671456226115879e+01 -1.409541008734495904e+01 4.426278191439436682e-01
6.643712354165801059e+01 -1.405161385347605041e+01 4.389843087366114283e-01
6.643052643240797295e+01 -1.400987829190464495e+01 4.361942960333822228e-01
6.644161904260224105e+01 -1.396048818987105733e+01 4.306812490148184125e-01
6.642688598606864048e+01 -1.392275824309712817e+01 4.287822119645992025e-01
6.642506560961814444e+01 -1.387920064655401120e+01 4.250761985430162593e-01
6.642610835862312513e+01 -1.385676266251096145e+01 4.232613884951819117e-01
6.642596562782495084e+01 -1.381211998316216416e+01 4.195687383012738358e-01
6.642750209677089401e+01 -1.376639110730198468e+01 4.158892200530104333e-01
6.642177359967577388e+01 -1.372415903462760411e+01 4.121079703032510810e-01
6.642079105285905882e+01 -1.368006534854287892e+01 4.084093913152386790e-01
6.641673978287442992e+01 -1.363674931200684526e+01 4.046414148858263893e-01
6.641911495802233389e+01 -1.359048394512826263e+01 4.009691052535531153e-01
6.641876845899034265e+01 -1.356773962981323578e+01 3.990982430625764632e-01
6.641639585519882871e+01 -1.352334011904157052e+01 3.953437246114794856e-01
6.642048067810557654e+01 -1.347603116711808724e+01 3.906859811242899827e-01
6.640942114010269393e+01 -1.343477771563196654e+01 3.877721022456892541e-01
6.641266631809068599e+01 -1.338801624503123655e+01 3.831082580651876679e-01
6.640719233641691233e+01 -1.334436076107878932e+01 3.802836593387526332e-01
6.640736916624663877e+01 -1.329837753409529810e+01 3.755506913672168601e-01
6.641260920055236738e+01 -1.327323450789657144e+01 3.737693878220842425e-01
6.640971655821360287e+01 -1.322802953300982765e+01 3.689672600705589112e-01
6.640424195977104205e+01 -1.318438020193089066e+01 3.661432358034326651e-01
6.639795994104250099e+01 -1.314131308013038080e+01 3.623140609479178487e-01
6.639671326957875408e+01 -1.309498915818034703e+01 3.585241585365457340e-01
6.639546748724161773e+01 -1.304866663915649561e+01 3.547344580914220113e-01
6.639257463493503053e+01 -1.300347023847784200e+01 3.499330109362108754e-01
6.640543651776472700e+01 -1.297352193832874079e+01 3.462137760054981861e-01
6.639298158370510805e+01 -1.293197383718150562e+01 3.432449305135416573e-01
6.639903610744289608e+01 -1.288220662181686116e+01 3.385592765796816561e-01
6.639807919330588959e+01 -1.283449521058556186e+01 3.347269992780108616e-01
6.639208434168406825e+01 -1.279004364034543784e+01 3.308557213527023588e-01
6.639506889544087187e+01 -1.274105745419371694e+01 3.261011175730432754e-01
6.638261223700725111e+01 -1.269951732337509398e+01 3.231331192758311044e-01
6.638817558970330879e+01 -1.267302898720793358e+01 3.203110783784830495e-01
6.656198219234555324e+01 -1.253071976575528623e+01 2.945042976032774540e-01
6.646973532492631875e+01 -1.253164335176964883e+01 3.015847972753780137e-01
6.639971094670187313e+01 -1.252085271969173164e+01 3.049335150170409126e-01
6.637911044460989274e+01 -1.248331287949381974e+01 3.028561521344799168e-01
6.635091872192089113e+01 -1.245061943560360262e+01 3.017187002553154418e-01
6.638007043487320402e+01 -1.238497696045320140e+01 2.931736537066049753e-01
6.638731457493226173e+01 -1.235741205369994233e+01 2.903654044608408036e-01
6.639511022497289616e+01 -1.230297671367031143e+01 2.845599487130299199e-01
6.637471375513170813e+01 -1.221585621034601132e+01 2.776178237163005047e-01
6.635834195467379004e+01 -1.217565012679476411e+01 2.745754057501317291e-01
6.636361922294318560e+01 -1.212285097732426031e+01 2.687510675411597383e-01
6.637874653698220584e+01 -1.208905208462696201e+01 2.649604801384977115e-01
6.649676256614432646e+01 -1.196918729953436511e+01 2.452159086576404246e-01
6.636843630029413532e+01 -1.194369060375013980e+01 2.511437355364991575e-01
6.639985636346743547e+01 -1.187420570172538348e+01 2.425281025132848267e-01
6.644171520288712429e+01 -1.179689679183650597e+01 2.319510421354857854e-01
6.672023069121311778e+01 -1.519184759419801622e+01 4.341372312716877957e-01
6.665229695959087053e+01 -1.517125405544626560e+01 4.391793744065284333e-01
6.661247339030521175e+01 -1.516294262637283197e+01 4.415869988474498964e-01
6.658040971167632449e+01 -1.513150349418292073e+01 4.413671266467191767e-01
6.656399015252625873e+01 -1.509480373406739062e+01 4.404508920228733526e-01
6.653976183643698050e+01 -1.506075256843385368e+01 4.393836161717297184e-01
6.654824811235400261e+01 -1.501653246483563819e+01 4.359816852367466300e-01
6.670856998322835807e+01 -1.491976091526064607e+01 4.144569880358905944e-01
6.658548081896651638e+01 -1.491886569454136691e+01 4.244756843059416251e-01
6.655878191865129168e+01 -1.490692458328977210e+01 4.261678279009166737e-01
6.653538717406752312e+01 -1.487233061051799510e+01 4.251071134772852478e-01
6.652764121307424716e+01 -1.483247980407022659e+01 4.233505717600964946e-01
6.659259347969904752e+01 -1.472428137957630412e+01 4.093363956849673801e-01
6.652429079098871512e+01 -1.468459828219492458e+01 4.116437427961114892e-01
6.651825242897952251e+01 -1.464370066441694362e+01 4.089018158416015680e-01
6.652621983086268642e+01 -1.459867871532054195e+01 4.044526909250516500e-01
6.653447599199481033e+01 -1.455225879713046133e+01 3.999602789460652286e-01
6.651246139404000246e+01 -1.451797996673781199e+01 3.989568546101425195e-01
6.651455225652337333e+01 -1.447308038927276286e+01 3.953247106959858481e-01
6.669266901831781524e+01 -1.436143078955402430e+01 3.708085600465440557e-01
6.649625282242112689e+01 -1.437235032223170528e+01 3.879250206002127221e-01
6.649973093784485911e+01 -1.432776817993072882e+01 3.843498876253979013e-01
6.649146019199355351e+01 -1.428711333640116621e+01 3.815462348670040083e-01
6.648402764510277052e+01 -1.424591585745919708e+01 3.787491802763358617e-01
6.649005429651035115e+01 -1.419974324219340467e+01 3.741951899202036191e-01
6.648010367036232537e+01 -1.416018064751310845e+01 3.713789737535588831e-01
6.648760339794375795e+01 -1.413482182920566643e+01 3.686600091892149322e-01
6.649137090742544842e+01 -1.408884806327627004e+01 3.650422114440581289e-01
6.648703573889532947e+01 -1.404691806679088018e+01 3.613165048129904910e-01
6.647482204114157867e+01 -1.400755525104044708e+01 3.594366287176105068e-01
6.647300357738748744e+01 -1.396399532588457859e+01 3.557303489399723517e-01
6.647680124877493313e+01 -1.391806728669470949e+01 3.511145732334615133e-01
6.647275375983333845e+01 -1.387474296126416462e+01 3.473458038214702892e-01
6.647547607488021981e+01 -1.385121757494790629e+01 3.455438525263798688e-01
6.647197693829664900e+01 -1.380875221420193455e+01 3.418254307449395402e-01
6.646792862098324406e+01 -1.376543192648981417e+01 3.380570283615591531e-01
6.647285537569717917e+01 -1.371756841401778360e+01 3.334049488484867041e-01
6.646793447080543160e+01 -1.367475796480524863e+01 3.306291218014141275e-01
6.645994538885520342e+01 -1.363272424726863008e+01 3.277839990640993850e-01
6.646235327947226779e+01 -1.358649794376412601e+01 3.231129412606230655e-01
6.646846511569913218e+01 -1.356084205909007423e+01 3.203388016512493941e-01
6.645963545232476122e+01 -1.351935612838999567e+01 3.174876790568499363e-01
6.645981476808751154e+01 -1.347336613293281715e+01 3.127540540129880586e-01
6.645660309343145400e+01 -1.342951500830456091e+01 3.089934881658140675e-01
6.645507007625667484e+01 -1.338457860961030121e+01 3.052458334536887197e-01
6.645692807846413075e+01 -1.333750695346569692e+01 3.005258560530952305e-01
6.644670687165356071e+01 -1.329571641689262052e+01 2.976189121401184856e-01
6.644887803112560221e+01 -1.327134902105051495e+01 2.957681287042406293e-01
6.645157484685101679e+01 -1.322373926141055733e+01 2.910551820985143312e-01
6.644306438771133116e+01 -1.318090331319226038e+01 2.871627697140619606e-01
6.645305999418734189e+01 -1.312984468564866347e+01 2.815534217302053666e-01
6.644367575582870700e+01 -1.308751847930122381e+01 2.786536618306281188e-01
6.644020209559487000e+01 -1.304142802496240883e+01 2.748011343321159483e-01
6.643895800352844105e+01 -1.299510817013269914e+01 2.710115908177403998e-01
6.644116109839475826e+01 -1.297078573462650297e+01 2.681627379246187548e-01
6.643432856111178353e+01 -1.292687226397483080e+01 2.642843461339605682e-01
6.643253213265261081e+01 -1.287970319502856320e+01 2.604454169098635585e-01
6.644113972020646486e+01 -1.282834730004709911e+01 2.547808820371471050e-01
6.642784493823640446e+01 -1.278734814189612123e+01 2.518061047901285487e-01
6.642944030692241597e+01 -1.273805038032646308e+01 2.469950107757361568e-01
6.643109412235422440e+01 -1.271287820715965289e+01 2.440967314707460645e-01
6.646554217144851862e+01 -1.264621313328293084e+01 2.356829285771153693e-01
6.647951072774985448e+01 -1.259025341192974956e+01 2.290164598528854345e-01
6.646960777958160804e+01 -1.254712918367917496e+01 2.250700162049157349e-01
6.642594438448755056e+01 -1.252184094009249193e+01 2.267174445945234762e-01
6.632181263124968496e+01 -1.248211489880238290e+01 2.298814335670624764e-01
6.641555091530752009e+01 -1.235595690220240250e+01 2.111204498328804746e-01
6.641491654369104936e+01 -1.230690964337701487e+01 2.062481316031092859e-01
6.640920993267785377e+01 -1.226108244176493223e+01 2.023354819980642816e-01
6.640973663816289729e+01 -1.221013763401130348e+01 1.964279253693073102e-01
6.659768152044455292e+01 -1.200107808410465360e+01 1.625549322610231329e-01
6.642475712102148577e+01 -1.207635867905567650e+01 1.818585479197021293e-01
6.641342763598989052e+01 -1.203290321974322552e+01 1.788560320268564041e-01
6.641949169161803468e+01 -1.192774640667625619e+01 1.680814928064224834e-01
6.636489099692090576e+01 -1.190951415105316968e+01 1.696446412677521387e-01
6.648436993448453336e+01 -1.178637801229880822e+01 1.488228947175276318e-01
6.661249424766846516e+01 -1.520296704246431929e+01 3.810256569807610738e-01
6.656949288340042870e+01 -1.517488247622065956e+01 3.825826621480659107e-01
6.654749291112845810e+01 -1.514059641851809523e+01 3.815780004551627691e-01
6.653202366330663153e+01 -1.512390247718942504e+01 3.814492364047217254e-01
6.650047175869954685e+01 -1.509327893633012607e+01 3.822780503150051690e-01
6.656164367062446274e+01 -1.503105362613731089e+01 3.718823061880596192e-01
6.654831976685487405e+01 -1.499361328933481730e+01 3.700368156186024660e-01
6.648178807736535134e+01 -1.497335333871874319e+01 3.741361205364033271e-01
6.647152573436163436e+01 -1.493513296819220315e+01 3.723600625159226851e-01
6.653207015077143183e+01 -1.485155573410429319e+01 3.601358249691608560e-01
6.646872173226230984e+01 -1.478808955191227881e+01 3.607017627601283305e-01
6.651366902246493851e+01 -1.473025266541203848e+01 3.519526271778867788e-01
6.652892792267630284e+01 -1.468176322912061949e+01 3.466057921064342739e-01
6.646754033510296722e+01 -1.461950426947102955e+01 3.462801398994617141e-01
6.646774686768559093e+01 -1.459759601254530992e+01 3.444573451038732692e-01
6.645918829827314767e+01 -1.455833348791405335e+01 3.416964345581821050e-01
6.646182812988332955e+01 -1.451428672226006711e+01 3.381140638152670963e-01
6.648744654472862692e+01 -1.446156706823257565e+01 3.319404210486411877e-01
6.658626483703127974e+01 -1.438018268045233228e+01 3.160269694209694169e-01
6.647539302878800527e+01 -1.437982263050484733e+01 3.254593947894857120e-01
6.646712126624245798e+01 -1.433916618297784673e+01 3.226555282210135100e-01
6.646561637141921608e+01 -1.431831473471681804e+01 3.218192144478009276e-01
6.647167560991076130e+01 -1.427217563707226233e+01 3.162660200631295382e-01
6.647292476777737136e+01 -1.422782919960484627e+01 3.126282843164389647e-01
6.646297436881975784e+01 -1.418826518437363937e+01 3.098121402913771583e-01
6.646254445532744626e+01 -1.414501048917045267e+01 3.061617284563780128e-01
6.646156541719594202e+01 -1.410090095839152013e+01 3.024615800602297178e-01
6.646197465172799923e+01 -1.405710512666512635e+01 2.988180933405577555e-01
6.647031314847760086e+01 -1.403120457319331749e+01 2.961058993006127071e-01
6.645813127321980573e+01 -1.399187941331817342e+01 2.932271921272193715e-01
6.646583652785430729e+01 -1.394462856796271133e+01 2.886870978409936672e-01
6.645672103683301657e+01 -1.390452919695043121e+01 2.858782026766035766e-01
6.645657960499143257e+01 -1.385988500175341898e+01 2.821852975130052510e-01
6.645085195651972754e+01 -1.381765070490881442e+01 2.784038703995879160e-01
6.645632700668345194e+01 -1.377064072104936443e+01 2.738014504627692691e-01
6.644952446394520962e+01 -1.375080624512176897e+01 2.728337539250624832e-01
6.645755011060839479e+01 -1.370220547430421121e+01 2.672524117596544180e-01
6.645179026160211322e+01 -1.365993826762474761e+01 2.644701051468285602e-01
6.645419670544337976e+01 -1.361371146534900234e+01 2.597991008042597194e-01
6.644452795398183298e+01 -1.357276676713514973e+01 2.569411780758861230e-01
6.644299615962250982e+01 -1.352782339365762709e+01 2.531931756369629749e-01
6.643978489094985207e+01 -1.348396934568236105e+01 2.494322719132879840e-01
6.644844578112413558e+01 -1.345672380147373381e+01 2.456790841790412738e-01
6.644859242576750091e+01 -1.341069837431149026e+01 2.419444675768505082e-01
6.644709153846793015e+01 -1.336580012045283006e+01 2.371983685746006376e-01
6.644248940772928336e+01 -1.332164075894827349e+01 2.333815190084607138e-01
6.644431419270793526e+01 -1.327453458897137395e+01 2.296604482983803930e-01
6.643974385733807253e+01 -1.323041640533027063e+01 2.248452601216559543e-01
6.644023583347100725e+01 -1.320713701497513881e+01 2.229816534645243653e-01
6.644125330245070415e+01 -1.316061678190869699e+01 2.182558174178765853e-01
6.644507851142056154e+01 -1.311107045681250050e+01 2.135061446862094314e-01
6.643708399644842189e+01 -1.306905667586322650e+01 2.106630444170813909e-01
6.643923116249440852e+01 -1.302060015675009197e+01 2.059008931775070383e-01
6.643578815326699782e+01 -1.297455085220425630e+01 2.010496309401836879e-01
6.642866507939999110e+01 -1.293203611247727025e+01 1.972147367672896223e-01
6.644404686398942772e+01 -1.290046114258609222e+01 1.935151571411999338e-01
6.643805318375659397e+01 -1.285600785542649405e+01 1.896436124023710423e-01
6.643796946396162184e+01 -1.280779290546566429e+01 1.848192600360911708e-01
6.644434665487571579e+01 -1.275667222569173731e+01 1.790919377335307150e-01
6.641867984282762905e+01 -1.272234575847576465e+01 1.779734621732746991e-01
6.657904521776022477e+01 -1.258871230896319915e+01 1.520613267572605842e-01
6.645898690484165172e+01 -1.260375034828127028e+01 1.627842686946896489e-01
6.640524064884969846e+01 -1.260902033596667238e+01 1.682629483874999998e-01
6.637725476408829195e+01 -1.252672413523878348e+01 1.622585118866572973e-01
6.639122339324380562e+01 -1.247076987509150570e+01 1.555927326972030844e-01
6.637401454827153202e+01 -1.243109755979774533e+01 1.525429358710059802e-01
6.640878896133206410e+01 -1.236309375352704620e+01 1.430885079222843359e-01
6.636599104052884002e+01 -1.233730049119041361e+01 1.437441517820152725e-01
6.638169906976969514e+01 -1.230438660382268701e+01 1.390041748563590751e-01
6.637938377275845880e+01 -1.225642638331402168e+01 1.341188206182695186e-01
6.638633998902426470e+01 -1.220253885592054743e+01 1.283071643639319692e-01
6.637672212352819656e+01 -1.215803045552279116e+01 1.243186802727225260e-01
6.634290189903721568e+01 -1.212770700847544347e+01 1.240914713246168422e-01
6.636223439272598057e+01 -1.206716239441465888e+01 1.164249660623162264e-01
6.640545277651160916e+01 -1.196608127805662036e+01 1.029931701638877595e-01
6.634522882559124923e+01 -1.195020947700882630e+01 1.054656483935321187e-01
6.712913381482249520e+01 -1.513576949021650364e+01 2.389336870493834475e-01
6.699124217498166445e+01 -1.513590222323583134e+01 2.515174202421441851e-01
6.690771267301707326e+01 -1.514105295229553150e+01 2.600350984261117215e-01
6.678684367429150370e+01 -1.513621982963948120e+01 2.719783276489948776e-01
6.671894208023765316e+01 -1.511566444486854977e+01 2.760217883748354861e-01
6.666723224788808011e+01 -1.509070093713785710e+01 2.794189632724162209e-01
6.662197065352297898e+01 -1.506281350655231144e+01 2.819121794375785139e-01
6.660558399350031777e+01 -1.502615310227252365e+01 2.799974525271509140e-01
6.663707571944601682e+01 -1.497328639326372368e+01 2.730047022325177153e-01
6.687036539305361771e+01 -1.487341716907932287e+01 2.426995903030602086e-01
6.656875598722352549e+01 -1.493357112125238473e+01 2.763106135410524633e-01
6.656104378167422908e+01 -1.489375745561535780e+01 2.735551640547482233e-01
6.655123132008456821e+01 -1.481175719307666938e+01 2.671344489123901322e-01
6.662393040017263957e+01 -1.474340735543290215e+01 2.548765181313539241e-01
6.652931666195536309e+01 -1.473501788610206731e+01 2.635270330087180479e-01
6.655103004629941665e+01 -1.468360903019313213e+01 2.572764945984515883e-01
6.653610368649799511e+01 -1.466777256571482368e+01 2.571982025723280607e-01
6.655701101026748745e+01 -1.461694984388070218e+01 2.499428275988417880e-01
6.655797525755855304e+01 -1.457399319172068886e+01 2.463474727944858778e-01
6.653454070841684143e+01 -1.453936501644706780e+01 2.462865384283212666e-01
6.651591363327501938e+01 -1.450294541286236338e+01 2.443101085202901146e-01
6.647959902840729285e+01 -1.447419092618098446e+01 2.450575479511638566e-01
6.654567788379412718e+01 -1.442703931334999012e+01 2.353910240755388017e-01
6.654218578262118911e+01 -1.438455476155437474e+01 2.316706602292297745e-01
6.656602531209858853e+01 -1.428831259610892346e+01 2.207916704480581416e-01
6.655604505923096781e+01 -1.424871224177652351e+01 2.189739942371087267e-01
6.655339064371916891e+01 -1.420568959039245627e+01 2.152607442561493833e-01
6.655803021876795356e+01 -1.415920872195705726e+01 2.106503400290418160e-01
6.655039245768514888e+01 -1.413991445295920357e+01 2.096755709157185343e-01
6.655813149104422166e+01 -1.409269722185370632e+01 2.041361954523863709e-01
6.656106080238293998e+01 -1.404727143601830619e+01 2.005122435530097835e-01
6.654804189652462298e+01 -1.400849253474507350e+01 1.976272344713141393e-01
6.655045399744869883e+01 -1.396225149243826991e+01 1.929546724007673575e-01
6.654863669820802841e+01 -1.391869518589929555e+01 1.892488079419905045e-01
6.653558437222974931e+01 -1.387988145546905550e+01 1.873630449633765238e-01
6.653833902004299716e+01 -1.385639452931311055e+01 1.845623099655930854e-01
6.655111355325077227e+01 -1.380592608493352991e+01 1.790629038835729325e-01
6.654144926117346870e+01 -1.376497773027784710e+01 1.762046267216772488e-01
6.653349474745161274e+01 -1.372298065153954205e+01 1.723603644757512043e-01
6.654232997920338732e+01 -1.367380108508229952e+01 1.677844933032806019e-01
6.652791748195168964e+01 -1.363471969633234337e+01 1.648441555341086939e-01
6.653452401512811321e+01 -1.358577624142378326e+01 1.602055862179843082e-01
6.653979742135743436e+01 -1.356066440814043617e+01 1.574248953587398248e-01
6.652790183663819334e+01 -1.351995520130247996e+01 1.545043109331334374e-01
6.653031061719946138e+01 -1.347373564540574620e+01 1.498338991094114725e-01
6.652994134653818037e+01 -1.342689344135127172e+01 1.450505364257979046e-01
6.651943344099429112e+01 -1.338650055987858423e+01 1.421868147279854444e-01
6.652297122469323654e+01 -1.333834362118846784e+01 1.374797844513961920e-01
6.652399065374811471e+01 -1.329181935106931078e+01 1.327533792462169959e-01
6.652703501535590647e+01 -1.326694664864467299e+01 1.299104531011725516e-01
6.653225193583276109e+01 -1.321770875758913633e+01 1.252169928618189765e-01
6.651980260065445805e+01 -1.317615523281278200e+01 1.222475231618618263e-01
6.652166099104650243e+01 -1.312909487381773133e+01 1.175283502603330366e-01
6.651147238551352814e+01 -1.308735034863205016e+01 1.136235181296583185e-01
6.650799981729745980e+01 -1.304126161254413141e+01 1.097708531848256008e-01
6.651744764710485924e+01 -1.298935561449978593e+01 1.041120988946657722e-01
6.651658331786040890e+01 -1.296580753569584488e+01 1.011937640647717629e-01
6.652124984816802566e+01 -1.291572884154199130e+01 9.645154274761091884e-02
6.651613001175553563e+01 -1.287077125772875519e+01 9.158779545932782540e-02
6.651349658458772751e+01 -1.282414849765221376e+01 8.774256728788598636e-02
6.650666525616796321e+01 -1.278024227728645101e+01 8.386485108655739040e-02
6.650742260945111184e+01 -1.273148922058908283e+01 7.904724431474186019e-02
6.651330796262256229e+01 -1.270364102427956610e+01 7.518290979564135057e-02
6.651745789019736321e+01 -1.265275694110773408e+01 6.939319306683344735e-02
6.649909300209979790e+01 -1.261498476438089078e+01 6.737853865772613915e-02
6.675175560550432863e+01 -1.242870532922074744e+01 2.643084012619723033e-02
6.651159003513357959e+01 -1.251051494535670727e+01 5.583261904961678290e-02
6.643167980422119001e+01 -1.250472789924720018e+01 6.205576049923267057e-02
6.644339291617114895e+01 -1.242492685662313789e+01 5.241618268590797491e-02
6.644838147918797233e+01 -1.237351329443185932e+01 4.663418030923893731e-02
6.642215907510288275e+01 -1.233834138673118375e+01 4.546671686413294999e-02
6.641082998722475850e+01 -1.229487586811409727e+01 4.246346938580169983e-02
6.642176209189409519e+01 -1.223974641298083732e+01 3.473031611040000577e-02
6.646387304616925462e+01 -1.216465949449414197e+01 2.424423258279162496e-02
6.640924758414065820e+01 -1.214639001353556580e+01 2.680574044038719350e-02
6.642527974740595198e+01 -1.211212319365805001e+01 2.102416296527898076e-02
6.642070185336027066e+01 -1.206436528023293242e+01 1.707526122749425390e-02
6.641363620740185070e+01 -1.201827399151195941e+01 1.210821070079948214e-02
6.794785578713823782e+01 -1.480516594648912232e+01 4.053653002554713503e-02
6.792537323973175489e+01 -1.476641838399891071e+01 3.934755411238999301e-02
6.706918871583728503e+01 -1.499306695932586564e+01 1.454968026547371895e-01
6.684487136401689611e+01 -1.500128166307555411e+01 1.686188765771987619e-01
6.685930023098794095e+01 -1.495333170128476397e+01 1.632647502431876507e-01
6.686505161933742158e+01 -1.490853914234645750e+01 1.587520046359820469e-01
6.667463042149041996e+01 -1.492881189412013399e+01 1.804187168322204382e-01
6.651672479205851118e+01 -1.494041939627252980e+01 1.967975816439297976e-01
6.650654446878228043e+01 -1.492271254767714339e+01 1.968011488799712438e-01
6.648537478406825585e+01 -1.488788207293487176e+01 1.958033581237805798e-01
6.649195374439946704e+01 -1.484253725193668672e+01 1.912967363435122969e-01
6.649530213182619320e+01 -1.475695361306602749e+01 1.831623016323695730e-01
6.648842400035964317e+01 -1.471659793543056693e+01 1.804136990677733809e-01
6.649722840874517260e+01 -1.467102790961144265e+01 1.759708054540105593e-01
6.649182098739390767e+01 -1.465149298933405220e+01 1.750581357162346308e-01
6.648326390444286460e+01 -1.461222924588885519e+01 1.722971070260357340e-01
6.649155093131395233e+01 -1.456584547553964448e+01 1.668057751403106970e-01
6.647049598518762537e+01 -1.448860809453074872e+01 1.622071326950940140e-01
6.647400640461535204e+01 -1.444405724501507393e+01 1.576328204580026426e-01
6.664044314071267650e+01 -1.433642021732500105e+01 1.318910381495874695e-01
6.660166122239162689e+01 -1.432976669184602514e+01 1.353970566686810706e-01
6.658303239877761825e+01 -1.429335324046912348e+01 1.334214033498792862e-01
6.657253540141596204e+01 -1.425293480228132736e+01 1.305549040726117216e-01
6.657601508430751380e+01 -1.420835869535921958e+01 1.269804116131014737e-01
6.658207685471705872e+01 -1.416222715027316603e+01 1.214277084535844153e-01
6.655950588347424457e+01 -1.412709987083615459e+01 1.203753941636707125e-01
6.655459126581013152e+01 -1.408427617780362162e+01 1.175983067266463955e-01
6.657080719571793281e+01 -1.405581027476978662e+01 1.130401977081354481e-01
6.660521037015222134e+01 -1.399639246868293796e+01 1.038936237967973408e-01
6.657279209487933258e+01 -1.396632237770735330e+01 1.047180899718025415e-01
6.657998196857778339e+01 -1.391825737786549766e+01 9.912936758498958056e-02
6.656554090786190159e+01 -1.387913278033932230e+01 9.718703676560935811e-02
6.730062890456258629e+01 -1.210042102078536175e+01 -1.515162638321267963e-01
6.644431070416202090e+01 -1.251399830373392419e+01 -2.830022506515827985e-02
6.640290742846153194e+01 -1.248851631623514891e+01 -2.758840354893510316e-02
6.637416543292438575e+01 -1.245496800412610483e+01 -2.877586905803752870e-02
6.636591094131345869e+01 -1.238668274802802927e+01 -3.561950158230975383e-02
6.638188123045055988e+01 -1.232829206105919972e+01 -4.331369967144982347e-02
6.637281379231814071e+01 -1.228463342754340992e+01 -4.725271914111739413e-02
6.636655570087025069e+01 -1.223795123594986300e+01 -5.121530670801166529e-02
6.636423909326212822e+01 -1.218999429456980366e+01 -5.610021927241515272e-02
6.635209971582388278e+01 -1.214711358622942328e+01 -6.010837142700831137e-02
6.636923407302552391e+01 -1.208683541104323567e+01 -6.883684745274631922e-02
6.660743718232700417e+01 -1.493647673003899712e+01 1.304851581571311314e-01
6.653354920525553950e+01 -1.491960714979867575e+01 1.374796097319528343e-01
6.651610931346307609e+01 -1.490540383179664730e+01 1.373818782237603564e-01
6.652110451095933286e+01 -1.481869010018229815e+01 1.302586711066584524e-01
6.651900374464855759e+01 -1.477650269899561586e+01 1.265933580752847121e-01
6.650750791572237119e+01 -1.469559631407644673e+01 1.201603874978085518e-01
6.651261603231270669e+01 -1.462944121486689220e+01 1.138189471927779639e-01
6.650796343211828798e+01 -1.458885690181272921e+01 1.111338243680493054e-01
6.674228851525207062e+01 -1.445722078970256419e+01 7.465576657060291055e-02
6.651750414305300296e+01 -1.449811779798092459e+01 1.020038451510820732e-01
6.651456007834805462e+01 -1.445648636808276422e+01 9.833323625280465663e-02
6.729659439149236277e+01 -1.306267612667382849e+01 -1.153567571692586391e-01
6.723350277061018687e+01 -1.294607922976311620e+01 -1.207849610723519262e-01
6.720871836394498189e+01 -1.288349199759579378e+01 -1.249449014403039016e-01
6.716818806657494179e+01 -1.285379997841978650e+01 -1.233640675945923970e-01
6.716027504206617493e+01 -1.280819592342406033e+01 -1.273413417555440130e-01
6.713353177199439870e+01 -1.277217809764661638e+01 -1.285589573229481974e-01
6.710846651771930738e+01 -1.273507398787428002e+01 -1.297636019150159026e-01
6.709493035989120813e+01 -1.269183948633224546e+01 -1.328308348063447220e-01
6.707803437605068098e+01 -1.265077869258993815e+01 -1.359240884631025548e-01
6.704119617296156264e+01 -1.264531966202904911e+01 -1.333099855801729294e-01
6.704002768545007029e+01 -1.259541450437167498e+01 -1.382331054269891890e-01
6.703042879044915026e+01 -1.255090394181197233e+01 -1.422227306886298948e-01
6.698481369503218730e+01 -1.252442999678962288e+01 -1.396818746104604436e-01
6.696284222779094364e+01 -1.248659127061208629e+01 -1.418152485216161995e-01
6.692878759703661729e+01 -1.245402565379892756e+01 -1.421357856295684119e-01
6.691104438348691019e+01 -1.241351107157543510e+01 -1.452350757199525333e-01
6.690453163242008827e+01 -1.239230519067915282e+01 -1.462438121464821883e-01
6.686149170561398591e+01 -1.236427558874040500e+01 -1.456809212690877153e-01
6.684542549208487117e+01 -1.232267668620795220e+01 -1.487668397063894865e-01
6.669939395238114344e+01 -1.235288067804610712e+01 -1.312987207990425897e-01
6.644616391655175391e+01 -1.244402064156623311e+01 -9.695905405996274595e-02
6.641994237703602266e+01 -1.240884653482924449e+01 -9.812669338824764331e-02
6.640751535126283045e+01 -1.236735664144019609e+01 -1.020921554296687628e-01
6.641760116262054225e+01 -1.233680484378258768e+01 -1.059228256003890145e-01
6.640798377055898527e+01 -1.229229184472611180e+01 -1.099118290904192996e-01
6.640990119954047088e+01 -1.224165747697254503e+01 -1.157628893878366316e-01
6.642112317985450431e+01 -1.218513359253904582e+01 -1.235391577073647884e-01
6.645231374998766682e+01 -1.211710438425240710e+01 -1.341103408246089312e-01
6.664054047816418347e+01 -1.195646499827691400e+01 -1.691536057610183441e-01
6.661380078236163627e+01 -1.192049195748750634e+01 -1.713683040645290756e-01
6.658899221382675648e+01 -1.190971466356965891e+01 -1.695681219406441897e-01
6.657546779953801774e+01 -1.186653604472130041e+01 -1.736316280555456615e-01
6.655770931232221699e+01 -1.182603301185347000e+01 -1.767292970124227924e-01
6.652925288509216273e+01 -1.179110841956294209e+01 -1.779580067378043751e-01
6.651149219316974381e+01 -1.175060725504318881e+01 -1.810554364498933033e-01
6.646613355437730775e+01 -1.172641376604345353e+01 -1.794194199237348908e-01
6.736294854900788209e+01 -1.518758200985735840e+01 -2.290744841138825372e-02
6.734800495304746448e+01 -1.514759763395127834e+01 -2.490225862877526453e-02
6.733645144895250212e+01 -1.512959375044478350e+01 -2.495446419436975205e-02
6.733634539311520939e+01 -1.508492872257606621e+01 -2.865072666804224788e-02
6.731407505692121163e+01 -1.504837591186820589e+01 -2.874880081690367462e-02
6.729351448672530012e+01 -1.501076901867830671e+01 -2.983294688498761005e-02
6.730518070857344526e+01 -1.496220822629514657e+01 -3.529943054854300932e-02
6.725574265350066128e+01 -1.493337563005595570e+01 -3.197542640413164605e-02
6.725617914733076930e+01 -1.488957110749284674e+01 -3.562099211450875380e-02
6.725249420741680240e+01 -1.486899324008101608e+01 -3.751937273191363609e-02
6.722799106335708075e+01 -1.483267362862981642e+01 -3.768003155956178851e-02
6.721613368522750420e+01 -1.479194983080859771e+01 -4.060364212546585527e-02
6.721908553283407173e+01 -1.474651325460899365e+01 -4.422954816431534653e-02
6.700591975605536277e+01 -1.477400140648502003e+01 -1.801629509907143323e-02
6.651460673132287127e+01 -1.489826113623701431e+01 4.795356967765829204e-02
6.650605364101787131e+01 -1.485899121905238829e+01 4.519195543557907868e-02
6.649813031208752534e+01 -1.484108926113904481e+01 4.425976239399331824e-02
6.648647757293842631e+01 -1.480256074969922153e+01 4.242754563589978822e-02
6.651577335709873751e+01 -1.474997818739117506e+01 3.437417236982209801e-02
6.650889615444442882e+01 -1.470962219509670987e+01 3.162570708787426632e-02
6.650985946056592013e+01 -1.466666049919628279e+01 2.803012816567762577e-02
6.650524065934767748e+01 -1.462611161394028869e+01 2.434591382879536248e-02
6.649613320402622207e+01 -1.458599284690021136e+01 2.153498168522416378e-02
6.650950802726065092e+01 -1.456050581808119837e+01 1.799852650645017427e-02
6.686592722547824508e+01 -1.438366285509481202e+01 -3.828349021113774953e-02
6.701981096011552097e+01 -1.428053694078343483e+01 -6.425913334128319221e-02
6.699025239507503215e+01 -1.424748345493127033e+01 -6.445756461225427003e-02
6.700390850995317749e+01 -1.419649797342190034e+01 -7.095060615402548621e-02
6.697518619067362522e+01 -1.416290055367367273e+01 -7.114255223112153637e-02
6.696529445718172724e+01 -1.414380793728910213e+01 -7.118121213129624536e-02
6.695958443304905927e+01 -1.410157648299068356e+01 -7.496315425818123046e-02
6.693337576948155743e+01 -1.406634611326481910e+01 -7.513552994994054934e-02
6.692879342076760452e+01 -1.402217162464622646e+01 -7.895423111958588258e-02
6.690877969107918943e+01 -1.398546402767424368e+01 -8.098520893723981651e-02
6.688957366880441668e+01 -1.394817289683594552e+01 -8.201083904356942789e-02
6.687291459945822680e+01 -1.390928879335996271e+01 -8.401583175740579001e-02
6.685659571233642851e+01 -1.389314973696240330e+01 -8.414954146340303254e-02
6.685116904771649615e+01 -1.384952427095330663e+01 -8.797419632353653540e-02
6.682327344491966414e+01 -1.381538214885179627e+01 -8.815915907765536907e-02
6.681051749174312704e+01 -1.377517888650682742e+01 -9.008787781880833734e-02
6.679301499095338102e+01 -1.373683985931232421e+01 -9.209894721095257530e-02
6.678028949753240795e+01 -1.369667566815523330e+01 -9.502624798234360348e-02
6.677008044990567726e+01 -1.365488114161254174e+01 -9.793402652852734036e-02
6.675207762057557659e+01 -1.363982971333226146e+01 -9.808048898038412844e-02
6.675533214823120431e+01 -1.359306516930326580e+01 -1.027448652854101585e-01
6.672826778590274444e+01 -1.355838013362385652e+01 -1.029227492146533862e-01
6.670346218361495971e+01 -1.352350099007587048e+01 -1.040364172728558412e-01
6.668989154509860384e+01 -1.348388451456511383e+01 -1.069697487196301644e-01
6.667489976760131754e+01 -1.344391860211726453e+01 -1.089606321075164974e-01
6.665180161647840862e+01 -1.340799063261960811e+01 -1.110598869118233356e-01
6.664977831435952282e+01 -1.338633985615799205e+01 -1.129431635482445184e-01
6.664434198278813426e+01 -1.334272765026220142e+01 -1.167664278664164446e-01
6.662543860448198529e+01 -1.330408355491697314e+01 -1.188329217417287698e-01
6.658431804744148508e+01 -1.327716383109673615e+01 -1.171668334432653946e-01
6.659602727022418378e+01 -1.322505362664799833e+01 -1.237622714394337464e-01
6.655015500374686610e+01 -1.319999534384656315e+01 -1.221786885130105027e-01
6.654300400820079631e+01 -1.315743662827403071e+01 -1.250154651020822794e-01
6.652977168192703061e+01 -1.314056047076028655e+01 -1.260778749415063515e-01
6.649678165299985722e+01 -1.310964262065896335e+01 -1.253019336183121002e-01
6.647196067905764494e+01 -1.307476596685997272e+01 -1.264146897310678419e-01
6.645136961252160290e+01 -1.303721072168715445e+01 -1.284935330073293525e-01
6.644201756002826187e+01 -1.299492452856393854e+01 -1.323916636305582095e-01
6.642449303708767161e+01 -1.295659710059127434e+01 -1.344008505673470744e-01
6.641258807720878110e+01 -1.291590517853292752e+01 -1.373195223739880344e-01
6.641004264716411853e+01 -1.289344386157273092e+01 -1.402509094974668802e-01
6.639674688433886729e+01 -1.285244137726652269e+01 -1.432258461787259129e-01
6.636684874533655432e+01 -1.282078770366675258e+01 -1.433785031076795224e-01
